#----------------------------------------------------------------------------------------------------------------------------------------------------------
# Output file for vampire simulation
#   time       : 2024-08-29 05:00:48     process id : 4009243
#   hostname   : node120.viking2.yor.alces.network
#   path       : /users/ky883/parameter/WS_dia5/AI_Dataset/size_10.0_10.0_10.0/Temp_900/random_1
#----------------------------------------------------------------------------------------------------------------------------------------------------------
6e-11	0	-0.00604948	0.00520539	0.999968	0.999895	0.999866	0	0	0	0	
1.2e-10	2	0.00219546	0.000231103	0.999998	0.998965	0.99898	0.0460334	0.0597351	3.94082e-06	3.72997e-06	
1.8e-10	4	0.00141436	0.00349733	0.999993	0.997954	0.99797	0.0336741	0.0804008	7.72962e-06	7.5695e-06	
2.4e-10	6	-0.00124156	-0.00134009	0.999998	0.996961	0.996947	0.0503919	0.0439302	9.50799e-06	9.86095e-06	
3e-10	8	6.01322e-05	-0.00286609	0.999996	0.995924	0.995922	0.043912	0.0327429	1.80985e-05	1.73364e-05	
3.6e-10	10	0.00245645	0.00136498	0.999996	0.994995	0.994911	0.0463801	0.0923011	1.70274e-05	1.56739e-05	
4.2e-10	12	-0.000350861	1.21916e-06	1	0.993991	0.993872	0.0514005	0.0512211	2.82806e-05	2.73297e-05	
4.8e-10	14	0.00432345	-0.0014456	0.99999	0.992845	0.99288	0.0392356	0.0342127	2.01851e-05	2.10725e-05	
5.4e-10	16	-0.00189675	4.93924e-05	0.999998	0.991973	0.991798	0.0409143	0.0550363	3.63426e-05	3.87647e-05	
6e-10	18	0.00423458	0.0034641	0.999985	0.990706	0.990774	0.0296766	0.0678735	4.15748e-05	3.87e-05	
6.6e-10	20	0.0105275	0.00478391	0.999933	0.989884	0.989782	0.0624363	0.0701172	1.90739e-05	1.87549e-05	
7.2e-10	22	-0.000138925	-0.00571867	0.999984	0.98858	0.988746	0.0278585	0.0505527	3.01303e-05	2.74645e-05	
7.8e-10	24	0.00774908	-0.00267537	0.999966	0.987793	0.987703	0.0643571	0.0611792	4.10461e-05	4.12219e-05	
8.4e-10	26	0.00320508	0.000781571	0.999995	0.986785	0.986701	0.0534912	0.0512904	4.05256e-05	4.04248e-05	
9e-10	28	-0.00540632	-0.00174631	0.999984	0.98561	0.985628	0.0539724	0.0471061	6.35202e-05	6.00049e-05	
9.6e-10	30	-0.0031736	0.00229133	0.999992	0.984494	0.984615	0.0204987	0.0496787	5.08649e-05	4.85576e-05	
1.02e-09	32	0.00378803	0.00508332	0.99998	0.983535	0.983487	0.0694542	0.0462635	6.19737e-05	5.73399e-05	
1.08e-09	34	0.00262891	-0.00586142	0.999979	0.982774	0.982517	0.108042	0.0579501	7.05029e-05	5.68155e-05	
1.14e-09	36	-0.00803435	0.00405431	0.99996	0.981672	0.98148	0.0627193	0.0356119	0.000106011	0.00010663	
1.2e-09	38	0.00355519	-0.00271882	0.99999	0.980822	0.980442	0.0585003	0.0644374	7.49778e-05	6.43842e-05	
1.26e-09	40	-0.00652951	-0.00599758	0.999961	0.979637	0.979338	0.0563665	0.0817141	8.34245e-05	8.13774e-05	
1.32e-09	42	-0.00765756	-0.00132082	0.99997	0.978787	0.978297	0.0619003	0.0540466	7.5922e-05	8.11093e-05	
1.38e-09	44	0.0035468	-0.00684016	0.99997	0.977515	0.977212	0.0505172	0.0371417	6.87112e-05	7.19082e-05	
1.44e-09	46	-0.000886829	-0.00436283	0.99999	0.976417	0.976232	0.0514579	0.0702365	6.2385e-05	5.69493e-05	
1.5e-09	48	0.00128141	-0.00380245	0.999992	0.975041	0.975171	0.0310354	0.0621186	0.000115237	0.000102929	
1.56e-09	50	0.0133364	-0.00864281	0.999874	0.974101	0.974134	0.0696186	0.0823195	8.67334e-05	8.56975e-05	
1.62e-09	52	-0.017848	0.00611548	0.999822	0.973307	0.973002	0.050656	0.0595857	0.000131944	0.00012715	
1.68e-09	54	-0.00547628	0.00220423	0.999983	0.97256	0.972049	0.051123	0.0718563	0.000124594	0.000115609	
1.74e-09	56	-0.00126302	-0.0122233	0.999924	0.971314	0.971023	0.0539514	0.0601501	0.000101815	9.71085e-05	
1.8e-09	58	-0.00171702	-0.00336527	0.999993	0.970221	0.969829	0.062014	0.0481624	0.000114859	0.000112453	
1.86e-09	60	0.00424904	0.00822939	0.999957	0.968777	0.968738	0.0383141	0.0616846	0.000141615	0.000130522	
1.92e-09	62	-0.00532153	0.00117195	0.999985	0.968177	0.967802	0.0397254	0.0613668	0.000102108	9.55417e-05	
1.98e-09	64	-0.00348364	-0.00517802	0.999981	0.967405	0.966713	0.0407914	0.0400726	0.000124032	0.000123189	
2.04e-09	66	-0.00580362	0.00019515	0.999983	0.965701	0.965561	0.0546082	0.0750431	0.000204286	0.000209188	
2.1e-09	68	0.00962044	-0.00379208	0.999947	0.965209	0.964618	0.0556615	0.0689663	0.00010369	0.000100971	
2.16e-09	70	0.0125482	-0.00672718	0.999899	0.963632	0.96349	0.0903716	0.0497504	0.000140435	0.000117691	
2.22e-09	72	0.000882663	0.00914303	0.999958	0.962093	0.962463	0.0388588	0.0240215	0.000135058	0.000124188	
2.28e-09	74	0.00631481	-0.00735221	0.999953	0.961414	0.961413	0.0501637	0.0395877	0.00013519	0.000121144	
2.34e-09	76	0.00703279	-0.00269792	0.999972	0.960464	0.960211	0.0490747	0.0577196	0.000133778	0.000123912	
2.4e-09	78	-0.00545309	0.010383	0.999931	0.95917	0.959196	0.0583878	0.0984937	0.000158843	0.000139029	
2.46e-09	80	0.0137627	0.0243267	0.999609	0.957986	0.9579	0.0521306	0.0475671	0.000240717	0.000219627	
2.52e-09	82	0.00104736	0.00350733	0.999993	0.956678	0.957021	0.0964667	0.0602125	0.000121228	0.000123224	
2.58e-09	84	0.000441019	0.00414166	0.999991	0.956026	0.955621	0.0229668	0.0394892	0.000124436	0.000122843	
2.64e-09	86	0.0107226	-0.00192768	0.999941	0.95605	0.954984	0.0394369	0.0451142	0.000189687	0.000186374	
2.7e-09	88	-0.0157743	-0.00555464	0.99986	0.952964	0.953557	0.0601784	0.0712477	0.000195965	0.00018317	
2.76e-09	90	0.00795536	0.00325072	0.999963	0.952506	0.952732	0.0475998	0.0393345	0.000118223	0.000104439	
2.82e-09	92	0.00482248	0.00593938	0.999971	0.95253	0.95151	0.059615	0.0561111	0.000204561	0.000201206	
2.88e-09	94	0.00675867	-0.00830232	0.999943	0.949742	0.950453	0.0439991	0.0823143	0.000191304	0.000183825	
2.94e-09	96	0.00537704	-0.00918915	0.999943	0.949285	0.949225	0.0327188	0.0332613	0.000187891	0.000186927	
3e-09	98	-0.0103354	0.00223033	0.999944	0.948196	0.947998	0.0592423	0.0780786	0.000263529	0.000221781	
3.06e-09	100	-0.00495801	-0.0124332	0.99991	0.947572	0.947128	0.0436191	0.0702608	0.000180752	0.00014765	
3.12e-09	102	-0.0127903	-0.000804752	0.999918	0.946639	0.946217	0.0408445	0.0484464	0.000233868	0.000239892	
3.18e-09	104	0.00843852	0.00982298	0.999916	0.944413	0.944802	0.0887271	0.0412691	0.000200107	0.000200113	
3.24e-09	106	-0.00276025	0.0059688	0.999978	0.942034	0.943779	0.0581007	0.064829	0.000259741	0.000272587	
3.3e-09	108	0.00605333	0.00600716	0.999964	0.941819	0.942764	0.0346564	0.0498752	0.000208827	0.000205489	
3.36e-09	110	-0.0100875	-0.0101058	0.999898	0.942342	0.9415	0.0729283	0.0420285	0.000207527	0.000215319	
3.42e-09	112	-0.00209887	-0.00103566	0.999997	0.939986	0.940375	0.0486631	0.059607	0.00017077	0.000180288	
3.48e-09	114	-0.022092	0.0257142	0.999425	0.940078	0.939111	0.103306	0.040395	0.00013184	0.000159037	
3.54e-09	116	0.0145685	-0.0120329	0.999821	0.937833	0.938172	0.0419636	0.0476234	0.000206159	0.000187494	
3.6e-09	118	-0.00289883	-0.00407966	0.999987	0.937596	0.936991	0.0470446	0.0615475	0.000232488	0.000225409	
3.66e-09	120	0.0080808	-0.00321814	0.999962	0.936306	0.93603	0.0512361	0.0489766	0.00019154	0.000197657	
3.72e-09	122	-0.00927461	0.00937264	0.999913	0.934566	0.934938	0.0378773	0.0824756	0.000176342	0.000166266	
3.78e-09	124	0.0194991	0.0103854	0.999756	0.934818	0.933344	0.0818209	0.0412494	0.00027893	0.000286936	
3.84e-09	126	-0.00253624	-0.00269284	0.999993	0.934082	0.932531	0.0710404	0.0460518	0.000250002	0.00022495	
3.9e-09	128	0.0122279	0.016711	0.999786	0.931432	0.931488	0.0591767	0.0562659	0.000267537	0.000242978	
3.96e-09	130	0.00229645	0.0022842	0.999995	0.930934	0.930174	0.0784982	0.0553395	0.00028123	0.000310454	
4.02e-09	132	-0.0183925	0.00501119	0.999818	0.928456	0.929164	0.0515742	0.0543264	0.00021911	0.000215462	
4.08e-09	134	0.0080293	0.00330855	0.999962	0.927089	0.927587	0.0403283	0.0608293	0.000221757	0.000231112	
4.14e-09	136	-0.000567565	0.0101178	0.999949	0.927071	0.926864	0.0461395	0.0590757	0.000199411	0.000208368	
4.2e-09	138	-0.00126404	0.0205858	0.999787	0.925448	0.925587	0.066056	0.093065	0.000499443	0.000440137	
4.26e-09	140	0.000186949	-0.00799324	0.999968	0.924265	0.924387	0.03624	0.0302771	0.000349324	0.00031772	
4.32e-09	142	-0.0057473	-0.0246817	0.999679	0.923009	0.92347	0.0378755	0.0655708	0.000373596	0.000329927	
4.38e-09	144	-0.000352889	0.00424306	0.999991	0.921277	0.922077	0.100406	0.0233905	0.000328624	0.00029114	
4.44e-09	146	-0.0022018	0.016643	0.999859	0.920757	0.920929	0.0444433	0.0499832	0.00023664	0.00021922	
4.5e-09	148	0.00850841	0.00634331	0.999944	0.921707	0.920111	0.0524102	0.0616975	0.000393147	0.000338689	
4.56e-09	150	0.01255	-0.0295186	0.999485	0.919475	0.918662	0.0638308	0.0563969	0.000358397	0.000393075	
4.62e-09	152	-0.0200996	-0.0184934	0.999627	0.916829	0.917942	0.0471926	0.0450714	0.000234527	0.000235323	
4.68e-09	154	-0.0118845	-0.00321304	0.999924	0.916735	0.916447	0.053619	0.0496923	0.000401091	0.00041627	
4.74e-09	156	-0.00510344	0.036554	0.999319	0.915241	0.914986	0.0457687	0.0732237	0.000252575	0.000250331	
4.8e-09	158	0.0103638	-0.00903559	0.999905	0.914239	0.914003	0.0694942	0.0402069	0.000296219	0.000281479	
4.86e-09	160	0.00935054	0.0109458	0.999896	0.913247	0.913106	0.060019	0.0693585	0.000244539	0.000260276	
4.92e-09	162	-0.0113195	0.0156112	0.999814	0.912775	0.911885	0.0701603	0.0447188	0.000357178	0.000341609	
4.98e-09	164	-0.0118423	0.0204329	0.999721	0.911704	0.910517	0.0426979	0.0639249	0.000191519	0.000190322	
5.04e-09	166	0.00880205	0.0110445	0.9999	0.907021	0.909311	0.0412859	0.0609541	0.000467201	0.000450048	
5.1e-09	168	0.0120423	-0.0203911	0.99972	0.907457	0.908405	0.0569241	0.0395313	0.000422801	0.000398524	
5.16e-09	170	-0.00304008	0.0148431	0.999885	0.908545	0.907428	0.0413765	0.0616946	0.000253521	0.000256969	
5.22e-09	172	-0.00754249	-0.0282533	0.999572	0.905488	0.905933	0.0485933	0.0640248	0.000397981	0.000431975	
5.28e-09	174	0.00199032	0.00168021	0.999997	0.905458	0.904895	0.0399755	0.0676873	0.000417484	0.00043159	
5.34e-09	176	-0.0208719	-0.0145568	0.999676	0.902871	0.903522	0.0596144	0.0303639	0.000316135	0.000313532	
5.4e-09	178	-0.00989617	-0.0196024	0.999759	0.901468	0.902109	0.0479439	0.0948542	0.000336317	0.000398186	
5.46e-09	180	0.00290217	0.0283227	0.999595	0.901369	0.901403	0.049906	0.0733097	0.00048759	0.000454743	
5.52e-09	182	-0.0182061	0.0042563	0.999825	0.900681	0.899685	0.105812	0.0677384	0.000294848	0.000319175	
5.58e-09	184	0.0213102	0.0283485	0.999371	0.8965	0.898293	0.111768	0.0434358	0.000628375	0.000583536	
5.64e-09	186	-0.00525152	-0.0202181	0.999782	0.8977	0.897395	0.0534408	0.0620545	0.000490293	0.000474579	
5.7e-09	188	-0.00495802	-0.00735509	0.999961	0.898821	0.89634	0.0533546	0.0453929	0.000356036	0.00036207	
5.76e-09	190	0.0133478	-0.0075678	0.999882	0.895661	0.895073	0.0611017	0.059063	0.000366307	0.000405862	
5.82e-09	192	0.00927098	0.00569401	0.999941	0.893455	0.893667	0.0668753	0.0463089	0.000405189	0.000400152	
5.88e-09	194	-0.0217892	-0.0079086	0.999731	0.894264	0.892826	0.0674599	0.0727107	0.000497739	0.000531778	
5.94e-09	196	0.00490209	0.0166267	0.99985	0.891779	0.89121	0.0669894	0.0429692	0.00054787	0.000540247	
6e-09	198	-0.0349749	-0.00992978	0.999339	0.888668	0.889938	0.0714284	0.0600004	0.000504159	0.000440701	
6.06e-09	200	0.0184146	-0.0199463	0.999631	0.888201	0.888941	0.0599693	0.0476332	0.000356585	0.000333322	
6.12e-09	202	0.0417719	-0.0138273	0.999031	0.885925	0.887752	0.0514548	0.0613657	0.000613188	0.000587182	
6.18e-09	204	-0.00204446	-0.00269991	0.999994	0.888233	0.88684	0.053346	0.0521936	0.00056676	0.000497929	
6.24e-09	206	0.0239982	0.0279149	0.999322	0.884049	0.885243	0.0657736	0.0780528	0.000491568	0.000430795	
6.3e-09	208	0.0074186	0.0150991	0.999858	0.885214	0.884201	0.0745412	0.0517853	0.000719678	0.000686268	
6.36e-09	210	0.00691162	-0.0344702	0.999382	0.882406	0.882394	0.0770999	0.0804274	0.000603146	0.00068453	
6.42e-09	212	0.0246536	0.0151015	0.999582	0.88208	0.881589	0.0623089	0.041329	0.000698171	0.000646596	
6.48e-09	214	0.0169606	0.015432	0.999737	0.880494	0.880234	0.0545427	0.0531976	0.000433211	0.000442655	
6.54e-09	216	-0.0225373	0.00509282	0.999733	0.883301	0.879163	0.0359309	0.0434924	0.000624841	0.000606158	
6.6e-09	218	-0.0066061	-0.0236547	0.999698	0.876111	0.877906	0.0573714	0.135294	0.000689359	0.000665676	
6.66e-09	220	0.037369	-0.0289854	0.998881	0.874335	0.876345	0.0921311	0.0681887	0.000461728	0.000480463	
6.72e-09	222	-0.00810284	-0.00569518	0.999951	0.874583	0.87523	0.0624026	0.0787165	0.000749745	0.00073979	
6.78e-09	224	0.0109935	-0.0191613	0.999756	0.871345	0.874179	0.04169	0.0557982	0.000824498	0.000774982	
6.84e-09	226	-0.0274094	0.00652953	0.999603	0.872644	0.87268	0.0796105	0.0320789	0.000528327	0.00055366	
6.9e-09	228	-0.0126767	-0.0150367	0.999807	0.875031	0.871919	0.0440068	0.0412864	0.000750222	0.000714744	
6.96e-09	230	0.00419845	-0.0040278	0.999983	0.870934	0.870252	0.0775921	0.0530535	0.000478966	0.0004505	
7.02e-09	232	0.00354693	-0.029551	0.999557	0.868321	0.869002	0.0708482	0.0757656	0.00105911	0.00094576	
7.08e-09	234	0.0165931	0.0313087	0.999372	0.867763	0.867363	0.0801098	0.060564	0.000591177	0.000592159	
7.14e-09	236	0.00215617	0.0273655	0.999623	0.866028	0.866246	0.0795569	0.0732716	0.000762126	0.000701056	
7.2e-09	238	-0.00085606	0.00835177	0.999965	0.866014	0.865182	0.0618478	0.0742558	0.000607203	0.000626581	
7.26e-09	240	-0.000806371	-0.0101839	0.999948	0.863554	0.86365	0.0425059	0.0299283	0.000669511	0.000660297	
7.32e-09	242	-0.0058784	-0.0403319	0.999169	0.862655	0.862876	0.0692015	0.0447707	0.000463052	0.000442517	
7.38e-09	244	0.00471361	0.0115251	0.999922	0.861401	0.861219	0.0417751	0.0412117	0.000436067	0.000433287	
7.44e-09	246	0.0133548	0.000738478	0.999911	0.85944	0.860104	0.0591585	0.0443043	0.000497629	0.000503098	
7.5e-09	248	0.0119832	0.0104775	0.999873	0.858176	0.858672	0.041685	0.0475228	0.000684997	0.000670404	
7.56e-09	250	-0.00859701	-0.0368808	0.999283	0.855681	0.856874	0.0664358	0.0608634	0.000722935	0.000800081	
7.62e-09	252	0.0188247	-0.0231926	0.999554	0.854262	0.855972	0.0480886	0.0457615	0.000955072	0.000876416	
7.68e-09	254	-0.0255827	-0.0169856	0.999528	0.852793	0.85475	0.0528637	0.0709567	0.000687534	0.000536714	
7.74e-09	256	-0.00670458	-0.0285139	0.999571	0.852958	0.852769	0.0455989	0.0577828	0.000565537	0.000570736	
7.8e-09	258	0.0248631	0.00248724	0.999688	0.853509	0.851807	0.0975316	0.0621619	0.000877808	0.000816539	
7.86e-09	260	-0.00553423	0.0188018	0.999808	0.853361	0.850724	0.0657122	0.0850934	0.000602069	0.000455235	
7.92e-09	262	-0.0207362	0.0181771	0.99962	0.852735	0.849772	0.0642866	0.0473213	0.000874218	0.000795891	
7.98e-09	264	0.00557075	-0.00185039	0.999983	0.846055	0.848152	0.0716148	0.0887182	0.000681496	0.000646859	
8.04e-09	266	-0.0157143	0.00793337	0.999845	0.84616	0.846125	0.0440382	0.0853317	0.00101731	0.000945408	
8.1e-09	268	0.00739845	-0.00430498	0.999963	0.849896	0.845383	0.0545821	0.0464716	0.00100717	0.00098774	
8.16e-09	270	0.0193982	-0.0101175	0.999761	0.845291	0.844723	0.109358	0.0614388	0.000792825	0.000723673	
8.22e-09	272	0.0206133	0.036039	0.999138	0.84047	0.842875	0.0813438	0.0683119	0.000830823	0.000804932	
8.28e-09	274	-0.0102292	-0.00322174	0.999942	0.841611	0.841251	0.055253	0.0962875	0.000578292	0.000490951	
8.34e-09	276	0.0104004	0.00380244	0.999939	0.839148	0.840072	0.0712068	0.0662181	0.000626989	0.000593493	
8.4e-09	278	0.00473742	0.0151978	0.999873	0.838848	0.838085	0.0495111	0.0320399	0.00107805	0.000994795	
8.46e-09	280	0.0421341	0.00750336	0.999084	0.837994	0.83717	0.0617584	0.0505364	0.000826249	0.000773654	
8.52e-09	282	-0.0282644	-0.0211679	0.999376	0.834897	0.835603	0.0633156	0.0736942	0.000724083	0.00067567	
8.58e-09	284	0.0166996	-0.0148655	0.99975	0.835276	0.834996	0.0593563	0.0441781	0.000688833	0.000710383	
8.64e-09	286	0.00715741	-0.0225189	0.999721	0.831556	0.832776	0.0586845	0.0647791	0.000667913	0.000721717	
8.7e-09	288	0.00372582	0.032124	0.999477	0.832584	0.83156	0.0566841	0.0629545	0.000742681	0.000765709	
8.76e-09	290	-0.0318852	-0.000908981	0.999491	0.833057	0.829627	0.102178	0.0638678	0.00127361	0.00119707	
8.82e-09	292	0.0204788	0.0133898	0.999701	0.828814	0.829264	0.0581261	0.0506605	0.00101223	0.00100117	
8.88e-09	294	0.0714409	-0.00391447	0.997437	0.826315	0.82767	0.0593711	0.0606639	0.000958819	0.000841327	
8.94e-09	296	-0.00890386	0.0127832	0.999879	0.826781	0.825974	0.0775457	0.0402741	0.000812488	0.000790844	
9e-09	298	-0.00134645	-0.0245524	0.999698	0.825232	0.824529	0.0577702	0.069501	0.00103696	0.000903144	
9.06e-09	300	-0.00709296	-0.0261935	0.999632	0.822324	0.822463	0.0582916	0.0445546	0.000753234	0.000794291	
9.12e-09	302	0.0462098	0.0192041	0.998747	0.82148	0.822084	0.0809524	0.093395	0.00089216	0.00071935	
9.18e-09	304	-0.0243088	0.0145015	0.999599	0.820659	0.820659	0.0532581	0.0480932	0.000482023	0.000462823	
9.24e-09	306	0.0181562	0.00572045	0.999819	0.81988	0.819088	0.0413778	0.0683615	0.000562661	0.000521795	
9.3e-09	308	-0.0140366	-0.0106487	0.999845	0.819671	0.817816	0.0373279	0.0500604	0.000425778	0.000398051	
9.36e-09	310	0.0231805	-0.00357991	0.999725	0.814756	0.816446	0.077191	0.0473706	0.00105944	0.00100303	
9.42e-09	312	0.0122866	-0.0218637	0.999685	0.81828	0.815522	0.0578268	0.0807288	0.000681415	0.00066531	
9.48e-09	314	-0.0369339	0.00971187	0.999271	0.814252	0.813475	0.0887779	0.0678525	0.00126641	0.00134749	
9.54e-09	316	0.0218312	-0.023388	0.999488	0.811931	0.812108	0.0622553	0.0369791	0.00100063	0.000972405	
9.6e-09	318	0.0109757	0.0162037	0.999808	0.809829	0.810241	0.0629308	0.105247	0.0014445	0.00143397	
9.66e-09	320	0.00963243	0.00121351	0.999953	0.804027	0.808733	0.115547	0.0428995	0.00159039	0.00151867	
9.72e-09	322	-0.0244252	0.00244687	0.999699	0.808364	0.80826	0.0674341	0.0958348	0.00134359	0.00137694	
9.78e-09	324	-0.0269808	-0.0121781	0.999562	0.806754	0.806172	0.0819402	0.0312532	0.00134766	0.00131319	
9.84e-09	326	-0.0534682	-0.0149917	0.998457	0.807542	0.804694	0.100259	0.0543897	0.000651034	0.000558767	
9.9e-09	328	0.00282069	0.0131272	0.99991	0.804161	0.803	0.0564187	0.0891964	0.00109679	0.00116	
9.96e-09	330	-0.0271611	-0.0186831	0.999456	0.800761	0.801687	0.0553911	0.0521165	0.000718638	0.000792486	
1.002e-08	332	-0.0186156	0.0311274	0.999342	0.8021	0.800452	0.0919816	0.0731538	0.00117082	0.00105146	
1.008e-08	334	-0.0541159	0.0492542	0.997319	0.798381	0.79827	0.097934	0.0779863	0.00177708	0.00167836	
1.014e-08	336	0.0323267	-0.0162724	0.999345	0.794065	0.797325	0.0641218	0.0873614	0.00109179	0.00104004	
1.02e-08	338	0.0449619	-0.0163202	0.998855	0.792903	0.795633	0.0669012	0.0497755	0.00134326	0.0012874	
1.026e-08	340	0.0103856	0.0149403	0.999834	0.795462	0.794377	0.0923682	0.0482324	0.00128829	0.00126175	
1.032e-08	342	0.00295102	0.0284121	0.999592	0.795176	0.793342	0.077622	0.0491917	0.00118574	0.00109619	
1.038e-08	344	0.0110112	-0.0166802	0.9998	0.791819	0.79139	0.0417071	0.0710489	0.00161105	0.00144065	
1.044e-08	346	-0.00162596	-0.0506883	0.998713	0.791575	0.789282	0.0451119	0.0905628	0.00164771	0.00167826	
1.05e-08	348	0.025147	0.0160046	0.999556	0.7886	0.788047	0.0611764	0.0306994	0.000650695	0.000619196	
1.056e-08	350	0.00448332	0.00809872	0.999957	0.787156	0.786632	0.0780511	0.0972508	0.00113577	0.00090764	
1.062e-08	352	0.0255807	0.0449648	0.998661	0.78361	0.785045	0.0581537	0.0665725	0.000961543	0.000953184	
1.068e-08	354	0.0129714	0.0127388	0.999835	0.783845	0.783004	0.0814828	0.0511496	0.000552405	0.000496206	
1.074e-08	356	0.0206103	0.0433113	0.998849	0.781869	0.782143	0.0631087	0.0815581	0.00086525	0.000887112	
1.08e-08	358	-0.0189435	-0.0277345	0.999436	0.782618	0.779932	0.0858844	0.111338	0.00141115	0.00120242	
1.086e-08	360	0.0281883	-0.038094	0.998877	0.778603	0.778918	0.0755427	0.0744189	0.00152926	0.00143044	
1.092e-08	362	0.00780538	0.0104395	0.999915	0.776866	0.777403	0.0535758	0.0545115	0.00119724	0.00110832	
1.098e-08	364	0.0264905	0.00748542	0.999621	0.773315	0.775616	0.073092	0.0687348	0.000849014	0.000963674	
1.104e-08	366	-0.0404342	0.0102616	0.99913	0.77522	0.774727	0.0708892	0.0404063	0.000896695	0.000909803	
1.11e-08	368	0.0233558	0.00816523	0.999694	0.77237	0.771572	0.0745109	0.0886691	0.00152695	0.00157636	
1.116e-08	370	0.0118378	0.0290066	0.999509	0.774519	0.771189	0.0647345	0.0624161	0.000905349	0.000911956	
1.122e-08	372	-0.0016127	-0.0108771	0.99994	0.768604	0.769202	0.0400303	0.075605	0.00115759	0.00132358	
1.128e-08	374	-0.00734683	0.0285185	0.999566	0.768548	0.768738	0.047818	0.0683185	0.00133731	0.00134389	
1.134e-08	376	0.012243	0.00521194	0.999911	0.767521	0.766336	0.0645947	0.0632281	0.000939251	0.000896475	
1.14e-08	378	0.00303332	-0.0295119	0.99956	0.763596	0.76352	0.0259713	0.0643119	0.00111877	0.00113205	
1.146e-08	380	-0.0105557	0.00657226	0.999923	0.760683	0.762712	0.0479491	0.0570974	0.00184221	0.00181265	
1.152e-08	382	0.00610465	-0.0105399	0.999926	0.763549	0.76082	0.0370682	0.056891	0.00201475	0.00186659	
1.158e-08	384	-0.0507985	-0.0052225	0.998695	0.758905	0.759274	0.0855819	0.0776093	0.00225527	0.00181656	
1.164e-08	386	-0.0176546	-0.0182449	0.999678	0.761814	0.75774	0.0744541	0.0827676	0.00132567	0.00111257	
1.17e-08	388	0.00180901	-0.0395208	0.999217	0.76327	0.75661	0.101684	0.0588478	0.000948953	0.00093234	
1.176e-08	390	-0.0439541	0.0557081	0.997479	0.755036	0.755369	0.111847	0.0962583	0.0021206	0.0017469	
1.182e-08	392	-0.0108415	0.0144088	0.999837	0.75467	0.752476	0.0793916	0.0523597	0.00138461	0.00140428	
1.188e-08	394	0.0387801	0.0331866	0.998697	0.748148	0.750938	0.0901276	0.0507195	0.00177988	0.00153114	
1.194e-08	396	0.026541	-0.0848343	0.996042	0.747999	0.749128	0.0411047	0.104794	0.00160419	0.00142321	
1.2e-08	398	0.00631523	0.0524412	0.998604	0.749714	0.747116	0.0702009	0.0925122	0.00207334	0.0019259	
1.206e-08	400	0.0296624	0.0158762	0.999434	0.745635	0.747388	0.0650978	0.0888793	0.00145417	0.0014858	
1.212e-08	402	-0.000282497	-0.00869349	0.999962	0.744184	0.744214	0.0984611	0.0653569	0.00265704	0.00234139	
1.218e-08	404	-0.00719934	-0.0262329	0.99963	0.738305	0.741902	0.122299	0.0703499	0.00189218	0.00187513	
1.224e-08	406	0.0263875	0.0276645	0.999269	0.741816	0.741389	0.0588105	0.0559105	0.00145877	0.00143478	
1.23e-08	408	0.0252373	-0.0649606	0.997569	0.739748	0.739635	0.0839789	0.0810878	0.00126682	0.00111788	
1.236e-08	410	-0.00521895	-0.00469157	0.999975	0.733686	0.738403	0.0944373	0.0699712	0.00158075	0.0014854	
1.242e-08	412	0.00486615	0.0293605	0.999557	0.73057	0.734809	0.0662162	0.0695968	0.00151412	0.00152228	
1.248e-08	414	0.0436831	0.00987355	0.998997	0.737573	0.734016	0.0906449	0.0909052	0.00154783	0.00132003	
1.254e-08	416	0.057479	0.0255165	0.998021	0.734601	0.733156	0.0685181	0.0542302	0.00126781	0.00143016	
1.26e-08	418	-0.0361498	-0.000939609	0.999346	0.733498	0.730389	0.0762016	0.060121	0.00131565	0.00137166	
1.266e-08	420	0.00982975	0.0280032	0.99956	0.732338	0.728534	0.0471611	0.0401314	0.00203662	0.00212568	
1.272e-08	422	0.0254853	0.0230094	0.99941	0.723159	0.727024	0.058667	0.0498616	0.0020793	0.00212485	
1.278e-08	424	0.0376462	0.0106227	0.999235	0.725841	0.725485	0.0502068	0.0793699	0.00154915	0.0014495	
1.284e-08	426	-0.00239013	-0.00812907	0.999964	0.723582	0.723255	0.0680733	0.06006	0.00135936	0.00134844	
1.29e-08	428	0.0239153	0.0260529	0.999374	0.719784	0.721296	0.113023	0.0693339	0.00264523	0.00272602	
1.296e-08	430	-0.0112418	-0.0218349	0.999698	0.723085	0.719967	0.073883	0.0752412	0.00160257	0.00147984	
1.302e-08	432	-0.014908	-0.0139641	0.999791	0.716739	0.718032	0.112809	0.0451096	0.00167346	0.00162221	
1.308e-08	434	0.0229959	-0.00333267	0.99973	0.711319	0.716329	0.0403354	0.0692916	0.00234878	0.0023552	
1.314e-08	436	-0.0133467	-0.00792449	0.99988	0.716042	0.714691	0.0717662	0.0698289	0.00107922	0.00107981	
1.32e-08	438	-0.0153557	0.0184259	0.999712	0.711229	0.713415	0.0489765	0.0439736	0.00165718	0.00158682	
1.326e-08	440	0.0146663	0.0123713	0.999816	0.700783	0.70904	0.134123	0.0875785	0.00296741	0.00267546	
1.332e-08	442	-0.0246037	-0.0306576	0.999227	0.705093	0.709351	0.0783273	0.0605961	0.00156369	0.00140178	
1.338e-08	444	0.0243749	0.0347435	0.999099	0.710908	0.706408	0.0546961	0.0705315	0.00219993	0.00246979	
1.344e-08	446	-0.0496854	-0.0323395	0.998241	0.70857	0.704736	0.053237	0.0682157	0.00202007	0.00193284	
1.35e-08	448	0.0179755	0.0143654	0.999735	0.698264	0.701314	0.0614832	0.0981409	0.0023487	0.00236789	
1.356e-08	450	0.000792864	0.00404011	0.999992	0.703669	0.699374	0.0694941	0.0585152	0.003157	0.00286333	
1.362e-08	452	-0.0482756	-0.0155252	0.998713	0.699362	0.698696	0.0856762	0.0435875	0.00209752	0.00198387	
1.368e-08	454	-0.000107694	0.0107236	0.999942	0.694026	0.697589	0.0817894	0.0621745	0.00213651	0.00206325	
1.374e-08	456	0.0038353	-0.0162224	0.999861	0.696726	0.695131	0.046457	0.0784799	0.00186224	0.00176649	
1.38e-08	458	-0.0279246	-0.00775436	0.99958	0.694683	0.692757	0.0398432	0.082455	0.00228779	0.00215683	
1.386e-08	460	-0.0492735	0.0292533	0.998357	0.688653	0.690831	0.107537	0.076952	0.00192913	0.00179059	
1.392e-08	462	-0.0282794	0.0589102	0.997863	0.695333	0.68858	0.0761965	0.0920084	0.00243129	0.00251624	
1.398e-08	464	-0.0683704	-0.034965	0.997047	0.682596	0.687265	0.0978579	0.0674623	0.00303238	0.0026243	
1.404e-08	466	-0.033401	-0.0300873	0.998989	0.686272	0.683713	0.0345362	0.0869327	0.00233156	0.00243247	
1.41e-08	468	-0.0210358	0.00785706	0.999748	0.679906	0.682395	0.107808	0.0372371	0.00237492	0.00228722	
1.416e-08	470	-0.0526097	-0.0162034	0.998484	0.678233	0.678928	0.106822	0.0505866	0.0027714	0.00255878	
1.422e-08	472	-0.0102338	-0.0912543	0.995775	0.679477	0.677695	0.116617	0.0565168	0.00178479	0.00192538	
1.428e-08	474	0.0652671	-0.0440388	0.996896	0.673503	0.677594	0.0952197	0.0689939	0.00261183	0.00234524	
1.434e-08	476	0.0429971	0.0124292	0.998998	0.677987	0.673663	0.0608201	0.0690602	0.00224882	0.00195716	
1.44e-08	478	0.00880005	-0.0626345	0.997998	0.681305	0.671864	0.0829591	0.0882356	0.00189281	0.00214214	
1.446e-08	480	0.0945219	0.0602673	0.993697	0.671932	0.670367	0.107544	0.0767562	0.00139649	0.00119768	
1.452e-08	482	0.0382273	-0.0130043	0.999184	0.664019	0.666772	0.0786898	0.0865804	0.00221523	0.0023614	
1.458e-08	484	-0.00380529	-0.0118521	0.999923	0.658429	0.664953	0.0977956	0.0677536	0.0019321	0.00181442	
1.464e-08	486	-0.0245275	0.00954779	0.999654	0.659672	0.662662	0.08928	0.0999372	0.00176437	0.00181798	
1.47e-08	488	-0.0345949	0.0234364	0.999127	0.65902	0.661305	0.0930848	0.0750426	0.0015569	0.00151118	
1.476e-08	490	-0.0261243	0.0562909	0.998073	0.654472	0.659477	0.0713788	0.0556614	0.00297792	0.00279473	
1.482e-08	492	0.0248533	0.0754712	0.996838	0.660181	0.656415	0.0576014	0.100719	0.00227377	0.00229142	
1.488e-08	494	0.0243238	0.0230309	0.999439	0.653745	0.654054	0.0697461	0.0735833	0.00285427	0.00302378	
1.494e-08	496	-0.0124383	-0.00659261	0.999901	0.650666	0.653298	0.0586919	0.119691	0.00477864	0.00433641	
1.5e-08	498	-0.00404516	0.00323257	0.999987	0.663438	0.649298	0.0992264	0.0467259	0.00338991	0.00306213	
1.506e-08	500	0.0348985	-0.0292595	0.998962	0.652746	0.645746	0.0693376	0.106561	0.00431434	0.00377951	
1.512e-08	502	-0.0249974	0.0050953	0.999675	0.649442	0.645402	0.104791	0.0865364	0.00329704	0.00303751	
1.518e-08	504	-0.0670266	-0.0180352	0.997588	0.642907	0.644243	0.0981187	0.066773	0.00376455	0.00380884	
1.524e-08	506	0.0101504	0.0286389	0.999538	0.641036	0.641075	0.093396	0.106559	0.00381771	0.00299563	
1.53e-08	508	-0.00421632	-0.00384258	0.999984	0.631299	0.636787	0.0703289	0.0750195	0.00340135	0.00307647	
1.536e-08	510	-0.0473666	0.0475439	0.997745	0.626641	0.635653	0.0493455	0.0562014	0.00232989	0.00237009	
1.542e-08	512	-0.0353999	0.0330239	0.998827	0.636463	0.632334	0.0735741	0.0802516	0.00337864	0.00325975	
1.548e-08	514	-0.0202589	0.0110379	0.999734	0.626331	0.631525	0.11101	0.101038	0.00424616	0.00408864	
1.554e-08	516	0.0167299	0.0316308	0.99936	0.629744	0.628874	0.104049	0.0674939	0.00379612	0.00336047	
1.56e-08	518	0.0106785	0.0463673	0.998867	0.620243	0.626594	0.0895654	0.0785301	0.00384148	0.00383168	
1.566e-08	520	-0.0203156	0.040002	0.998993	0.61608	0.624324	0.0474532	0.0839081	0.00224775	0.00219546	
1.572e-08	522	0.038041	0.0189535	0.999096	0.626948	0.622266	0.0459371	0.0955749	0.00319129	0.00290629	
1.578e-08	524	-0.0197621	-0.0491921	0.998594	0.618372	0.619206	0.101284	0.0909878	0.00296255	0.00287455	
1.584e-08	526	-0.046381	-0.0223879	0.998673	0.621367	0.615744	0.0770666	0.0660516	0.00336636	0.00292257	
1.59e-08	528	-0.0230633	0.0284399	0.999329	0.607386	0.612751	0.0584643	0.0902	0.0049266	0.00426116	
1.596e-08	530	0.0036988	0.0415313	0.99913	0.610402	0.610057	0.0597204	0.0552786	0.00352006	0.00341252	
1.602e-08	532	-0.0036295	0.10015	0.994966	0.611269	0.608128	0.0743672	0.0923843	0.00250648	0.00264351	
1.608e-08	534	-0.0381928	-0.0702592	0.996797	0.605828	0.60742	0.118495	0.0737035	0.00238642	0.00256892	
1.614e-08	536	-0.0131069	0.0194437	0.999725	0.612318	0.602341	0.0851253	0.061919	0.00322743	0.00300771	
1.62e-08	538	-0.0538865	0.00808895	0.998514	0.60752	0.600307	0.0795581	0.0789186	0.00570157	0.0052855	
1.626e-08	540	0.000217347	-0.0483415	0.998831	0.604662	0.599118	0.0467558	0.0839029	0.00424469	0.0042261	
1.632e-08	542	0.0284115	0.010231	0.999544	0.596837	0.595462	0.0657583	0.0590925	0.00351407	0.00367463	
1.638e-08	544	-0.0242805	0.0835974	0.996204	0.590938	0.593269	0.0684866	0.109218	0.00468478	0.0045034	
1.644e-08	546	0.0395469	-0.0151114	0.999103	0.595741	0.589659	0.104612	0.045197	0.00585069	0.00576057	
1.65e-08	548	0.0471078	-0.00123946	0.998889	0.59406	0.586163	0.0851387	0.0831695	0.00424126	0.00401185	
1.656e-08	550	-0.0893498	-0.0923266	0.991712	0.585344	0.582925	0.0915182	0.117118	0.00483625	0.0050689	
1.662e-08	552	0.0309874	0.0320778	0.999005	0.594367	0.581738	0.0930231	0.0709429	0.00401582	0.00386105	
1.668e-08	554	0.0133249	0.0477918	0.998768	0.575803	0.575923	0.103584	0.101572	0.00353917	0.00349044	
1.674e-08	556	-0.057795	-0.0553434	0.996793	0.583351	0.574579	0.0930422	0.0866195	0.00541684	0.0053711	
1.68e-08	558	0.0396786	0.0701196	0.996749	0.57874	0.572502	0.100684	0.0490218	0.00529301	0.00563398	
1.686e-08	560	0.00360437	-0.0819724	0.996628	0.571749	0.56861	0.106812	0.0942643	0.00417993	0.00392752	
1.692e-08	562	0.0501493	0.116733	0.991896	0.560341	0.56504	0.0764431	0.0703598	0.00310737	0.00264979	
1.698e-08	564	0.0636602	-0.0426781	0.997059	0.55718	0.562291	0.1143	0.0567694	0.0035491	0.00347605	
1.704e-08	566	0.0140085	-0.0283917	0.999499	0.562782	0.560192	0.101954	0.0963696	0.00598141	0.00518956	
1.71e-08	568	-0.0846841	0.0887797	0.992445	0.549518	0.557753	0.0902644	0.125164	0.00505225	0.00475943	
1.716e-08	570	-0.0661624	-0.0244057	0.99751	0.542176	0.55399	0.0680708	0.121927	0.0071183	0.00687685	
1.722e-08	572	0.018386	-0.0178036	0.999672	0.547352	0.550365	0.0840396	0.126676	0.00851477	0.00839237	
1.728e-08	574	0.0583348	0.0234346	0.998022	0.548279	0.549074	0.111229	0.0496647	0.00390173	0.00328364	
1.734e-08	576	0.00768504	0.0456828	0.998926	0.549919	0.542715	0.128437	0.115505	0.00752685	0.00686215	
1.74e-08	578	0.0624002	-0.0317345	0.997547	0.5431	0.543923	0.0727574	0.05774	0.00438136	0.00434428	
1.746e-08	580	-0.0432652	-0.0127587	0.998982	0.540537	0.539825	0.139902	0.073425	0.00736546	0.00674366	
1.752e-08	582	0.000173364	-0.0322786	0.999479	0.529535	0.534653	0.0529165	0.0907333	0.00836159	0.0080028	
1.758e-08	584	0.0771876	-0.00661657	0.996995	0.534033	0.531945	0.0946779	0.107119	0.00743564	0.00657151	
1.764e-08	586	0.0347266	-0.0507507	0.998107	0.520877	0.52701	0.0794281	0.0892553	0.00421321	0.00401082	
1.77e-08	588	0.0059936	0.0484411	0.998808	0.529986	0.525302	0.0855549	0.0941054	0.00791016	0.00652363	
1.776e-08	590	-0.0763237	0.00435715	0.997074	0.534303	0.522702	0.0786884	0.112944	0.00383807	0.00420868	
1.782e-08	592	-0.0618866	-0.0347602	0.997478	0.519418	0.518543	0.0962154	0.0660929	0.00882202	0.00816155	
1.788e-08	594	-0.00935976	0.121232	0.99258	0.51648	0.516241	0.0792436	0.112513	0.00526659	0.0059328	
1.794e-08	596	0.0790793	0.052399	0.99549	0.516358	0.510272	0.0570399	0.0751419	0.0067338	0.00593301	
1.8e-08	598	0.00897654	0.0670328	0.99771	0.494704	0.506494	0.0935166	0.0688171	0.00386524	0.00385819	
1.806e-08	600	0.101186	0.0346119	0.994265	0.496289	0.503859	0.12094	0.0768477	0.0085521	0.00742104	
1.812e-08	602	0.0227833	0.0242853	0.999445	0.493804	0.497838	0.0989674	0.0825586	0.00810807	0.00677972	
1.818e-08	604	0.0743582	0.0936786	0.992822	0.479585	0.496593	0.105517	0.0554709	0.00788451	0.0076349	
1.824e-08	606	0.0881021	-0.105085	0.990553	0.491023	0.490171	0.124592	0.13252	0.0123977	0.01039	
1.83e-08	608	-0.0108198	-0.0412553	0.99909	0.494892	0.487393	0.0625121	0.0818031	0.007646	0.00777405	
1.836e-08	610	0.0534807	0.0370107	0.997883	0.46948	0.483516	0.0593964	0.0870516	0.0137428	0.0127039	
1.842e-08	612	0.0155487	0.0326586	0.999346	0.485896	0.48249	0.0702246	0.0759325	0.00814903	0.00821567	
1.848e-08	614	-0.0149991	-0.0248457	0.999579	0.486425	0.476455	0.079442	0.0575688	0.00627675	0.00606051	
1.854e-08	616	0.0764137	0.00102895	0.997076	0.470854	0.470368	0.137328	0.113409	0.0104784	0.00918144	
1.86e-08	618	0.0155573	0.0362901	0.99922	0.456331	0.465856	0.0696613	0.0884079	0.00833664	0.00841989	
1.866e-08	620	-0.0386868	0.00217996	0.999249	0.469767	0.463282	0.113151	0.0674617	0.00616068	0.00522363	
1.872e-08	622	-0.0865717	-0.0895169	0.992216	0.448156	0.46024	0.148598	0.0836471	0.00901143	0.00799536	
1.878e-08	624	-0.146944	-0.0839992	0.985572	0.448023	0.454917	0.113217	0.094293	0.00729884	0.00608048	
1.884e-08	626	-0.0951615	-0.0261341	0.995119	0.452635	0.447559	0.0835237	0.113652	0.00813281	0.00771372	
1.89e-08	628	0.0311775	-0.130218	0.990995	0.450817	0.442942	0.147338	0.100432	0.0125904	0.0101944	
1.896e-08	630	0.067795	0.0204789	0.997489	0.448284	0.442625	0.153016	0.16475	0.0123632	0.0107447	
1.902e-08	632	0.0109387	-0.0994395	0.994983	0.444809	0.435252	0.0984358	0.0664371	0.0112974	0.0111256	
1.908e-08	634	0.147719	-0.0812467	0.985687	0.437095	0.427503	0.0761113	0.0786155	0.00920588	0.00989579	
1.914e-08	636	-0.11218	-0.00783434	0.993657	0.436667	0.426735	0.121383	0.0950696	0.0118366	0.0108668	
1.92e-08	638	0.0729056	-0.0165402	0.997202	0.410652	0.417467	0.102303	0.131451	0.0104909	0.0100541	
1.926e-08	640	-0.0539914	-0.1145	0.991955	0.438592	0.418201	0.0667971	0.0663067	0.0116132	0.0116479	
1.932e-08	642	0.0605988	0.0698067	0.995718	0.401685	0.409993	0.0814555	0.0666228	0.0166946	0.0153042	
1.938e-08	644	0.144061	-0.0611648	0.987677	0.42682	0.405525	0.186165	0.090719	0.0167194	0.0155101	
1.944e-08	646	-0.0354418	-0.0549092	0.997862	0.383241	0.403427	0.10099	0.0834386	0.0158256	0.0149927	
1.95e-08	648	0.0496589	0.0875256	0.994924	0.404521	0.393668	0.0923619	0.11491	0.0122752	0.0109914	
1.956e-08	650	-0.0238235	0.0198763	0.999519	0.393101	0.392254	0.0878903	0.0882624	0.0176774	0.0170547	
1.962e-08	652	0.0678037	-0.125903	0.989723	0.375502	0.38467	0.087776	0.0857831	0.0111414	0.0110485	
1.968e-08	654	-0.0869215	-0.159177	0.983416	0.354883	0.377246	0.106113	0.105166	0.0247018	0.0229318	
1.974e-08	656	-0.144563	0.0718675	0.986882	0.369521	0.372923	0.135019	0.0908685	0.00760994	0.0074546	
1.98e-08	658	-0.0669135	-0.0036885	0.997752	0.357502	0.364868	0.0904524	0.0907949	0.0149583	0.0145956	
1.986e-08	660	-0.0221047	-0.196879	0.980179	0.367523	0.359785	0.0913351	0.10362	0.0159398	0.0139626	
1.992e-08	662	0.173648	0.121165	0.977326	0.356586	0.34759	0.106661	0.120386	0.0181294	0.0169755	
1.998e-08	664	0.1673	-0.0923186	0.981574	0.345527	0.342405	0.126616	0.0772339	0.0249655	0.0228301	
2.004e-08	666	-0.0371669	-0.271843	0.961624	0.321044	0.340372	0.143964	0.116461	0.0229699	0.0196684	
2.01e-08	668	-0.157492	-0.051564	0.986173	0.330867	0.333206	0.102975	0.116375	0.0195647	0.0181197	
2.016e-08	670	-0.0856677	0.021641	0.996089	0.314981	0.32573	0.102507	0.0972585	0.01718	0.0148279	
2.022e-08	672	-0.193019	-0.112092	0.974771	0.309647	0.317993	0.0969799	0.0822669	0.0193475	0.0181158	
2.028e-08	674	0.151951	-0.0616018	0.986467	0.312674	0.310503	0.15894	0.106128	0.0172575	0.0140758	
2.034e-08	676	0.198497	-0.154265	0.967885	0.278023	0.300836	0.105971	0.143796	0.0365919	0.0291994	
2.04e-08	678	0.28546	0.188695	0.939631	0.267642	0.290071	0.209463	0.116459	0.0311517	0.0182107	
2.046e-08	680	0.00903522	0.337848	0.941157	0.26712	0.28598	0.113384	0.115132	0.0328744	0.0265146	
2.052e-08	682	-0.0421991	0.0657938	0.996941	0.257315	0.273686	0.11516	0.0682972	0.0226871	0.0227105	
2.058e-08	684	0.0192133	-0.34467	0.938527	0.277131	0.270703	0.07185	0.137198	0.0441586	0.0416843	
2.064e-08	686	-0.165368	0.420052	0.892306	0.219599	0.257435	0.0480794	0.0900062	0.0366931	0.0298906	
2.07e-08	688	0.00504792	-0.154165	0.988032	0.231378	0.238295	0.119578	0.104015	0.0528198	0.0527019	
2.076e-08	690	0.129542	0.141105	0.981483	0.248186	0.241353	0.128418	0.124038	0.0316745	0.0249975	
2.082e-08	692	0.0383749	-0.141581	0.989183	0.214396	0.226636	0.107433	0.106857	0.0699696	0.0543073	
2.088e-08	694	-0.101696	0.0486977	0.993623	0.202102	0.21433	0.114675	0.0751486	0.0547778	0.056488	
2.094e-08	696	-0.259109	0.103251	0.960313	0.163776	0.194975	0.0780376	0.0674562	0.0793431	0.0739424	
2.1e-08	698	0.484882	-0.0982173	-0.869047	0.226858	0.17578	0.16778	0.147857	1.60421	0.159099	
2.106e-08	700	0.0992773	0.0785142	-0.991957	0.186063	0.177211	0.0575323	0.0932556	0.0613523	0.0532216	
2.112e-08	702	0.182663	0.648325	-0.739127	0.149405	0.152555	0.172229	0.105762	0.15352	0.108508	
2.118e-08	704	-0.034732	-0.631426	0.774658	0.0325199	0.127157	0.119596	0.0704296	1.14267	0.141327	
2.124e-08	706	-0.443864	-0.0558505	0.894352	0.161226	0.118098	0.116498	0.0543362	1.12174	0.191789	
2.13e-08	708	-0.407344	0.530324	0.743523	0.0934962	0.10439	0.0925587	0.0794113	0.236624	0.148932	
2.136e-08	710	0.471195	0.310699	0.825495	0.0673195	0.0928469	0.0781673	0.11783	0.467628	0.130197	
2.142e-08	712	0.845474	-0.219252	0.486931	0.0365257	0.0885433	0.105506	0.0947717	0.419955	0.118792	
2.148e-08	714	-0.070157	0.145267	-0.986902	0.0603299	0.0693963	0.121615	0.0751808	0.202206	0.0342511	
2.154e-08	716	-0.93745	0.230217	-0.261129	0.0292752	0.0684092	0.0999082	0.0828658	0.197133	0.0483831	
2.16e-08	718	0.474849	-0.541196	-0.693992	0.048004	0.0660923	0.0584591	0.0879235	0.259732	0.0530273	
2.166e-08	720	-0.703142	0.392378	-0.592985	0.0451868	0.0497093	0.0545594	0.0562935	0.120346	0.0385684	
2.172e-08	722	0.576521	-0.0500679	-0.815547	0.0990244	0.0527987	0.0695876	0.0293677	0.16384	0.038682	
2.178e-08	724	0.734365	0.510206	0.447658	0.0289674	0.0491293	0.0629058	0.0521516	0.102054	0.0281608	
2.184e-08	726	-0.485917	-0.85095	-0.199421	0.0264895	0.044732	0.0551234	0.0426014	0.0684801	0.0224955	
2.19e-08	728	0.843328	-0.0385207	-0.536017	0.0216578	0.0427154	0.0375457	0.040358	0.0934659	0.0251683	
2.196e-08	730	0.206864	-0.809912	0.548862	0.0678675	0.040503	0.0376789	0.0449379	0.0681499	0.0224542	
2.202e-08	732	-0.272769	-0.493762	0.82571	0.0519017	0.0428559	0.0247953	0.0607795	0.0972649	0.0365342	
2.208e-08	734	0.784288	-0.618802	0.0444565	0.0298251	0.0422473	0.0566288	0.0315504	0.0733781	0.0288618	
2.214e-08	736	-0.747341	-0.459791	0.47966	0.0508822	0.0396879	0.0445181	0.03042	0.0632355	0.0194079	
2.22e-08	738	0.358302	0.374762	-0.855087	0.071819	0.0387767	0.0312364	0.0364952	0.0694024	0.0194953	
2.226e-08	740	0.783025	-0.621188	0.0315779	0.012187	0.0363424	0.0357357	0.0435164	0.0363095	0.0186106	
2.232e-08	742	-0.649833	-0.354925	0.672121	0.0467252	0.0410352	0.033627	0.031444	0.08338	0.0180162	
2.238e-08	744	0.0223457	-0.918602	0.394552	0.0352841	0.0346592	0.028351	0.0418415	0.0327451	0.0173804	
2.244e-08	746	-0.512882	-0.452876	-0.729284	0.025225	0.0355783	0.039041	0.0396979	0.0349695	0.0169574	
2.25e-08	748	-0.357858	0.776773	0.518229	0.0262045	0.0307501	0.0246463	0.0224785	0.0470883	0.0199887	
2.256e-08	750	0.0238787	-0.450395	0.89251	0.0428239	0.0344547	0.0226709	0.0437986	0.0474895	0.0225588	
2.262e-08	752	-0.553101	-0.360265	0.751191	0.0578074	0.0338362	0.0239904	0.0288768	0.043647	0.0127519	
2.268e-08	754	-0.221834	0.667591	-0.710712	0.013921	0.0297636	0.0239248	0.0331582	0.031369	0.0208267	
2.274e-08	756	0.101073	0.405723	-0.908391	0.0143516	0.0288845	0.0219266	0.0236217	0.0395549	0.021372	
2.28e-08	758	-0.441483	-0.897262	0.00375063	0.00846041	0.0290115	0.0193415	0.02229	0.0358614	0.0127249	
2.286e-08	760	-0.313823	-0.0733426	0.946645	0.0556573	0.0322774	0.0244563	0.0274571	0.0428645	0.0145378	
2.292e-08	762	0.00632398	0.949687	0.313137	0.0232824	0.0261541	0.0196859	0.0195868	0.0234551	0.0122197	
2.298e-08	764	-0.0295736	0.141266	0.98953	0.0297319	0.0321372	0.0343054	0.011529	0.042955	0.011248	
2.304e-08	766	0.12045	-0.0274445	-0.99234	0.0587088	0.0276991	0.0209286	0.0200586	0.0334388	0.0153953	
2.31e-08	768	0.655437	-0.449404	0.606992	0.0138495	0.0284577	0.0167062	0.0209836	0.0317535	0.00799425	
2.316e-08	770	-0.235266	-0.645755	-0.726395	0.037738	0.0280646	0.0110992	0.0313378	0.0281253	0.0107324	
2.322e-08	772	0.674369	-0.703637	0.223878	0.0180219	0.0305562	0.0262568	0.0206265	0.0332414	0.00903459	
2.328e-08	774	0.00609201	-0.803214	-0.595659	0.0157697	0.0261264	0.0140908	0.0178559	0.027911	0.0095682	
2.334e-08	776	-0.370857	0.664134	0.649146	0.0268205	0.0259689	0.0153905	0.0137393	0.0242281	0.00723975	
2.34e-08	778	0.446726	-0.782734	0.433316	0.0381756	0.0272548	0.0189665	0.0151104	0.0301271	0.00875053	
2.346e-08	780	-0.599561	-0.294012	0.744368	0.0189803	0.026636	0.0128021	0.0214608	0.0258838	0.0109095	
2.352e-08	782	0.524658	0.795632	0.302825	0.0136319	0.0238346	0.0115052	0.014253	0.0220378	0.00729229	
2.358e-08	784	-0.217603	0.225446	0.949644	0.0278278	0.0226468	0.0121863	0.012418	0.0187326	0.00633908	
2.364e-08	786	0.673515	0.114422	-0.730264	0.0123397	0.0209123	0.0101036	0.0138965	0.0128361	0.00515526	
2.37e-08	788	-0.683897	-0.514117	-0.517656	0.017376	0.0222092	0.0139575	0.0123437	0.0138588	0.00501637	
2.376e-08	790	0.481401	0.308427	0.820442	0.00870462	0.0196722	0.00879852	0.00918574	0.0129742	0.00341746	
2.382e-08	792	-0.956805	0.0696162	-0.282272	0.0159065	0.023261	0.010795	0.0134655	0.0211249	0.00683465	
2.388e-08	794	0.836372	-0.372179	-0.402448	0.0232112	0.0235807	0.0184185	0.0111378	0.0143718	0.00632899	
2.394e-08	796	0.161335	-0.173467	0.971535	0.0198901	0.0234646	0.0175516	0.0146928	0.0174652	0.00988354	
2.4e-08	798	-0.772204	0.628848	-0.0908347	0.0183064	0.0216843	0.011053	0.0129897	0.0124803	0.00557287	
2.406e-08	800	-0.729222	-0.370747	-0.575136	0.0241768	0.0242601	0.0109313	0.0202861	0.0161674	0.00587333	
2.412e-08	802	0.0129611	-0.885895	0.463704	0.0101544	0.0206032	0.0155639	0.0100627	0.0100334	0.00626142	
2.418e-08	804	-0.995062	-0.0117931	0.0985513	0.0146047	0.0195759	0.0122038	0.00895035	0.00896131	0.0038498	
2.424e-08	806	0.0709435	0.372446	0.925338	0.0182773	0.0198937	0.00464464	0.0102728	0.0171633	0.0065071	
2.43e-08	808	0.800373	-0.238995	-0.549803	0.03067	0.0231877	0.0114866	0.0135874	0.0145061	0.006316	
2.436e-08	810	-0.845302	0.349009	-0.404545	0.0199888	0.0224016	0.0160643	0.00968062	0.01529	0.00579215	
2.442e-08	812	-0.958385	0.00225969	0.28547	0.0154141	0.0171344	0.00754495	0.00759336	0.00734204	0.00169762	
2.448e-08	814	0.557876	0.724899	0.4041	0.0200494	0.0204379	0.0120021	0.0116411	0.0114676	0.00562256	
2.454e-08	816	-0.554086	0.428698	-0.713587	0.0212961	0.0177642	0.00757456	0.00987906	0.00847084	0.00363401	
2.46e-08	818	-0.622496	-0.456488	0.635702	0.0272165	0.0188664	0.00629544	0.0108963	0.010939	0.00332039	
2.466e-08	820	0.712751	0.608679	-0.348563	0.013813	0.0171754	0.00774307	0.007801	0.00886766	0.00385183	
2.472e-08	822	-0.439883	0.218368	0.871102	0.00674093	0.0209032	0.00690752	0.0128919	0.0138718	0.00359171	
2.478e-08	824	-0.376471	-0.506187	-0.775915	0.0411536	0.019107	0.00822713	0.0117716	0.0114618	0.00632853	
2.484e-08	826	-0.344663	-0.414911	0.842055	0.0188146	0.0187004	0.00722153	0.00995815	0.0125147	0.00561328	
2.49e-08	828	-0.228079	0.943101	0.241951	0.0182932	0.0185647	0.00566035	0.0129247	0.00741478	0.00320282	
2.496e-08	830	-0.53486	0.64016	0.551471	0.00609917	0.0163777	0.00804367	0.0077495	0.00659824	0.00384071	
2.502e-08	832	-0.631559	-0.775328	-5.67677e-05	0.0189984	0.0186606	0.0114514	0.0112659	0.00654081	0.00510564	
2.508e-08	834	-0.869745	0.454428	-0.192453	0.0117991	0.0194687	0.0108698	0.00983256	0.0106536	0.004835	
2.514e-08	836	-0.312048	-0.439244	0.842431	0.00820725	0.0175715	0.00770969	0.00687795	0.0103331	0.00364484	
2.52e-08	838	0.236264	-0.814921	0.529229	0.0224231	0.0185273	0.00862076	0.00720259	0.00883741	0.0030621	
2.526e-08	840	0.882457	0.440404	-0.165272	0.0170972	0.0176979	0.00770316	0.00825686	0.0106307	0.00481158	
2.532e-08	842	-0.946752	0.120055	0.298744	0.0180392	0.017645	0.00666274	0.00775432	0.00987707	0.00491887	
2.538e-08	844	-0.253542	-0.076368	0.964305	0.024196	0.0171477	0.00420339	0.00831379	0.0088793	0.00242733	
2.544e-08	846	0.129073	-0.627905	-0.767513	0.0177324	0.015613	0.00834797	0.00578894	0.00689468	0.00444869	
2.55e-08	848	-0.690116	-0.58502	0.426018	0.0177242	0.0160237	0.00971102	0.00545241	0.00628222	0.00362303	
2.556e-08	850	-0.381153	-0.911346	0.155469	0.00504193	0.0168056	0.00934993	0.00721461	0.0063007	0.00468626	
2.562e-08	852	-0.251129	0.214123	0.943973	0.0311136	0.0160518	0.00573089	0.00540554	0.00751306	0.00238491	
2.568e-08	854	-0.611765	0.708569	-0.351672	0.0199032	0.0170033	0.00869612	0.00786862	0.0059801	0.00378499	
2.574e-08	856	0.193819	-0.0444293	-0.980031	0.00764015	0.0163186	0.00576331	0.0076568	0.00733928	0.00402686	
2.58e-08	858	-0.259526	-0.886798	-0.382407	0.00892971	0.0165564	0.00808681	0.0071269	0.00640423	0.00321706	
2.586e-08	860	0.935916	0.292723	0.195893	0.0105158	0.0170468	0.00534555	0.00717176	0.0100911	0.00306462	
2.592e-08	862	0.994278	-0.00800552	0.106527	0.016518	0.0162711	0.00859082	0.00544532	0.0055381	0.00205626	
2.598e-08	864	-0.666329	0.100948	0.738793	0.0213965	0.0193274	0.0124939	0.00907116	0.00883544	0.00490517	
2.604e-08	866	0.702651	0.0307381	-0.710871	0.0247765	0.0168191	0.00678214	0.00584913	0.00702402	0.00300615	
2.61e-08	868	-0.368321	-0.90764	0.201321	0.0212949	0.0135461	0.00623065	0.00505596	0.00360452	0.00304539	
2.616e-08	870	-0.158873	-0.385116	0.90909	0.0113657	0.014176	0.00364859	0.0060819	0.00596132	0.00292075	
2.622e-08	872	0.174688	0.928136	-0.328707	0.0172054	0.0147596	0.00629396	0.0051487	0.00544951	0.00228129	
2.628e-08	874	-0.674157	-0.102586	-0.731429	0.0130325	0.0177861	0.00611322	0.0081505	0.00913138	0.00364139	
2.634e-08	876	-0.0566376	0.559568	0.826847	0.0290296	0.0168118	0.00877595	0.00805253	0.00563686	0.00411619	
2.64e-08	878	0.345814	0.64739	0.67919	0.0219298	0.0185531	0.00932989	0.00732809	0.00847904	0.00302495	
2.646e-08	880	-0.469668	-0.79155	0.390974	0.00927164	0.0146337	0.00674112	0.00660555	0.00624455	0.00547621	
2.652e-08	882	-0.00953519	-0.0422739	-0.999061	0.0280389	0.0166299	0.00646069	0.00637833	0.00977784	0.00456037	
2.658e-08	884	0.922414	-0.0627308	-0.381074	0.0160462	0.0143886	0.00549648	0.00434621	0.00428788	0.0017583	
2.664e-08	886	-0.860636	0.044408	0.507281	0.0090621	0.0139032	0.00325826	0.00697051	0.00445564	0.00224212	
2.67e-08	888	-0.931354	-0.350137	0.0999232	0.0125522	0.0153861	0.00597646	0.00648957	0.00518532	0.00245731	
2.676e-08	890	-0.522383	0.636564	0.567364	0.0182181	0.0160282	0.00699022	0.00521096	0.00747394	0.00302611	
2.682e-08	892	0.164152	0.62929	0.759637	0.00467068	0.0132499	0.00350711	0.00501088	0.00507571	0.0023551	
2.688e-08	894	0.130054	-0.810974	-0.570445	0.0238506	0.0161215	0.00504599	0.00584161	0.00856032	0.00280974	
2.694e-08	896	-0.579193	0.460839	-0.672431	0.00938713	0.0143707	0.004879	0.00401254	0.00677534	0.00247703	
2.7e-08	898	0.0320255	0.606986	0.794067	0.00798475	0.0154443	0.00533648	0.00728628	0.00441847	0.00213225	
2.706e-08	900	-0.524314	0.246389	-0.8151	0.0314628	0.0164183	0.00549668	0.0043051	0.0099178	0.00249098	
