#----------------------------------------------------------------------------------------------------------------------------------------------------------
# Output file for vampire simulation
#   time       : 2024-08-29 04:59:12     process id : 4009522
#   hostname   : node120.viking2.yor.alces.network
#   path       : /users/ky883/parameter/WS_dia5/AI_Dataset/size_9.0_9.0_10.0/Temp_900/random_1
#----------------------------------------------------------------------------------------------------------------------------------------------------------
6e-11	0	-0.00986337	-0.00577302	0.999935	0.999866	0.999826	0	0	0	0	
1.2e-10	2	0.000417844	0.000673283	1	0.998989	0.998978	0.0280448	0.0360552	4.75095e-06	4.61553e-06	
1.8e-10	4	0.00110105	-0.00248453	0.999996	0.997929	0.997948	0.0474878	0.0474927	9.0272e-06	8.9731e-06	
2.4e-10	6	-0.000735731	-0.000655314	1	0.996968	0.99693	0.0439438	0.0277058	1.07908e-05	1.02477e-05	
3e-10	8	0.00073726	0.00156589	0.999999	0.995832	0.995911	0.0571657	0.0395534	1.92863e-05	1.9775e-05	
3.6e-10	10	0.00339079	-0.00139367	0.999993	0.994993	0.994892	0.0763119	0.0544992	2.75297e-05	2.3971e-05	
4.2e-10	12	-0.00108565	-0.00272869	0.999996	0.993853	0.993862	0.0608424	0.0408267	1.99171e-05	1.96038e-05	
4.8e-10	14	0.000135392	-0.00461705	0.999989	0.992667	0.992827	0.0384179	0.0590983	2.8236e-05	3.1444e-05	
5.4e-10	16	-0.000414008	0.00534087	0.999986	0.991956	0.991789	0.0684013	0.0868438	2.21706e-05	2.79519e-05	
6e-10	18	-0.000282645	0.00293532	0.999996	0.990763	0.990743	0.0283501	0.0538971	3.57704e-05	3.50085e-05	
6.6e-10	20	-0.000405376	-0.00125322	0.999999	0.989821	0.98974	0.0673836	0.0267181	3.67675e-05	3.29677e-05	
7.2e-10	22	-0.00348165	-0.00276849	0.99999	0.988575	0.988635	0.0461793	0.032057	3.62906e-05	3.52245e-05	
7.8e-10	24	0.00586044	0.00621851	0.999963	0.987444	0.987599	0.0508712	0.0603662	5.03538e-05	4.40551e-05	
8.4e-10	26	0.00667883	-0.00541878	0.999963	0.986775	0.9866	0.0647486	0.103459	3.76913e-05	3.22971e-05	
9e-10	28	0.00210096	0.00177467	0.999996	0.985522	0.985557	0.0382662	0.0472383	4.10528e-05	3.94545e-05	
9.6e-10	30	-0.00611418	-0.0134412	0.999891	0.98449	0.984498	0.0291382	0.059893	6.77467e-05	6.73222e-05	
1.02e-09	32	-0.00110936	-0.00229643	0.999997	0.983529	0.983494	0.0745572	0.0387823	4.98424e-05	4.7392e-05	
1.08e-09	34	0.00129032	0.00520867	0.999986	0.982459	0.982437	0.0852664	0.0749896	8.13732e-05	7.86694e-05	
1.14e-09	36	-6.04337e-05	0.00668922	0.999978	0.981768	0.981363	0.0359098	0.0577293	6.47818e-05	6.70384e-05	
1.2e-09	38	-0.0099408	-0.00413076	0.999942	0.980512	0.980358	0.0764226	0.0427759	5.41485e-05	4.97933e-05	
1.26e-09	40	-0.0016513	-0.00324823	0.999993	0.978858	0.979181	0.0460971	0.0379196	7.88226e-05	7.51386e-05	
1.32e-09	42	0.0038777	-0.00360427	0.999986	0.978048	0.978252	0.0350406	0.0748797	8.26243e-05	8.8629e-05	
1.38e-09	44	-0.000670991	0.00146427	0.999999	0.977139	0.977198	0.0617465	0.0260973	0.000120038	0.000123217	
1.44e-09	46	-0.00969815	-0.00791209	0.999922	0.975672	0.976034	0.059884	0.0514565	9.53066e-05	0.000101614	
1.5e-09	48	-0.00281528	-0.00359652	0.99999	0.975428	0.975082	0.0558264	0.0545372	9.24201e-05	8.83291e-05	
1.56e-09	50	-0.00959468	-0.003333	0.999948	0.973696	0.973915	0.0464812	0.0433317	0.000115625	0.000106552	
1.62e-09	52	0.00159236	-0.00615876	0.99998	0.972672	0.972962	0.0856186	0.0880237	0.000101384	0.000101136	
1.68e-09	54	0.00712878	0.00665767	0.999952	0.972283	0.971863	0.0450847	0.0543892	0.000107947	0.000107187	
1.74e-09	56	0.00735469	-0.000406075	0.999973	0.970452	0.970761	0.0702913	0.0584573	0.00011128	0.000112519	
1.8e-09	58	0.00929384	0.000336881	0.999957	0.970272	0.969932	0.0825177	0.0409432	0.000109036	0.000101505	
1.86e-09	60	-0.0012681	0.00304976	0.999995	0.968687	0.968704	0.0269021	0.0529739	0.000134658	0.00012117	
1.92e-09	62	-0.0168045	-0.022185	0.999613	0.967191	0.967535	0.0493385	0.0652116	0.000150282	0.000135101	
1.98e-09	64	-0.00375649	0.00699149	0.999969	0.966535	0.966549	0.0483773	0.0341971	0.000166893	0.000164201	
2.04e-09	66	0.0205659	0.00718074	0.999763	0.96518	0.965399	0.0678582	0.0501412	0.000135411	0.000126502	
2.1e-09	68	-0.00530737	-0.0184123	0.999816	0.96482	0.964456	0.0452128	0.07187	0.000152752	0.00014161	
2.16e-09	70	-0.0102445	-0.00695214	0.999923	0.962969	0.963296	0.0533744	0.0432284	0.000177095	0.000166158	
2.22e-09	72	0.0118772	0.0128331	0.999847	0.961891	0.962201	0.0502813	0.0525456	0.00012808	0.000134232	
2.28e-09	74	0.000860928	-0.00667616	0.999977	0.960921	0.961105	0.0687118	0.0775804	8.18868e-05	8.41304e-05	
2.34e-09	76	0.00136492	-0.00192129	0.999997	0.960184	0.959833	0.0720184	0.10153	0.000143227	0.000126638	
2.4e-09	78	-0.00613817	0.00103691	0.999981	0.958894	0.958816	0.0478983	0.0692892	0.000156878	0.000139963	
2.46e-09	80	-0.00288495	-0.0119276	0.999925	0.958113	0.957828	0.0510415	0.0476681	0.000127802	0.000131801	
2.52e-09	82	0.00638883	0.00600632	0.999962	0.956854	0.956538	0.0451721	0.0467067	0.000137448	0.000132362	
2.58e-09	84	-0.0182986	0.0162752	0.9997	0.955842	0.955723	0.0640278	0.0384039	0.000124183	0.000107795	
2.64e-09	86	-0.000337317	0.00427913	0.999991	0.95387	0.954448	0.0231187	0.0736729	0.000153412	0.000160749	
2.7e-09	88	-0.00936945	0.0156187	0.999834	0.953446	0.953362	0.101294	0.0347109	0.000178472	0.00017418	
2.76e-09	90	-0.00490814	0.0163829	0.999854	0.953296	0.952426	0.0427611	0.0602234	0.000227235	0.000197033	
2.82e-09	92	0.0103443	0.0179075	0.999786	0.950308	0.951159	0.0492944	0.0387821	0.000160268	0.00015625	
2.88e-09	94	0.00488049	-0.00499982	0.999976	0.949984	0.950029	0.0489859	0.0701243	0.000198085	0.00018171	
2.94e-09	96	0.00609563	0.0166252	0.999843	0.949217	0.94913	0.0562062	0.0891593	8.62479e-05	8.94946e-05	
3e-09	98	-0.00401316	-0.00856955	0.999955	0.947645	0.94786	0.07156	0.0607053	0.000226002	0.000202781	
3.06e-09	100	0.00886056	-0.00593884	0.999943	0.946615	0.946863	0.0448674	0.0495696	0.000119302	0.000118349	
3.12e-09	102	0.00567416	-0.00526834	0.99997	0.944852	0.945551	0.068527	0.0670179	0.000314971	0.000294067	
3.18e-09	104	-0.0234927	0.00163844	0.999723	0.945801	0.944939	0.0834465	0.0521363	0.000280625	0.000276253	
3.24e-09	106	0.0179614	0.00112428	0.999838	0.944397	0.94339	0.0761258	0.0671	0.000279662	0.000276973	
3.3e-09	108	-0.00425536	-0.000678823	0.999991	0.942251	0.942127	0.0406898	0.0507904	0.000325137	0.00030097	
3.36e-09	110	-0.0279618	0.00334676	0.999603	0.941916	0.941225	0.0430865	0.0553725	0.000184738	0.000210965	
3.42e-09	112	-0.0220455	0.0109688	0.999697	0.940292	0.940259	0.0653351	0.0679851	0.000165121	0.000155723	
3.48e-09	114	-2.51412e-05	0.00940839	0.999956	0.939648	0.939125	0.0438456	0.0766148	0.000257027	0.000252284	
3.54e-09	116	-0.0108438	0.0142235	0.99984	0.937421	0.937933	0.0536207	0.0606657	0.000437194	0.000439288	
3.6e-09	118	0.0128816	0.0153699	0.999799	0.936479	0.936772	0.0666119	0.0658264	0.000304207	0.000308275	
3.66e-09	120	-0.001407	-0.0174394	0.999847	0.935909	0.935131	0.042249	0.0815315	0.000257999	0.000243297	
3.72e-09	122	-0.00176697	0.0225396	0.999744	0.933105	0.934406	0.0667459	0.0476308	0.000352052	0.000306978	
3.78e-09	124	-0.00683799	-0.0146738	0.999869	0.935199	0.933296	0.0467099	0.0656585	0.000503322	0.000489981	
3.84e-09	126	-0.0299103	-0.0230377	0.999287	0.93142	0.931918	0.0807872	0.0544137	0.000422228	0.000433977	
3.9e-09	128	-0.0156375	0.0113299	0.999814	0.930857	0.931038	0.0572709	0.0583439	0.000176915	0.000179895	
3.96e-09	130	-0.0154459	0.00290663	0.999876	0.929501	0.929699	0.104923	0.0357821	0.000270934	0.000232872	
4.02e-09	132	0.0136841	-0.0105542	0.999851	0.928309	0.928715	0.0588699	0.0639373	0.000317125	0.000295696	
4.08e-09	134	0.00683907	0.017894	0.999816	0.928097	0.927347	0.0753623	0.109809	0.000162198	0.000162978	
4.14e-09	136	0.0267391	0.0112217	0.999579	0.926283	0.926297	0.08036	0.0550428	0.000176011	0.000155603	
4.2e-09	138	-0.0100511	-0.00728197	0.999923	0.926775	0.9251	0.0571229	0.0834735	0.000412923	0.000396654	
4.26e-09	140	-0.00817864	0.0178	0.999808	0.926551	0.924266	0.0635812	0.0534123	0.000259368	0.000270327	
4.32e-09	142	0.00202815	-0.00303934	0.999993	0.924493	0.92319	0.0759148	0.0766864	0.000500565	0.000465736	
4.38e-09	144	-0.0156723	-0.0189269	0.999698	0.921476	0.921835	0.0672978	0.0657078	0.000199337	0.000205611	
4.44e-09	146	-0.0113966	-0.0174855	0.999782	0.919907	0.920975	0.0479466	0.068996	0.000371189	0.000402916	
4.5e-09	148	-0.00305175	-0.00389182	0.999988	0.919623	0.919558	0.0612025	0.0413547	0.000616789	0.000637246	
4.56e-09	150	0.00960883	0.00212363	0.999952	0.920266	0.91827	0.0530908	0.0680086	0.000529882	0.00047905	
4.62e-09	152	-0.00637043	0.0127954	0.999898	0.915767	0.917133	0.0407843	0.052447	0.000300597	0.000308389	
4.68e-09	154	-0.0161854	0.0270063	0.999504	0.915905	0.916221	0.0738126	0.052181	0.000332541	0.00033929	
4.74e-09	156	-0.041934	-0.0072549	0.999094	0.915553	0.914922	0.0549824	0.0667276	0.000286876	0.000300893	
4.8e-09	158	0.0150519	0.0218049	0.999649	0.913393	0.913419	0.0359351	0.0513636	0.000395533	0.000368649	
4.86e-09	160	0.0171545	0.0431395	0.998922	0.912107	0.912485	0.0441957	0.108177	0.000285017	0.000304348	
4.92e-09	162	-0.0210447	0.00870019	0.999741	0.910279	0.911272	0.0516492	0.0824608	0.000516575	0.000485013	
4.98e-09	164	0.00450167	-0.0124828	0.999912	0.907423	0.909899	0.0723537	0.0395238	0.000673067	0.000639555	
5.04e-09	166	0.0312279	0.0342685	0.998925	0.909941	0.909113	0.0996658	0.0607082	0.000252086	0.000216849	
5.1e-09	168	-0.0189979	-0.0314532	0.999325	0.90906	0.907493	0.0667587	0.0370359	0.000604308	0.000622259	
5.16e-09	170	-0.0173948	0.00880056	0.99981	0.906118	0.906304	0.0368273	0.0376641	0.000321403	0.000306593	
5.22e-09	172	0.0112647	-0.0251475	0.99962	0.904893	0.905482	0.0669637	0.036886	0.000242144	0.00021415	
5.28e-09	174	-0.0261375	0.00481684	0.999647	0.904093	0.904067	0.0480496	0.0661657	0.000208502	0.000211947	
5.34e-09	176	-0.00233438	-0.00106982	0.999997	0.902726	0.902632	0.0650824	0.064936	0.000594211	0.000514598	
5.4e-09	178	-0.00431484	0.0118438	0.999921	0.901853	0.901594	0.0584681	0.0765842	0.000512781	0.000472363	
5.46e-09	180	6.13117e-05	0.00794874	0.999968	0.901285	0.900717	0.051341	0.0354379	0.000429894	0.000416023	
5.52e-09	182	0.0257841	-0.00587754	0.99965	0.899062	0.899197	0.0482211	0.0527688	0.000614676	0.000591075	
5.58e-09	184	-0.00658866	0.00321908	0.999973	0.898799	0.898606	0.071872	0.0501295	0.000358403	0.000365871	
5.64e-09	186	0.000750377	0.0443713	0.999015	0.899047	0.896787	0.0584282	0.073305	0.000437756	0.000426259	
5.7e-09	188	-0.00169195	0.00302069	0.999994	0.894135	0.895068	0.0695303	0.0337384	0.000626783	0.000578136	
5.76e-09	190	-0.000536567	-0.0348581	0.999392	0.897588	0.894405	0.0765859	0.0528379	0.00053849	0.000562152	
5.82e-09	192	-0.0435486	0.0175199	0.998898	0.893943	0.893221	0.0856333	0.0517623	0.000291989	0.000229301	
5.88e-09	194	0.0389303	0.0167095	0.999102	0.893796	0.892482	0.0390695	0.08484	0.000534517	0.000471628	
5.94e-09	196	-0.0367089	-0.016288	0.999193	0.890244	0.891008	0.0720357	0.0904014	0.000562402	0.000597904	
6e-09	198	0.0249063	0.016759	0.999549	0.889836	0.88957	0.077438	0.0502543	0.00034857	0.000372933	
6.06e-09	200	-0.0101123	-0.0150759	0.999835	0.888106	0.888348	0.0390949	0.068835	0.00044226	0.000406414	
6.12e-09	202	0.0426019	-0.00297598	0.999088	0.888773	0.887427	0.0658876	0.0690367	0.000323166	0.000318097	
6.18e-09	204	-0.0324831	0.025924	0.999136	0.88659	0.885744	0.0596155	0.0943372	0.000616172	0.000566127	
6.24e-09	206	-0.0360043	-0.0109587	0.999292	0.881282	0.885014	0.124737	0.0715556	0.000670806	0.000729363	
6.3e-09	208	0.00450451	-0.0122962	0.999914	0.881793	0.883221	0.0797669	0.0419753	0.000479014	0.000410705	
6.36e-09	210	-0.0133594	0.00493834	0.999899	0.88157	0.882	0.0653534	0.0623527	0.000566293	0.000479718	
6.42e-09	212	-0.0127005	-0.0261959	0.999576	0.882187	0.880524	0.0643048	0.0663807	0.000456468	0.000491119	
6.48e-09	214	0.00321777	0.0272093	0.999625	0.87766	0.878739	0.0258167	0.0665107	0.000403601	0.000468595	
6.54e-09	216	-0.00913167	-0.00305836	0.999954	0.876712	0.878428	0.021199	0.0330517	0.000385365	0.000388677	
6.6e-09	218	0.00764786	-0.00312934	0.999966	0.874809	0.876941	0.0906568	0.0451774	0.000582578	0.000639831	
6.66e-09	220	-0.00632103	-0.030559	0.999513	0.875301	0.875456	0.0425502	0.06003	0.000346688	0.000377305	
6.72e-09	222	-0.0283178	-0.000645404	0.999599	0.874283	0.874443	0.0631367	0.0561884	0.000925474	0.000896709	
6.78e-09	224	-0.0168691	-0.00672939	0.999835	0.873463	0.873477	0.0855623	0.0554991	0.000371034	0.000373989	
6.84e-09	226	0.00941913	0.00150507	0.999955	0.873208	0.87207	0.0875513	0.101925	0.000681747	0.000597468	
6.9e-09	228	0.0217041	0.0161734	0.999634	0.869537	0.870942	0.0496571	0.048096	0.000316863	0.000346571	
6.96e-09	230	0.00688749	-0.0167893	0.999835	0.871741	0.869898	0.0431399	0.0668115	0.000471752	0.000442864	
7.02e-09	232	0.00892929	-0.0178739	0.9998	0.869701	0.868129	0.0636756	0.0700732	0.0011084	0.001039	
7.08e-09	234	0.00710594	0.0708243	0.997463	0.867312	0.866903	0.0688863	0.0827122	0.00118842	0.00107672	
7.14e-09	236	-0.00865127	0.00480107	0.999951	0.863815	0.865632	0.0477893	0.0833854	0.000405505	0.000351989	
7.2e-09	238	0.00648999	-0.0192626	0.999793	0.864863	0.864243	0.0759038	0.0383452	0.000505227	0.000456787	
7.26e-09	240	-0.0512569	0.0114643	0.99862	0.863304	0.862909	0.0846679	0.0509714	0.000802728	0.000693073	
7.32e-09	242	-0.0357092	-0.00708528	0.999337	0.859458	0.861883	0.0679752	0.0442711	0.000657531	0.000642903	
7.38e-09	244	0.0074537	0.00459975	0.999962	0.862031	0.860551	0.0323031	0.0703101	0.000932135	0.000819766	
7.44e-09	246	0.00517897	0.0306947	0.999515	0.858665	0.859295	0.0635019	0.0391481	0.000746926	0.000704038	
7.5e-09	248	-0.0243182	-0.00478305	0.999693	0.858657	0.857581	0.0605458	0.0653993	0.000714324	0.000667456	
7.56e-09	250	0.0122978	-0.00807751	0.999892	0.855999	0.856329	0.109453	0.0933533	0.000997917	0.000897261	
7.62e-09	252	-0.00657429	-0.0104465	0.999924	0.854777	0.855236	0.0508795	0.0404032	0.000691152	0.000679666	
7.68e-09	254	0.0382956	0.0415482	0.998402	0.857126	0.854245	0.060033	0.0780165	0.000698591	0.000722664	
7.74e-09	256	0.0149748	0.0128197	0.999806	0.852373	0.852379	0.0440563	0.0506685	0.000594536	0.000579507	
7.8e-09	258	0.0194049	0.0189505	0.999632	0.854307	0.851658	0.0547795	0.0652294	0.000585021	0.000576524	
7.86e-09	260	0.0222319	0.00664962	0.999731	0.850772	0.849765	0.0721753	0.06329	0.000639102	0.000700526	
7.92e-09	262	-0.00211621	0.0310801	0.999515	0.843866	0.84812	0.0602209	0.0726415	0.000992527	0.000936628	
7.98e-09	264	-0.00582615	0.00801266	0.999951	0.848185	0.84731	0.0355361	0.0503024	0.000819299	0.000842879	
8.04e-09	266	-0.0178099	0.0146363	0.999734	0.847987	0.846053	0.0499045	0.0444317	0.000821918	0.000897849	
8.1e-09	268	-0.00875042	0.0384627	0.999222	0.840717	0.844222	0.051457	0.0798924	0.000638235	0.000709522	
8.16e-09	270	-0.0229796	-0.00354981	0.99973	0.843441	0.843627	0.0750909	0.0607338	0.000723542	0.000716939	
8.22e-09	272	0.0300822	-0.0119272	0.999476	0.839286	0.841314	0.079477	0.08498	0.000757615	0.000775412	
8.28e-09	274	-0.00451853	-0.00675082	0.999967	0.842225	0.841031	0.050411	0.0487275	0.000822224	0.00075437	
8.34e-09	276	-0.0180349	-0.006472	0.999816	0.838684	0.838671	0.0526675	0.0534444	0.000723948	0.000691881	
8.4e-09	278	-0.0152359	0.0147529	0.999775	0.833807	0.836664	0.0817405	0.0488457	0.000961913	0.000935316	
8.46e-09	280	0.0209821	0.0115814	0.999713	0.838357	0.836847	0.0459113	0.0443714	0.000569637	0.000578951	
8.52e-09	282	0.0092178	-0.014731	0.999849	0.836246	0.834787	0.0808615	0.0901577	0.00167482	0.00155283	
8.58e-09	284	0.0222533	-0.049051	0.998548	0.837663	0.834583	0.035908	0.0731449	0.00056996	0.000530537	
8.64e-09	286	-0.0144061	0.0432422	0.998961	0.836641	0.832304	0.0581397	0.0690479	0.00101573	0.00102705	
8.7e-09	288	0.0124815	0.00617466	0.999903	0.832005	0.830844	0.0654795	0.0659287	0.000877426	0.000783412	
8.76e-09	290	0.0138916	-0.00770818	0.999874	0.827866	0.829012	0.0728198	0.0647333	0.00101087	0.000980472	
8.82e-09	292	-0.0223641	0.000694088	0.99975	0.827284	0.828605	0.0536115	0.0675875	0.000435056	0.000390575	
8.88e-09	294	-0.00934481	0.0113715	0.999892	0.825824	0.826773	0.0596785	0.0588227	0.000930504	0.000798455	
8.94e-09	296	-0.0112448	-0.0303651	0.999476	0.825169	0.82471	0.0372062	0.104501	0.00114462	0.00109413	
9e-09	298	-0.031657	-0.0137865	0.999404	0.824683	0.823732	0.0528032	0.0947506	0.000882185	0.000796043	
9.06e-09	300	0.00820097	-0.00966424	0.99992	0.816522	0.822447	0.0596766	0.0776004	0.00103833	0.00114037	
9.12e-09	302	0.023043	-0.00327263	0.999729	0.820316	0.82079	0.043239	0.0756145	0.000821818	0.00078524	
9.18e-09	304	0.0248932	0.0359486	0.999044	0.816547	0.819939	0.0473395	0.119276	0.000716122	0.000634099	
9.24e-09	306	-0.0226633	0.0112953	0.999679	0.817134	0.818144	0.0744503	0.0696845	0.00133655	0.00128195	
9.3e-09	308	0.0265865	-0.0289619	0.999227	0.808765	0.816438	0.0718637	0.0498629	0.00153781	0.00143916	
9.36e-09	310	-0.0243469	-0.00183285	0.999702	0.819724	0.814485	0.0715809	0.0521013	0.00116859	0.00109134	
9.42e-09	312	0.00468303	-0.0244143	0.999691	0.813979	0.813168	0.0724479	0.0628597	0.00131178	0.00125708	
9.48e-09	314	0.00822779	-0.0339581	0.999389	0.81312	0.812006	0.0819272	0.0754987	0.00118958	0.00114775	
9.54e-09	316	-0.0169422	0.0644989	0.997774	0.809763	0.811089	0.0525888	0.0871278	0.0010949	0.00093087	
9.6e-09	318	-0.00330347	0.018961	0.999815	0.80862	0.808859	0.0665569	0.0889013	0.00146534	0.00135605	
9.66e-09	320	-0.034656	0.00442021	0.99939	0.809684	0.808178	0.0789953	0.0577077	0.00122641	0.00116732	
9.72e-09	322	0.0128147	0.0568834	0.998299	0.803138	0.807697	0.0492567	0.0532677	0.000991907	0.000922027	
9.78e-09	324	0.0325734	-0.0258893	0.999134	0.805883	0.805502	0.0816021	0.056152	0.00126292	0.00117813	
9.84e-09	326	-0.00513948	0.00995013	0.999937	0.80391	0.803887	0.0635038	0.0522292	0.00143428	0.00138004	
9.9e-09	328	0.0252259	0.00439488	0.999672	0.803014	0.802914	0.0751402	0.0317511	0.000825544	0.00106484	
9.96e-09	330	0.0060974	-0.012574	0.999902	0.806517	0.800775	0.0640423	0.0848329	0.00121657	0.0011239	
1.002e-08	332	0.0147062	0.0289838	0.999472	0.797781	0.799292	0.0780638	0.0638182	0.0011111	0.00113376	
1.008e-08	334	0.0254892	-0.0465266	0.998592	0.795745	0.796982	0.0849324	0.0892578	0.000815308	0.000841934	
1.014e-08	336	0.0166002	0.0379341	0.999142	0.794119	0.795662	0.066021	0.0959983	0.00124612	0.0011364	
1.02e-08	338	0.00621283	0.0440645	0.999009	0.793362	0.793541	0.0491879	0.118238	0.00124107	0.00113015	
1.026e-08	340	0.00262851	0.0362754	0.999338	0.789191	0.793293	0.0547102	0.0462657	0.00105744	0.00095871	
1.032e-08	342	-0.0191917	0.0266367	0.999461	0.78672	0.791322	0.0541765	0.0706963	0.00093368	0.000917911	
1.038e-08	344	0.0320051	0.0165258	0.999351	0.792135	0.789663	0.105763	0.15573	0.00116914	0.00094675	
1.044e-08	346	0.0255812	-0.0317412	0.999169	0.784615	0.788358	0.06401	0.0651691	0.00176269	0.00169913	
1.05e-08	348	0.0435551	-0.0250574	0.998737	0.785366	0.786147	0.0856127	0.089218	0.00105171	0.00111073	
1.056e-08	350	0.000549183	0.0274112	0.999624	0.786284	0.785267	0.0448501	0.0716357	0.000966009	0.00096239	
1.062e-08	352	-0.0154584	0.0312272	0.999393	0.77679	0.78374	0.121856	0.0506582	0.00142163	0.00136172	
1.068e-08	354	0.0390077	0.0290452	0.998817	0.786597	0.783427	0.0436925	0.0810509	0.00196815	0.00194813	
1.074e-08	356	0.0217824	0.0202545	0.999558	0.780038	0.781005	0.0397575	0.0794489	0.000807238	0.000837953	
1.08e-08	358	0.00978007	-0.0385379	0.999209	0.779682	0.778542	0.0868924	0.0358959	0.00148905	0.00136963	
1.086e-08	360	-0.010286	-0.0127522	0.999866	0.780073	0.776518	0.0512126	0.0621837	0.0014544	0.00138841	
1.092e-08	362	-0.00411887	-0.0159349	0.999865	0.779198	0.775442	0.0652097	0.0301321	0.00119914	0.00119776	
1.098e-08	364	-0.0365115	0.00339321	0.999327	0.777011	0.774004	0.061061	0.0824522	0.000893055	0.000942717	
1.104e-08	366	0.0289026	-0.00684333	0.999559	0.77031	0.773716	0.113898	0.112073	0.00138275	0.0014527	
1.11e-08	368	-0.00450181	-0.0199161	0.999792	0.770819	0.771834	0.0609986	0.0420099	0.00166566	0.00176582	
1.116e-08	370	-0.0212572	0.0195689	0.999583	0.769905	0.769198	0.0897072	0.0705469	0.000914913	0.000766624	
1.122e-08	372	-0.0236328	0.0432175	0.998786	0.758203	0.767447	0.0705542	0.0433328	0.00208838	0.00211219	
1.128e-08	374	-0.00112226	0.044491	0.999009	0.768597	0.766099	0.0570177	0.0781404	0.00148189	0.00162236	
1.134e-08	376	0.00305714	0.00300713	0.999991	0.765314	0.765124	0.082663	0.0704962	0.0012251	0.000907898	
1.14e-08	378	0.0193504	0.0377752	0.999099	0.7652	0.763179	0.0882504	0.088312	0.00149284	0.00133533	
1.146e-08	380	0.0234561	0.0175795	0.99957	0.760424	0.76146	0.0701085	0.0985618	0.00154316	0.0014407	
1.152e-08	382	-0.00912872	0.0196663	0.999765	0.762176	0.758325	0.0768387	0.0883935	0.00133874	0.00116237	
1.158e-08	384	0.0331538	0.00913304	0.999409	0.761801	0.758128	0.0506194	0.0530529	0.0019013	0.00178531	
1.164e-08	386	-0.000762584	0.0182531	0.999833	0.753428	0.756233	0.0655294	0.0876044	0.00178877	0.00160548	
1.17e-08	388	-0.016785	-0.0727	0.997213	0.755666	0.755868	0.0743525	0.073062	0.00170189	0.00146026	
1.176e-08	390	-0.000912457	0.00502556	0.999987	0.75843	0.752963	0.0896111	0.0787964	0.00176173	0.00195215	
1.182e-08	392	-0.0313139	0.00137479	0.999509	0.749928	0.750925	0.124907	0.0527305	0.00197506	0.00147242	
1.188e-08	394	-0.0245969	-0.00978751	0.99965	0.749832	0.748244	0.0845905	0.0498944	0.0021798	0.00192457	
1.194e-08	396	-0.0433461	0.00252844	0.999057	0.749005	0.747703	0.0650389	0.0968164	0.00174807	0.00180432	
1.2e-08	398	0.0525228	-0.0241467	0.998328	0.736785	0.746284	0.0514386	0.035163	0.00185353	0.00186559	
1.206e-08	400	-0.0215755	0.00581921	0.99975	0.74679	0.744664	0.089726	0.0858299	0.00193281	0.00163386	
1.212e-08	402	0.0357059	-0.0096069	0.999316	0.746877	0.741947	0.0697982	0.135926	0.00291876	0.00269665	
1.218e-08	404	-0.0538076	0.00910438	0.99851	0.736229	0.740394	0.0995725	0.0393245	0.00166328	0.00165843	
1.224e-08	406	0.0368831	0.0561061	0.997743	0.743123	0.740329	0.0903115	0.0492632	0.00174334	0.00187588	
1.23e-08	408	0.00339977	0.0188126	0.999817	0.740627	0.73592	0.0465761	0.112586	0.00264747	0.00271654	
1.236e-08	410	-0.0224993	0.0417275	0.998876	0.736042	0.736661	0.116223	0.063741	0.00114741	0.00116627	
1.242e-08	412	0.0169809	-0.0085795	0.999819	0.736446	0.733517	0.0768616	0.0699718	0.00188571	0.00133085	
1.248e-08	414	0.00934235	0.0247322	0.99965	0.733459	0.731647	0.0447602	0.050422	0.00232465	0.00230251	
1.254e-08	416	0.0475508	-0.0344032	0.998276	0.731098	0.729924	0.0453952	0.13096	0.00192145	0.00162252	
1.26e-08	418	-0.00920725	-0.0833865	0.996475	0.719921	0.727428	0.0552784	0.143747	0.00172462	0.00154651	
1.266e-08	420	-0.0125203	0.00784683	0.999891	0.724117	0.726153	0.0391997	0.109498	0.00187219	0.00151249	
1.272e-08	422	-0.0372717	-0.0107662	0.999247	0.723532	0.725514	0.077708	0.0488517	0.00139503	0.0013367	
1.278e-08	424	-0.0530644	0.014034	0.998492	0.717077	0.722692	0.0477785	0.0767427	0.0022887	0.00222183	
1.284e-08	426	0.0144529	0.0207162	0.999681	0.719106	0.721651	0.0664415	0.0569972	0.00119893	0.00121804	
1.29e-08	428	0.0405988	0.0350878	0.998559	0.717015	0.719713	0.0914859	0.0487987	0.00137477	0.00103875	
1.296e-08	430	0.0181947	0.00807692	0.999802	0.70718	0.715409	0.0617588	0.0556116	0.00224183	0.00235105	
1.302e-08	432	0.0566186	-0.0385271	0.997652	0.713018	0.717084	0.116302	0.0370942	0.00193018	0.00142444	
1.308e-08	434	-0.0231679	-0.00959534	0.999686	0.705274	0.71378	0.0717299	0.0989548	0.00188966	0.00155783	
1.314e-08	436	-0.0268612	0.0272583	0.999267	0.717906	0.71309	0.0925126	0.0517711	0.00163002	0.00168459	
1.32e-08	438	0.044085	0.0235307	0.998751	0.710066	0.710423	0.115244	0.0477847	0.00194249	0.00198061	
1.326e-08	440	0.0643737	0.0349838	0.997312	0.705997	0.707739	0.0807253	0.0618304	0.00196544	0.00191186	
1.332e-08	442	-0.0453829	0.0128092	0.998888	0.706717	0.706096	0.0702627	0.0688109	0.00353207	0.00303153	
1.338e-08	444	0.0339622	-0.0249364	0.999112	0.706512	0.704994	0.0884343	0.070118	0.00282723	0.00269145	
1.344e-08	446	0.0382656	0.0236464	0.998988	0.699667	0.702827	0.0963133	0.0765024	0.00147134	0.00158038	
1.35e-08	448	0.0180221	-0.0486546	0.998653	0.697124	0.699793	0.0840829	0.070284	0.00226642	0.00190779	
1.356e-08	450	-0.0758968	0.0218194	0.996877	0.690354	0.69907	0.0980378	0.0724632	0.00183112	0.00160941	
1.362e-08	452	-0.00841986	0.0244781	0.999665	0.696335	0.696978	0.0699052	0.0578488	0.00147008	0.00163045	
1.368e-08	454	-0.0100443	0.0115098	0.999883	0.684737	0.693338	0.0741549	0.053503	0.00164685	0.00167331	
1.374e-08	456	-0.00974847	-0.000218774	0.999952	0.688049	0.693103	0.0916747	0.0794379	0.00171329	0.00160847	
1.38e-08	458	-0.0383215	0.010239	0.999213	0.689348	0.690431	0.0572939	0.0528262	0.00245683	0.00250199	
1.386e-08	460	-0.0500774	-0.0587882	0.997014	0.692662	0.689294	0.0789598	0.0752944	0.00222934	0.00215369	
1.392e-08	462	0.0392403	-0.0245162	0.998929	0.686222	0.686048	0.0527789	0.0513997	0.00335512	0.00310746	
1.398e-08	464	-0.0130828	-0.0312347	0.999426	0.68199	0.683202	0.0916117	0.0766223	0.00147857	0.00155186	
1.404e-08	466	-0.0646043	-0.0642519	0.99584	0.68008	0.682766	0.0878989	0.0553295	0.0027102	0.0025389	
1.41e-08	468	-0.0175255	-0.0109729	0.999786	0.680442	0.679732	0.0511442	0.0584637	0.00279449	0.00272383	
1.416e-08	470	-0.0457264	0.000476449	0.998954	0.673959	0.675803	0.0501361	0.0495759	0.00237178	0.00229744	
1.422e-08	472	-0.0494242	-0.0432227	0.997842	0.677981	0.67584	0.099695	0.0853679	0.00243568	0.00201216	
1.428e-08	474	-0.0378759	0.0335568	0.998719	0.680544	0.673374	0.0441259	0.0578062	0.00250254	0.0022903	
1.434e-08	476	0.0411767	-0.0126783	0.999071	0.674196	0.671337	0.0481732	0.0835964	0.00346931	0.00323913	
1.44e-08	478	0.0151628	-0.0581392	0.998193	0.677843	0.670574	0.0567086	0.0726627	0.00204843	0.00208034	
1.446e-08	480	-0.0236564	-0.01806	0.999557	0.661657	0.666302	0.0687406	0.0605211	0.00317449	0.00251696	
1.452e-08	482	0.0258126	-0.0116609	0.999599	0.661105	0.664803	0.0597203	0.0580708	0.00260102	0.00281165	
1.458e-08	484	-0.0721822	0.0860126	0.993676	0.661936	0.664785	0.0745093	0.0844486	0.00372997	0.00350391	
1.464e-08	486	0.0751218	0.0181603	0.997009	0.662442	0.66136	0.0833643	0.0899765	0.00209422	0.00160237	
1.47e-08	488	0.0507839	0.0347566	0.998105	0.665779	0.660382	0.0646411	0.0240398	0.00253427	0.00220259	
1.476e-08	490	-0.0118089	0.00237751	0.999927	0.648407	0.655666	0.0708755	0.0800543	0.00274011	0.00286783	
1.482e-08	492	0.0606651	0.0213486	0.99793	0.649353	0.652898	0.0708559	0.109648	0.00262623	0.00216486	
1.488e-08	494	0.00385908	-0.0477165	0.998853	0.657535	0.650765	0.0666006	0.06073	0.00388124	0.00332615	
1.494e-08	496	0.0532834	-0.0619498	0.996656	0.638002	0.647014	0.108021	0.0589185	0.00343797	0.00320528	
1.5e-08	498	0.0466777	0.0302404	0.998452	0.657024	0.649461	0.0779362	0.074321	0.00295627	0.00260386	
1.506e-08	500	0.0141757	-0.0154471	0.99978	0.650625	0.645663	0.0407752	0.0897577	0.00259916	0.00286245	
1.512e-08	502	-0.0148782	0.0320841	0.999374	0.641841	0.640994	0.0689708	0.0780665	0.00198235	0.00182309	
1.518e-08	504	0.0058551	-0.0013689	0.999982	0.639434	0.639846	0.0488666	0.0748759	0.00340695	0.00323291	
1.524e-08	506	0.0115514	0.0414744	0.999073	0.637581	0.638542	0.0729056	0.0603698	0.00199118	0.00189389	
1.53e-08	508	0.0353678	-0.045287	0.998348	0.635216	0.634603	0.0645762	0.0774184	0.00323621	0.00300141	
1.536e-08	510	0.0300314	0.000544094	0.999549	0.636463	0.632523	0.098439	0.0596896	0.00372463	0.00409492	
1.542e-08	512	0.0314299	-0.0469732	0.998402	0.641273	0.630181	0.0958733	0.0637334	0.00284884	0.00248319	
1.548e-08	514	-0.0338619	-0.100176	0.994393	0.638278	0.627305	0.070411	0.0973935	0.00277414	0.00303932	
1.554e-08	516	-0.0216369	-0.0377709	0.999052	0.615821	0.627485	0.0883082	0.0809125	0.00311002	0.00333882	
1.56e-08	518	-0.0448947	-0.021069	0.99877	0.624268	0.622145	0.118845	0.0709841	0.00336139	0.00269916	
1.566e-08	520	0.0645167	0.0419324	0.997035	0.628998	0.621188	0.0898423	0.0682847	0.00324423	0.00332542	
1.572e-08	522	-0.0583725	0.0130699	0.998209	0.616792	0.617959	0.0757038	0.0495285	0.00314861	0.00336397	
1.578e-08	524	0.00438653	0.053992	0.998532	0.611479	0.616006	0.0948214	0.0820505	0.00257433	0.00200453	
1.584e-08	526	-0.0796396	0.0103883	0.99677	0.599223	0.613737	0.0475076	0.145092	0.00283568	0.00302341	
1.59e-08	528	0.0950467	-0.0123648	0.995396	0.606566	0.609808	0.102448	0.0692273	0.00278641	0.00264033	
1.596e-08	530	0.0783479	-0.0491944	0.995712	0.607821	0.608663	0.0606651	0.0507494	0.00275497	0.00279944	
1.602e-08	532	-0.0207149	-0.00547291	0.99977	0.603082	0.60422	0.0844482	0.0655625	0.00423718	0.00416934	
1.608e-08	534	-0.041768	0.0417652	0.998254	0.606957	0.60404	0.0851193	0.0899448	0.0029196	0.00260574	
1.614e-08	536	-0.115447	0.00585692	0.993296	0.59025	0.597968	0.107519	0.0739292	0.00307973	0.00330124	
1.62e-08	538	-0.0204191	-0.0230345	0.999526	0.59688	0.59729	0.0908016	0.104327	0.00327407	0.00293242	
1.626e-08	540	-0.108265	-0.00133911	0.994121	0.602064	0.59602	0.0989829	0.0900936	0.002375	0.00220307	
1.632e-08	542	0.0693087	0.0395912	0.996809	0.590348	0.589431	0.0851037	0.0854338	0.00638805	0.00664398	
1.638e-08	544	0.0482625	0.0433899	0.997892	0.590154	0.590838	0.119408	0.0808969	0.00294364	0.0022369	
1.644e-08	546	-0.0232712	-0.0204483	0.99952	0.579646	0.583763	0.0675692	0.0726125	0.00295895	0.00324939	
1.65e-08	548	0.0547424	0.0230259	0.998235	0.579961	0.58527	0.0919904	0.113239	0.00540198	0.00526119	
1.656e-08	550	-0.020493	-0.058766	0.998061	0.577334	0.578379	0.0952667	0.079424	0.00636571	0.00594983	
1.662e-08	552	-0.0920768	-0.0115054	0.995685	0.587498	0.57991	0.107764	0.0766451	0.00452567	0.00353847	
1.668e-08	554	0.0635393	0.0941967	0.993524	0.558862	0.575388	0.0830263	0.0914428	0.00687556	0.00524706	
1.674e-08	556	-0.0867634	0.0613686	0.994337	0.565532	0.570798	0.0711331	0.0917907	0.00239594	0.00196221	
1.68e-08	558	-0.01059	0.0618513	0.998029	0.571942	0.571145	0.0874501	0.0881259	0.00255501	0.00280878	
1.686e-08	560	-0.0905774	0.00494184	0.995877	0.578002	0.56816	0.0646959	0.0556943	0.00503234	0.00450676	
1.692e-08	562	0.0462293	-0.0134419	0.99884	0.568549	0.563215	0.127541	0.0805361	0.0046222	0.00346955	
1.698e-08	564	-0.0195992	-0.0793422	0.996655	0.564532	0.559246	0.070589	0.0501697	0.00580544	0.00561765	
1.704e-08	566	0.0199783	0.00628095	0.999781	0.555608	0.556733	0.0814127	0.0891726	0.00477868	0.0040771	
1.71e-08	568	0.019448	0.107277	0.994039	0.560905	0.555839	0.103343	0.080957	0.00369464	0.00412069	
1.716e-08	570	-0.114625	-0.0525074	0.99202	0.548024	0.551346	0.0575076	0.0831263	0.00425007	0.00407959	
1.722e-08	572	-0.0463376	-0.0391068	0.99816	0.550441	0.548989	0.114908	0.0696843	0.00571187	0.0050373	
1.728e-08	574	0.143547	-0.00397453	0.989636	0.545112	0.543235	0.111133	0.107553	0.00840993	0.0074475	
1.734e-08	576	-0.129132	0.0180033	0.991464	0.527581	0.539847	0.0810418	0.078864	0.00336997	0.00303722	
1.74e-08	578	0.00226598	-0.0143266	0.999895	0.528709	0.539186	0.0917573	0.113253	0.00795849	0.00646827	
1.746e-08	580	0.0122436	-0.0729267	0.997262	0.54061	0.534166	0.0935933	0.11289	0.00407829	0.00407055	
1.752e-08	582	0.00100603	-0.0114716	0.999934	0.529754	0.534785	0.126439	0.0907648	0.00568311	0.00494794	
1.758e-08	584	0.149344	0.0653786	0.986621	0.532835	0.526968	0.0837204	0.075785	0.00662447	0.00633757	
1.764e-08	586	-0.137695	0.0180594	0.99031	0.514496	0.52672	0.0787805	0.0772429	0.00655149	0.00646799	
1.77e-08	588	-0.0294556	0.0139594	0.999469	0.528289	0.523193	0.0876063	0.0364215	0.00434322	0.00395715	
1.776e-08	590	0.0870754	-0.0437016	0.995243	0.516132	0.51718	0.122785	0.0643317	0.00296918	0.00283824	
1.782e-08	592	0.128971	0.0420975	0.990754	0.505048	0.514387	0.118501	0.111775	0.00631181	0.00634713	
1.788e-08	594	-0.0156413	-0.00680421	0.999855	0.514826	0.509234	0.0315483	0.065822	0.00470105	0.00422752	
1.794e-08	596	-0.0401752	0.0818966	0.995831	0.497179	0.507788	0.0794017	0.0723848	0.00546565	0.00547233	
1.8e-08	598	-0.0545201	0.0153451	0.998395	0.508328	0.503378	0.0811114	0.0963594	0.00887372	0.00804651	
1.806e-08	600	0.0415933	-0.0865524	0.995379	0.489386	0.501603	0.0792557	0.0636324	0.00725317	0.00700605	
1.812e-08	602	0.0712555	-0.14572	0.986757	0.495261	0.496205	0.0852155	0.0946402	0.0063872	0.00633588	
1.818e-08	604	-0.0878177	-0.0742028	0.993369	0.481921	0.488043	0.111186	0.0843079	0.0085713	0.00750525	
1.824e-08	606	-0.008003	0.105844	0.994351	0.490218	0.48876	0.105436	0.138898	0.00553802	0.00479449	
1.83e-08	608	-0.04659	0.0486066	0.997731	0.478232	0.485985	0.151948	0.106929	0.009966	0.00795209	
1.836e-08	610	0.0268046	0.0336801	0.999073	0.495592	0.477914	0.0861424	0.0584143	0.00836841	0.00862777	
1.842e-08	612	-0.0627065	0.100152	0.992994	0.471412	0.477518	0.0835345	0.0735635	0.00918948	0.00841886	
1.848e-08	614	0.0292087	-0.0579033	0.997895	0.475676	0.472299	0.0885258	0.0650755	0.00897406	0.00870447	
1.854e-08	616	-0.0471614	0.0181986	0.998721	0.469585	0.468162	0.0690045	0.0667435	0.0069613	0.00722144	
1.86e-08	618	0.0643289	-0.0825579	0.994508	0.454989	0.46259	0.0671768	0.122931	0.0101012	0.00968825	
1.866e-08	620	-0.0862891	-0.0424865	0.995364	0.455558	0.458499	0.120641	0.113925	0.00693694	0.00775604	
1.872e-08	622	-0.0773505	0.0285235	0.996596	0.445932	0.452362	0.111362	0.0672907	0.00810171	0.00789799	
1.878e-08	624	0.0579664	-0.000977554	0.998318	0.455931	0.449555	0.107744	0.0807947	0.0131275	0.0114397	
1.884e-08	626	0.210275	0.115279	0.970822	0.443675	0.446624	0.156387	0.103851	0.0111654	0.010941	
1.89e-08	628	0.0273574	-0.0786876	0.996524	0.435179	0.443287	0.0699771	0.0819503	0.00721185	0.00678533	
1.896e-08	630	0.00746579	-0.132881	0.991104	0.410073	0.434843	0.0722024	0.0850427	0.0112979	0.0119517	
1.902e-08	632	-0.0385757	-0.0589512	0.997515	0.445482	0.428879	0.0602904	0.111834	0.00899735	0.00831071	
1.908e-08	634	-0.119337	-0.20541	0.971373	0.418676	0.423979	0.131552	0.111028	0.0133186	0.0111865	
1.914e-08	636	-0.0460747	-0.0347618	0.998333	0.417971	0.422804	0.128759	0.0884546	0.0106759	0.00860941	
1.92e-08	638	-0.0811893	-0.121433	0.989274	0.431213	0.418537	0.147751	0.0885019	0.0155256	0.0133652	
1.926e-08	640	0.0499237	0.0585882	0.997033	0.425591	0.411417	0.0678536	0.117355	0.00840243	0.00829691	
1.932e-08	642	-0.0875908	-0.0123601	0.99608	0.411486	0.407069	0.07639	0.121412	0.0116832	0.0102917	
1.938e-08	644	0.0025621	-0.121156	0.99263	0.414259	0.397443	0.141718	0.10079	0.020962	0.0198894	
1.944e-08	646	0.0236266	0.0254236	0.999398	0.388029	0.396982	0.0690007	0.0860527	0.0171582	0.0153591	
1.95e-08	648	0.13411	0.0410699	0.990115	0.402547	0.389483	0.114763	0.143109	0.012425	0.0123816	
1.956e-08	650	-0.00801611	-0.0207278	0.999753	0.386287	0.384472	0.0468359	0.0857912	0.0163542	0.0140616	
1.962e-08	652	-0.0107458	-0.00269535	0.999939	0.388754	0.378047	0.132213	0.0782356	0.00807653	0.00758094	
1.968e-08	654	-0.0301344	-0.0374316	0.998845	0.336651	0.364978	0.113905	0.16799	0.0207599	0.018426	
1.974e-08	656	-0.176662	0.0998139	0.979198	0.3598	0.360122	0.0823063	0.0788061	0.0220111	0.0183088	
1.98e-08	658	0.0588714	0.179998	0.981904	0.342445	0.357326	0.0875565	0.13285	0.0115199	0.01086	
1.986e-08	660	-0.028161	-0.0936463	0.995207	0.3469	0.346974	0.111923	0.0916635	0.0248262	0.0251747	
1.992e-08	662	-0.244811	0.108323	0.963501	0.342122	0.34434	0.103808	0.0942733	0.0167026	0.0161632	
1.998e-08	664	0.0165654	0.108613	0.993946	0.326258	0.344635	0.110855	0.0896821	0.0131716	0.0126536	
2.004e-08	666	0.253454	-0.118347	0.960081	0.326328	0.330829	0.0921925	0.0513594	0.016412	0.0152881	
2.01e-08	668	0.0269698	-0.182444	0.982846	0.319507	0.314737	0.0896703	0.0888552	0.0175885	0.0146113	
2.016e-08	670	0.232952	-0.0151071	0.972371	0.291899	0.316499	0.131621	0.0915724	0.0300223	0.0249807	
2.022e-08	672	0.0896678	0.0739485	0.993223	0.305761	0.309118	0.108687	0.0902679	0.0441729	0.0376703	
2.028e-08	674	0.191514	0.0111897	0.981426	0.308122	0.294446	0.131867	0.114182	0.060286	0.0410756	
2.034e-08	676	0.0162291	0.189619	0.981724	0.295414	0.291848	0.0929054	0.0969899	0.0331403	0.0273613	
2.04e-08	678	-0.158865	0.278882	0.947094	0.282774	0.28049	0.0963759	0.0690662	0.058666	0.054448	
2.046e-08	680	-0.049014	0.0583511	0.997092	0.287049	0.279863	0.0751009	0.0571607	0.0198838	0.0168386	
2.052e-08	682	-0.119009	0.135678	0.983579	0.279153	0.267378	0.0723522	0.108552	0.0451701	0.0386418	
2.058e-08	684	-0.250212	-0.0484075	0.96698	0.265778	0.258289	0.117673	0.142366	0.0470553	0.040684	
2.064e-08	686	-0.0737108	-0.059216	0.99552	0.238295	0.239191	0.0919216	0.142333	0.0287136	0.0244125	
2.07e-08	688	-0.0921377	0.0671476	0.99348	0.273939	0.240243	0.0914195	0.0658616	0.0308362	0.0268668	
2.076e-08	690	0.25749	-0.354007	0.899098	0.225667	0.233342	0.122621	0.154928	0.0681779	0.0415987	
2.082e-08	692	0.12097	-0.119413	0.985448	0.214093	0.204327	0.0412918	0.172043	0.0754724	0.0615714	
2.088e-08	694	0.168766	-0.155	0.973393	0.212754	0.207334	0.136854	0.0993376	0.054618	0.0533059	
2.094e-08	696	-0.130448	0.30471	0.94347	0.179585	0.180555	0.0968918	0.097595	0.208093	0.135925	
2.1e-08	698	0.0783638	-0.171538	0.982056	0.199763	0.182973	0.0927026	0.0995055	0.0777487	0.0640924	
2.106e-08	700	-0.283646	0.0529911	0.957464	0.154654	0.136899	0.143673	0.188986	0.764248	0.120021	
2.112e-08	702	-0.57031	-0.672689	0.47142	0.0917313	0.149442	0.0727016	0.0913421	0.118002	0.0794371	
2.118e-08	704	0.751149	-0.297253	-0.58942	0.0624117	0.136893	0.0859473	0.110574	0.136669	0.12042	
2.124e-08	706	0.120953	-0.289887	-0.949387	0.177848	0.120047	0.0627759	0.0855265	0.772695	0.13946	
2.13e-08	708	-0.0641381	-0.997319	-0.035219	0.101863	0.099778	0.128511	0.0985791	0.251927	0.0736606	
2.136e-08	710	-0.491394	0.697557	0.521484	0.0712733	0.0882816	0.0586666	0.0739883	0.476471	0.106295	
2.142e-08	712	0.771425	-0.539557	-0.337316	0.0556711	0.0767619	0.0994085	0.0963378	0.23736	0.0575953	
2.148e-08	714	0.168894	-0.742441	0.648272	0.0939905	0.0804432	0.108374	0.102772	0.2589	0.0752571	
2.154e-08	716	-0.0251613	-0.968091	0.249334	0.0450554	0.0607157	0.0547995	0.0731278	0.108695	0.0245184	
2.16e-08	718	0.470584	0.335185	-0.816212	0.106696	0.0623359	0.0754389	0.0578586	0.166104	0.0415373	
2.166e-08	720	-0.167369	0.661311	-0.731202	0.104076	0.0634915	0.0458814	0.0964977	0.167541	0.0545409	
2.172e-08	722	0.397375	-0.0248564	-0.917319	0.121877	0.0574457	0.0809414	0.0622905	0.122129	0.0531293	
2.178e-08	724	0.658734	-0.579977	0.479267	0.0205325	0.0494019	0.0609806	0.0415406	0.0929389	0.0346224	
2.184e-08	726	0.04467	-0.0541243	0.997535	0.0592897	0.0522752	0.0408882	0.0558836	0.105278	0.0254711	
2.19e-08	728	0.637637	-0.191384	0.746185	0.0379394	0.0458026	0.0468136	0.0442483	0.0578553	0.0144196	
2.196e-08	730	-0.0481239	0.798697	-0.599806	0.0490626	0.0471913	0.0441008	0.0429661	0.0797266	0.0251927	
2.202e-08	732	0.837567	0.334432	-0.432014	0.062289	0.0479564	0.0517352	0.0397142	0.0774556	0.0234263	
2.208e-08	734	-0.381702	-0.109042	0.917831	0.0742569	0.0449412	0.042468	0.0407309	0.0738548	0.0250278	
2.214e-08	736	0.523832	0.611873	-0.592631	0.0656935	0.0446404	0.0440136	0.0460537	0.0603101	0.0227124	
2.22e-08	738	0.251078	0.816322	-0.520171	0.00389654	0.0355787	0.0272967	0.0221569	0.0487394	0.0221184	
2.226e-08	740	0.744028	0.185657	0.641836	0.0230585	0.0370961	0.0234355	0.0309081	0.0458389	0.0138113	
2.232e-08	742	-0.669278	0.69859	0.25306	0.0313291	0.038418	0.0303165	0.0185064	0.0546383	0.0172028	
2.238e-08	744	-0.468425	0.0548027	-0.881802	0.0204979	0.0358254	0.0353708	0.0297477	0.0317771	0.0147471	
2.244e-08	746	-0.616466	-0.158463	0.771271	0.0531508	0.0400903	0.0306312	0.0258232	0.0621613	0.0218633	
2.25e-08	748	0.640701	0.48551	-0.594795	0.0271256	0.0355332	0.0254121	0.039969	0.0244266	0.0122932	
2.256e-08	750	0.457613	-0.192396	-0.868086	0.0230734	0.0352668	0.0405693	0.0249712	0.02523	0.0134579	
2.262e-08	752	-0.646873	-0.253157	-0.719352	0.0578357	0.0389392	0.0315922	0.0283954	0.0494893	0.0215282	
2.268e-08	754	0.212737	-0.280155	-0.936086	0.0431653	0.0374478	0.0251798	0.0270459	0.044411	0.00996805	
2.274e-08	756	-0.665736	-0.708355	-0.234581	0.00947747	0.0287541	0.01885	0.0176788	0.0197118	0.00754466	
2.28e-08	758	0.0900067	-0.971061	-0.22122	0.0316254	0.033577	0.0263005	0.0143533	0.0345001	0.00592469	
2.286e-08	760	-0.550989	-0.294706	-0.780743	0.0372149	0.0345417	0.0358152	0.0141157	0.0354221	0.0132667	
2.292e-08	762	-0.115033	-0.0848879	-0.989728	0.0202008	0.0272212	0.0143644	0.0146174	0.023354	0.00714804	
2.298e-08	764	-0.985164	0.168883	-0.0305123	0.022488	0.031807	0.0149115	0.0249971	0.0346394	0.0110961	
2.304e-08	766	0.994884	0.00682488	0.10079	0.0386744	0.0317464	0.0228764	0.0243678	0.0254935	0.01232	
2.31e-08	768	0.182843	0.967398	-0.175241	0.0342438	0.0301818	0.020782	0.0169874	0.0260234	0.00889986	
2.316e-08	770	0.27734	0.820528	0.499817	0.0142722	0.0278033	0.0158466	0.0234162	0.0158731	0.00832485	
2.322e-08	772	0.198548	0.264652	0.943683	0.0219101	0.0290663	0.0150488	0.0294966	0.016486	0.00905849	
2.328e-08	774	-0.357693	0.154347	0.920995	0.024175	0.0258772	0.00876545	0.0179293	0.0218068	0.00792318	
2.334e-08	776	0.152429	-0.454779	0.877463	0.0260642	0.0302105	0.0175839	0.0278726	0.0180891	0.00884616	
2.34e-08	778	-0.357171	-0.932214	-0.0583546	0.0136468	0.0294749	0.0165457	0.0207994	0.0221238	0.00681788	
2.346e-08	780	-0.041627	-0.933316	-0.356636	0.0361832	0.0297794	0.016772	0.0235383	0.0162075	0.00843436	
2.352e-08	782	-0.76049	0.495967	0.419132	0.058477	0.0242393	0.0160771	0.0109151	0.0223248	0.0135903	
2.358e-08	784	-0.254015	-0.95164	0.172793	0.0251861	0.0272224	0.011355	0.0185477	0.0185731	0.00522859	
2.364e-08	786	0.535149	-0.184292	-0.82441	0.0318329	0.0279952	0.0204321	0.0110273	0.0228243	0.00759236	
2.37e-08	788	-0.729184	0.684224	-0.0113387	0.0261024	0.0272917	0.0121222	0.0191017	0.0150728	0.00588626	
2.376e-08	790	0.531652	-0.685697	0.497157	0.0216206	0.0260058	0.0154007	0.011711	0.0176377	0.00558875	
2.382e-08	792	0.985461	-0.0593675	-0.159191	0.0251227	0.0223183	0.012504	0.00942361	0.0130936	0.00521734	
2.388e-08	794	-0.78799	-0.305447	-0.534579	0.0385404	0.0251376	0.0153755	0.0130011	0.0127413	0.00447838	
2.394e-08	796	0.442017	0.890237	0.109995	0.0373716	0.0262714	0.0169987	0.0181986	0.0114671	0.00711982	
2.4e-08	798	-0.0528939	0.106294	0.992927	0.0191554	0.0234421	0.0141263	0.0134957	0.00906573	0.00607521	
2.406e-08	800	-0.845225	-0.192967	-0.498356	0.0119016	0.0225476	0.0109168	0.013873	0.00847522	0.0032215	
2.412e-08	802	-0.565746	-0.291796	0.771224	0.0309634	0.0245479	0.00866063	0.0120028	0.0209016	0.00705365	
2.418e-08	804	-0.92549	0.0128038	-0.378555	0.0225344	0.0214022	0.00612513	0.0118822	0.011369	0.00304853	
2.424e-08	806	0.888076	-0.438707	-0.137323	0.00784169	0.0249859	0.0100645	0.0158599	0.0157166	0.00612197	
2.43e-08	808	0.220599	0.162015	-0.961815	0.0231774	0.0222843	0.00979842	0.0110191	0.0131792	0.00528511	
2.436e-08	810	0.661801	0.689615	0.294026	0.0275257	0.0213377	0.010125	0.00833679	0.0120743	0.00445956	
2.442e-08	812	0.5873	0.722378	-0.365032	0.0127292	0.0238659	0.011449	0.00769896	0.0148386	0.00383881	
2.448e-08	814	-0.209934	-0.939453	0.270841	0.0188041	0.0245841	0.0171183	0.0140852	0.00925426	0.00564237	
2.454e-08	816	0.520815	-0.223806	-0.82381	0.0179399	0.0207367	0.00877225	0.0096293	0.0100147	0.00388275	
2.46e-08	818	0.654025	-0.754834	0.049767	0.025871	0.0215786	0.0106436	0.0113619	0.00959283	0.00431861	
2.466e-08	820	-0.408381	-0.116463	-0.905351	0.0233557	0.0214519	0.00886098	0.010409	0.01192	0.00431829	
2.472e-08	822	-0.947613	-0.0521649	0.315134	0.0359127	0.0225398	0.014947	0.00709015	0.0115106	0.00388331	
2.478e-08	824	0.629739	0.565282	-0.532808	0.0215345	0.0212417	0.0113102	0.0106072	0.00689341	0.00539117	
2.484e-08	826	-0.805748	-0.39633	0.440105	0.0186287	0.0231583	0.010745	0.0111146	0.0136804	0.00495898	
2.49e-08	828	-0.330628	-0.486376	-0.808779	0.0260398	0.0198712	0.0101346	0.00480468	0.0109345	0.00337045	
2.496e-08	830	0.149958	0.973539	0.172438	0.0140871	0.0215735	0.00999439	0.00961152	0.012362	0.00546294	
2.502e-08	832	0.657409	0.616786	0.432884	0.0141166	0.0184394	0.00828396	0.00625013	0.0081633	0.00309584	
2.508e-08	834	0.129947	-0.948622	-0.288495	0.0151945	0.0200197	0.00996398	0.00822517	0.00940017	0.00507886	
2.514e-08	836	0.849368	0.494142	0.185466	0.0195585	0.0206941	0.00761337	0.0104772	0.00862804	0.00411607	
2.52e-08	838	0.396888	-0.375199	-0.837679	0.0141249	0.0195166	0.00643087	0.00837174	0.0107215	0.00443219	
2.526e-08	840	0.711805	-0.69858	-0.0729369	0.016763	0.0182591	0.00748938	0.00542032	0.00790105	0.00335805	
2.532e-08	842	0.758751	-0.618115	-0.205501	0.0205638	0.0201594	0.00578185	0.00822324	0.0129079	0.00439984	
2.538e-08	844	-0.426029	0.730966	0.533094	0.0162403	0.0213389	0.00634507	0.012255	0.00858472	0.00206209	
2.544e-08	846	0.858052	-0.234176	-0.457065	0.0311159	0.0209488	0.0132398	0.00958967	0.00595315	0.00456479	
2.55e-08	848	0.956032	0.195724	0.218392	0.0312197	0.0190243	0.00994686	0.00553475	0.00895676	0.00415842	
2.556e-08	850	0.590016	-0.664613	0.458444	0.0167801	0.0187469	0.00768268	0.0110584	0.00412833	0.00341683	
2.562e-08	852	0.280564	0.151577	0.947791	0.00517628	0.0170846	0.00586907	0.00684866	0.00735279	0.00397433	
2.568e-08	854	-0.237302	-0.879554	-0.4124	0.010982	0.018038	0.00667135	0.00810608	0.00570656	0.00245825	
2.574e-08	856	0.405791	0.296054	-0.864688	0.0193643	0.0179682	0.00658804	0.00365528	0.00898268	0.00196836	
2.58e-08	858	0.178075	-0.570484	-0.801771	0.0153721	0.0182071	0.00824744	0.00684568	0.00763597	0.00523282	
2.586e-08	860	-0.445137	0.735448	-0.510852	0.0117197	0.0193717	0.00719465	0.00972518	0.00734939	0.00340341	
2.592e-08	862	0.519518	-0.731445	-0.441689	0.0236417	0.0183346	0.00585106	0.00696517	0.00853987	0.00383066	
2.598e-08	864	-0.959265	-0.00603457	0.282442	0.0145088	0.0199582	0.00661217	0.00530136	0.0119371	0.00281399	
2.604e-08	866	-0.469105	-0.528572	-0.707496	0.00328745	0.0173496	0.00548418	0.00905012	0.00613103	0.00396722	
2.61e-08	868	0.473047	-0.873528	-0.114783	0.0288115	0.019456	0.00612758	0.010056	0.00651656	0.00271678	
2.616e-08	870	0.158326	0.968984	0.189743	0.0364747	0.018859	0.0057677	0.010455	0.00711328	0.00374502	
2.622e-08	872	-0.419297	-0.343043	-0.840543	0.0217151	0.0178597	0.0086016	0.0053684	0.006218	0.00355961	
2.628e-08	874	0.991516	0.128175	0.0216315	0.019489	0.0196382	0.0106109	0.00471058	0.0078914	0.00316039	
2.634e-08	876	-0.0822686	-0.940692	-0.329136	0.0199119	0.01786	0.00667324	0.00710599	0.0057641	0.00295279	
2.64e-08	878	-0.846062	0.528789	0.0675354	0.0374336	0.0190751	0.00752121	0.0072294	0.00873402	0.00402449	
2.646e-08	880	0.863835	0.461152	-0.2028	0.0224282	0.0171896	0.00509078	0.00424708	0.00859506	0.0020075	
2.652e-08	882	0.426912	0.218651	0.877461	0.0131789	0.0153927	0.00477376	0.00485961	0.00514905	0.00199353	
2.658e-08	884	0.567951	-0.396654	-0.721178	0.0179713	0.0168114	0.00424936	0.0062996	0.00680849	0.00282667	
2.664e-08	886	0.489419	0.760233	0.427217	0.0121549	0.0184386	0.00682942	0.00563099	0.00826098	0.00270121	
2.67e-08	888	0.678812	-0.110653	0.725928	0.0113365	0.0183174	0.00576342	0.00828997	0.00835261	0.00492091	
2.676e-08	890	-0.0455257	0.598114	-0.800117	0.0202056	0.0171496	0.0034991	0.00497906	0.00980851	0.00286173	
2.682e-08	892	-0.684733	0.167779	-0.709218	0.0161853	0.0147263	0.00544756	0.00411948	0.0032252	0.00188668	
2.688e-08	894	0.0823277	0.52388	0.847804	0.0104965	0.0205358	0.0106968	0.00641232	0.0073732	0.00295748	
2.694e-08	896	0.462341	0.885585	0.0444932	0.0129031	0.016393	0.00406483	0.00772426	0.00585155	0.00325492	
2.7e-08	898	0.388777	-0.364552	-0.846141	0.0130887	0.0159399	0.0055389	0.00291187	0.00581387	0.00277189	
2.706e-08	900	-0.289573	0.726295	-0.623412	0.0249943	0.0155584	0.00367035	0.00605924	0.00512958	0.00254974	
