#----------------------------------------------------------------------------------------------------------------------------------------------------------
# Output file for vampire simulation
#   time       : 2024-08-29 04:56:20     process id : 1391341
#   hostname   : node119.viking2.yor.alces.network
#   path       : /users/ky883/parameter/WS_dia5/AI_Dataset/size_7.0_7.0_10.0/Temp_900/random_1
#----------------------------------------------------------------------------------------------------------------------------------------------------------
6e-11	0	0.00879069	0.00241812	0.999958	0.999893	0.999863	0	0	0	0	
1.2e-10	2	0.000372901	-0.000217094	1	0.998953	0.998967	0.0487786	0.0906205	3.18911e-06	2.8715e-06	
1.8e-10	4	-0.000558011	0.00176604	0.999998	0.997891	0.997933	0.0605394	0.0504132	8.04297e-06	7.07005e-06	
2.4e-10	6	0.00673108	0.000532472	0.999977	0.99686	0.996881	0.062979	0.0372847	1.26191e-05	1.09775e-05	
3e-10	8	-0.00078548	0.00321653	0.999995	0.995681	0.995827	0.0552555	0.0394472	2.02567e-05	2.01275e-05	
3.6e-10	10	-0.000659035	-0.00117242	0.999999	0.994754	0.994791	0.0499067	0.0398599	2.51131e-05	2.47676e-05	
4.2e-10	12	0.00361494	-0.000541694	0.999993	0.993822	0.99371	0.0431301	0.0476621	2.50861e-05	2.39198e-05	
4.8e-10	14	0.00776635	-0.00141	0.999969	0.992464	0.992717	0.0424935	0.0486206	4.73305e-05	4.41342e-05	
5.4e-10	16	0.00344978	-0.00833297	0.999959	0.991724	0.991659	0.0819958	0.0604438	3.90085e-05	3.25963e-05	
6e-10	18	0.000410911	0.00218948	0.999998	0.990961	0.990633	0.0688893	0.062087	3.08578e-05	2.57286e-05	
6.6e-10	20	-0.00032874	-0.00646028	0.999979	0.989621	0.989544	0.0344452	0.0493028	4.80548e-05	4.00297e-05	
7.2e-10	22	0.00780209	-0.00601718	0.999951	0.98874	0.988439	0.0504377	0.0643985	6.44446e-05	6.15132e-05	
7.8e-10	24	-0.00952504	-0.00196124	0.999953	0.987181	0.987447	0.0488924	0.032657	4.26412e-05	4.11881e-05	
8.4e-10	26	-0.000279799	0.0177113	0.999843	0.986289	0.986378	0.0324299	0.0780795	7.26984e-05	6.50042e-05	
9e-10	28	-0.00369831	0.00632279	0.999973	0.985554	0.985357	0.0436317	0.0392335	5.41093e-05	5.47948e-05	
9.6e-10	30	-0.00967697	0.00771302	0.999923	0.984183	0.984276	0.0500076	0.0383913	5.53909e-05	4.41618e-05	
1.02e-09	32	0.00829807	-0.0122896	0.99989	0.98359	0.983185	0.0647431	0.0516352	4.91789e-05	4.96132e-05	
1.08e-09	34	-0.00294286	0.00887455	0.999956	0.981906	0.982163	0.0523656	0.0669803	4.78243e-05	5.0462e-05	
1.14e-09	36	0.00156325	0.00416765	0.99999	0.981026	0.98114	0.0390539	0.0445357	8.5809e-05	8.03889e-05	
1.2e-09	38	-0.0137653	0.00727903	0.999879	0.979643	0.980012	0.0765471	0.0443978	8.72757e-05	8.66003e-05	
1.26e-09	40	0.0158513	0.00998179	0.999825	0.979057	0.979009	0.0691461	0.0760033	5.95957e-05	5.52724e-05	
1.32e-09	42	0.0070011	-0.00837956	0.99994	0.978386	0.977827	0.0511396	0.0841301	8.86856e-05	7.87567e-05	
1.38e-09	44	-0.0180652	0.00925215	0.999794	0.976808	0.976781	0.0756538	0.0552817	5.96295e-05	5.56343e-05	
1.44e-09	46	-0.00631801	-0.000665467	0.99998	0.97639	0.975825	0.0672427	0.0437886	9.93905e-05	9.36758e-05	
1.5e-09	48	0.00460238	-0.00550905	0.999974	0.974881	0.974659	0.0711883	0.0343465	8.22526e-05	7.12279e-05	
1.56e-09	50	0.00274374	-0.00510446	0.999983	0.973795	0.973626	0.0333799	0.0653991	8.86419e-05	9.79298e-05	
1.62e-09	52	0.00483686	-0.00684855	0.999965	0.972223	0.97249	0.0538008	0.0401419	7.47655e-05	7.5233e-05	
1.68e-09	54	0.012669	0.017516	0.999766	0.971849	0.971464	0.0497594	0.066529	9.49952e-05	0.000101573	
1.74e-09	56	0.0122698	0.0105497	0.999869	0.969841	0.970568	0.0630881	0.0591492	7.78755e-05	6.69914e-05	
1.8e-09	58	-0.0020088	-0.0012124	0.999997	0.969882	0.969277	0.0624964	0.0850157	0.000167358	0.000153944	
1.86e-09	60	0.00071988	-0.0066492	0.999978	0.967382	0.968291	0.0392951	0.0300071	0.000104118	0.000110532	
1.92e-09	62	-0.00241169	0.013397	0.999907	0.967303	0.967249	0.0480556	0.0793845	0.000122317	0.000106661	
1.98e-09	64	0.00163667	-0.00376134	0.999992	0.966863	0.966006	0.0269045	0.0511221	0.000158024	0.000153152	
2.04e-09	66	0.0160799	0.0105523	0.999815	0.96513	0.964906	0.0389792	0.0403656	0.000134512	0.000138401	
2.1e-09	68	0.00155882	-0.00710031	0.999974	0.963542	0.963772	0.0374731	0.0324157	0.000118075	0.000114489	
2.16e-09	70	0.0107316	-0.00727738	0.999916	0.961728	0.962579	0.0402386	0.0490292	0.000194736	0.00018063	
2.22e-09	72	-0.0284058	-0.00180605	0.999595	0.961954	0.961696	0.0528452	0.0341248	0.000136545	0.00013896	
2.28e-09	74	0.00134324	0.0145596	0.999893	0.960177	0.960631	0.0672893	0.0532132	0.000140128	0.000130739	
2.34e-09	76	-0.00645737	0.00295028	0.999975	0.960187	0.959353	0.0820957	0.0335171	0.000256914	0.00022319	
2.4e-09	78	0.000361054	0.00836358	0.999965	0.957686	0.958464	0.069721	0.04665	0.000122025	0.000120036	
2.46e-09	80	0.022954	0.00223503	0.999734	0.958405	0.957357	0.0293684	0.0826894	0.000154253	0.00017236	
2.52e-09	82	-0.0106925	0.013294	0.999854	0.956472	0.956	0.0486472	0.051297	0.000183101	0.000180436	
2.58e-09	84	-0.00972893	0.0344702	0.999358	0.955419	0.954907	0.0482456	0.0777281	0.000230443	0.000210112	
2.64e-09	86	-0.0222662	-0.0144177	0.999648	0.955266	0.953932	0.0688149	0.0428966	0.00018036	0.000186543	
2.7e-09	88	0.00343084	-0.00273525	0.99999	0.953463	0.952743	0.0425631	0.0511899	0.000159923	0.00015583	
2.76e-09	90	-0.0192373	0.00934266	0.999771	0.950735	0.95163	0.0630694	0.0534516	0.000192728	0.0001929	
2.82e-09	92	0.00203269	-0.000844374	0.999998	0.951692	0.950987	0.0330751	0.0287175	0.000298854	0.000314145	
2.88e-09	94	0.0177255	-0.0442888	0.998862	0.948201	0.94959	0.0549721	0.0488622	0.000274803	0.000242527	
2.94e-09	96	0.017328	-0.0105105	0.999795	0.947956	0.94836	0.0537913	0.0709236	0.000187209	0.000191065	
3e-09	98	-0.0121974	0.00227183	0.999923	0.947604	0.947253	0.0460986	0.0422073	0.000184205	0.00018845	
3.06e-09	100	-0.0122865	0.000415052	0.999924	0.946788	0.946022	0.0749967	0.0600435	0.000177606	0.000167126	
3.12e-09	102	-0.00549531	0.00158814	0.999984	0.944105	0.944717	0.052632	0.0508848	0.000220083	0.000222631	
3.18e-09	104	0.00453633	0.0103506	0.999936	0.9438	0.943916	0.0772738	0.039402	0.000195012	0.000181832	
3.24e-09	106	0.0318258	0.0415456	0.99863	0.944067	0.942644	0.0452744	0.0566117	0.000132943	0.000142029	
3.3e-09	108	-0.000243869	-0.00211288	0.999998	0.942016	0.941493	0.0548176	0.0583753	0.000315202	0.000343385	
3.36e-09	110	-0.0307376	0.00420525	0.999519	0.940017	0.940171	0.0495127	0.0429722	0.000274703	0.000263982	
3.42e-09	112	-0.0203772	-0.010742	0.999735	0.939436	0.939002	0.0363116	0.0777653	0.000264416	0.000223765	
3.48e-09	114	0.0131823	-0.0226589	0.999656	0.939586	0.937862	0.0361346	0.0660241	0.00022252	0.000206774	
3.54e-09	116	-0.024911	-0.00742325	0.999662	0.935635	0.93709	0.0523021	0.100286	0.000353014	0.000337051	
3.6e-09	118	0.0138598	-0.0241181	0.999613	0.936891	0.935671	0.0440967	0.0421092	0.000237477	0.000249345	
3.66e-09	120	0.00197913	0.0015728	0.999997	0.933154	0.934702	0.0505866	0.0270503	0.000347346	0.00032602	
3.72e-09	122	0.00628552	0.0291006	0.999557	0.933382	0.933755	0.0638955	0.059784	0.000223245	0.000217888	
3.78e-09	124	-0.0135192	-0.016002	0.999781	0.933192	0.932227	0.0262023	0.0671278	0.000283085	0.000302724	
3.84e-09	126	-0.0123699	-0.00889077	0.999884	0.932413	0.931415	0.0436058	0.0404146	0.000319045	0.000278198	
3.9e-09	128	0.004849	0.0224816	0.999735	0.930322	0.930146	0.0521706	0.0530666	0.000262778	0.000210824	
3.96e-09	130	0.0161752	0.0131649	0.999782	0.929407	0.928823	0.110302	0.0413441	0.000259174	0.000235946	
4.02e-09	132	-0.00785898	0.00263033	0.999966	0.927242	0.927362	0.0771539	0.0650844	0.000268139	0.000266793	
4.08e-09	134	0.00577291	0.00362551	0.999977	0.926416	0.926144	0.113859	0.0338396	0.000336374	0.000288839	
4.14e-09	136	-0.0114663	0.00300783	0.99993	0.925999	0.925388	0.0357375	0.111515	0.00040933	0.000391608	
4.2e-09	138	0.00608224	0.0152061	0.999866	0.9263	0.924227	0.0600333	0.0669241	0.000345903	0.00032889	
4.26e-09	140	0.0224945	-0.00897149	0.999707	0.923186	0.923167	0.0512203	0.0603378	0.000417726	0.000377223	
4.32e-09	142	0.0216042	-0.00288892	0.999762	0.921148	0.922063	0.053625	0.0269073	0.000533901	0.000526247	
4.38e-09	144	0.0259123	-0.047735	0.998524	0.920974	0.920605	0.0706866	0.0635379	0.000263144	0.000257674	
4.44e-09	146	0.0162555	0.0440451	0.998897	0.916016	0.919538	0.0617517	0.062279	0.00047274	0.000431908	
4.5e-09	148	0.00729417	0.00546819	0.999958	0.915897	0.917664	0.0661914	0.0585515	0.000317695	0.000289757	
4.56e-09	150	0.031781	0.00868367	0.999457	0.917121	0.916966	0.0597018	0.0587039	0.00030724	0.000300906	
4.62e-09	152	-0.0123858	-0.0033535	0.999918	0.916175	0.916262	0.0460841	0.0462095	0.000288996	0.000291795	
4.68e-09	154	0.0290141	-0.00823191	0.999545	0.911174	0.914665	0.0356355	0.0265096	0.000409552	0.00039774	
4.74e-09	156	-0.0236661	0.00562996	0.999704	0.915301	0.913971	0.0744703	0.0657715	0.000371732	0.000304861	
4.8e-09	158	0.000874547	-0.0123569	0.999923	0.911846	0.912169	0.0976064	0.0395385	0.000338612	0.000312064	
4.86e-09	160	0.0493028	0.0383016	0.998049	0.910137	0.911298	0.0625969	0.0928016	0.000515001	0.000402572	
4.92e-09	162	-0.0356307	0.00779827	0.999335	0.911034	0.910164	0.0588245	0.0682463	0.000352295	0.000349265	
4.98e-09	164	0.00682335	-0.00937742	0.999933	0.910516	0.909343	0.0401324	0.0882347	0.00053451	0.000435905	
5.04e-09	166	-0.0230645	0.0332644	0.99918	0.905149	0.907672	0.0474515	0.0591512	0.0004445	0.000450208	
5.1e-09	168	-0.014699	0.00560119	0.999876	0.905219	0.906476	0.0797548	0.0361492	0.000336798	0.000253981	
5.16e-09	170	-0.0102856	-0.0206735	0.999733	0.903076	0.905263	0.0502204	0.084604	0.000329979	0.000295861	
5.22e-09	172	0.039263	0.0432446	0.998293	0.904497	0.90371	0.0884249	0.0579461	0.000498931	0.000507391	
5.28e-09	174	-0.0379208	0.0114158	0.999216	0.905118	0.902482	0.0505141	0.0656449	0.000642724	0.000584845	
5.34e-09	176	0.00823026	-0.0342249	0.99938	0.900719	0.901427	0.0623954	0.132838	0.00040623	0.000328174	
5.4e-09	178	-0.0241305	0.0388334	0.998954	0.902499	0.900054	0.0591391	0.0480895	0.000336721	0.000357954	
5.46e-09	180	0.000673483	-0.0352689	0.999378	0.900902	0.89895	0.0610485	0.0992497	0.00036598	0.000380709	
5.52e-09	182	0.0414303	0.0448971	0.998132	0.897561	0.897935	0.0785382	0.0778031	0.00035155	0.000344086	
5.58e-09	184	-0.0114313	-0.000843694	0.999934	0.897646	0.8967	0.0709177	0.0447484	0.00044695	0.000420248	
5.64e-09	186	-0.000444798	0.00423575	0.999991	0.895725	0.895668	0.0375686	0.0846176	0.000485103	0.000480339	
5.7e-09	188	0.011118	-0.0250758	0.999624	0.894761	0.894159	0.10136	0.0624663	0.000632731	0.00050929	
5.76e-09	190	0.017542	-0.00631688	0.999826	0.891541	0.892452	0.0453492	0.0558468	0.000543705	0.000507207	
5.82e-09	192	0.0163986	0.0390541	0.999103	0.889016	0.890996	0.063359	0.0957377	0.000556042	0.000513974	
5.88e-09	194	-0.0265135	-0.00104959	0.999648	0.893295	0.890303	0.044364	0.0358168	0.000657925	0.000630869	
5.94e-09	196	-0.0199317	0.0326155	0.999269	0.889549	0.888854	0.0464004	0.0767393	0.000406314	0.000355369	
6e-09	198	-0.0373111	0.00635582	0.999283	0.883904	0.887954	0.0323636	0.0416337	0.00055405	0.000477133	
6.06e-09	200	0.00201304	-0.0230663	0.999732	0.885525	0.886325	0.0776601	0.0238106	0.000537253	0.000489666	
6.12e-09	202	-0.039949	-0.0209866	0.998981	0.88455	0.885903	0.0585019	0.0438455	0.000567937	0.000514458	
6.18e-09	204	-0.0120222	-0.00540882	0.999913	0.883354	0.884492	0.0551148	0.046002	0.000483625	0.00050884	
6.24e-09	206	0.0112642	0.0283951	0.999533	0.881786	0.883268	0.0833648	0.0718651	0.000513528	0.00042423	
6.3e-09	208	0.0109607	-0.0226962	0.999682	0.883631	0.882181	0.0712806	0.0595236	0.000311735	0.000328986	
6.36e-09	210	0.00548545	-0.0190151	0.999804	0.879781	0.880808	0.0611831	0.0576179	0.000903133	0.000892076	
6.42e-09	212	-0.0160714	0.0117653	0.999802	0.879098	0.87939	0.0606766	0.0568665	0.000480326	0.000362435	
6.48e-09	214	0.0322518	-0.0367674	0.998803	0.87604	0.877458	0.0550221	0.0620091	0.000515624	0.000477296	
6.54e-09	216	0.0196527	0.0299953	0.999357	0.877119	0.876403	0.0854703	0.0618375	0.000525246	0.000365807	
6.6e-09	218	-0.0079744	-0.00873333	0.99993	0.875815	0.874802	0.0520079	0.0409126	0.000498602	0.000512451	
6.66e-09	220	0.0174737	-0.00253838	0.999844	0.873541	0.874096	0.0862694	0.0471649	0.000444597	0.000415873	
6.72e-09	222	-0.00671608	0.0278419	0.99959	0.870679	0.872804	0.061365	0.0352707	0.000738416	0.000683876	
6.78e-09	224	0.0089838	-0.0577577	0.99829	0.870056	0.870432	0.078025	0.0848603	0.000840756	0.000932792	
6.84e-09	226	-0.0053244	0.0390525	0.999223	0.868998	0.869705	0.0444068	0.0706628	0.000770585	0.000751797	
6.9e-09	228	-0.00871949	0.0151653	0.999847	0.865509	0.868835	0.0517435	0.101655	0.000615477	0.000558295	
6.96e-09	230	0.0195048	-0.00582544	0.999793	0.869821	0.86809	0.0812624	0.0511081	0.000866291	0.000753274	
7.02e-09	232	0.0284284	0.00952205	0.99955	0.866631	0.866474	0.027212	0.0368288	0.000528368	0.000474219	
7.08e-09	234	0.0157622	-0.0172095	0.999728	0.865475	0.864843	0.0551387	0.0374298	0.000454927	0.000451398	
7.14e-09	236	0.033151	0.0144832	0.999345	0.862986	0.863858	0.0517125	0.0417459	0.000646088	0.00058959	
7.2e-09	238	0.000873191	-0.000563737	0.999999	0.860387	0.861727	0.0669165	0.0353713	0.000634683	0.000631119	
7.26e-09	240	0.029991	-0.0252463	0.999231	0.860799	0.859952	0.0545087	0.071474	0.00056324	0.000522705	
7.32e-09	242	-0.0384666	-0.000564175	0.99926	0.85474	0.860015	0.046324	0.0680555	0.000679919	0.000575087	
7.38e-09	244	0.00921364	-0.0055864	0.999942	0.856361	0.858966	0.0673519	0.0866226	0.0010982	0.000982974	
7.44e-09	246	-0.0277987	0.00490391	0.999602	0.854149	0.856926	0.0670655	0.0528236	0.000993263	0.000817456	
7.5e-09	248	0.00240285	0.0156524	0.999875	0.85403	0.855816	0.074494	0.0676244	0.000801185	0.000817041	
7.56e-09	250	-0.00935393	-0.0217743	0.999719	0.85354	0.853391	0.0484146	0.0500152	0.00080983	0.00086889	
7.62e-09	252	-0.028227	-0.00720465	0.999576	0.853393	0.853363	0.0894324	0.0706659	0.000766685	0.000752747	
7.68e-09	254	0.0100384	0.0167194	0.99981	0.849754	0.851937	0.0408699	0.0793473	0.000980693	0.000908114	
7.74e-09	256	0.0280985	0.0455351	0.998567	0.8461	0.850513	0.0427679	0.109323	0.001218	0.00104203	
7.8e-09	258	-0.00946831	0.0254698	0.999631	0.851122	0.84912	0.0767462	0.0670305	0.00077939	0.00061798	
7.86e-09	260	0.010224	0.011416	0.999883	0.848233	0.848034	0.0514024	0.0489291	0.00103648	0.000940269	
7.92e-09	262	-0.0109313	-0.0178258	0.999781	0.847611	0.845122	0.0512469	0.0423852	0.00114281	0.00110639	
7.98e-09	264	0.0359947	0.0144534	0.999247	0.844338	0.844576	0.0577789	0.0505466	0.000776285	0.000723474	
8.04e-09	266	-0.00795978	0.00559597	0.999953	0.845404	0.843371	0.0252986	0.0634875	0.00119003	0.00109791	
8.1e-09	268	0.00550111	-0.00196953	0.999983	0.843897	0.84274	0.0468087	0.0665426	0.00076088	0.000802037	
8.16e-09	270	-0.000106627	0.0301072	0.999547	0.838911	0.841388	0.0683984	0.0634074	0.000770154	0.000777356	
8.22e-09	272	0.0241311	-0.0245023	0.999408	0.834145	0.839014	0.063288	0.0521887	0.00144542	0.00134956	
8.28e-09	274	0.0196371	0.0378344	0.999091	0.836692	0.837567	0.0550142	0.058246	0.000647387	0.000582264	
8.34e-09	276	0.0364559	0.0983342	0.994485	0.830331	0.837048	0.131094	0.0961894	0.000981133	0.000776819	
8.4e-09	278	-0.0444788	-0.0969692	0.994293	0.837988	0.835713	0.0761412	0.0653236	0.000809772	0.000825305	
8.46e-09	280	-0.033761	0.0822568	0.996039	0.835049	0.832855	0.0994217	0.128693	0.00116668	0.000867243	
8.52e-09	282	0.0306405	0.0204612	0.999321	0.8313	0.831692	0.0586741	0.0676126	0.000927447	0.000933462	
8.58e-09	284	0.0151006	0.0129117	0.999803	0.830487	0.8305	0.0523222	0.0522955	0.00122683	0.0010509	
8.64e-09	286	-0.00235454	-0.0542854	0.998523	0.828387	0.829819	0.0399336	0.0739728	0.000522137	0.000550625	
8.7e-09	288	0.0494581	0.0403137	0.997962	0.826434	0.828464	0.0719055	0.0553712	0.00129292	0.00107845	
8.76e-09	290	0.0192927	0.0204438	0.999605	0.826412	0.82659	0.0420995	0.0595825	0.00131341	0.0011548	
8.82e-09	292	0.0468497	0.0286146	0.998492	0.822487	0.825216	0.0592405	0.0460728	0.00059691	0.000606604	
8.88e-09	294	-0.0150033	0.0381826	0.999158	0.821016	0.823714	0.0506128	0.0748744	0.00108976	0.00113838	
8.94e-09	296	-0.00564413	-0.0220245	0.999741	0.821107	0.821314	0.0864147	0.0901858	0.00097072	0.000952476	
9e-09	298	0.0349522	-0.034341	0.998799	0.823732	0.820735	0.0462718	0.069467	0.000842709	0.000749201	
9.06e-09	300	0.0413638	-0.0371332	0.998454	0.817837	0.819139	0.0691144	0.09618	0.0010311	0.000889802	
9.12e-09	302	-0.0276852	-0.00585918	0.9996	0.818304	0.817597	0.0309925	0.0614929	0.00095574	0.000771963	
9.18e-09	304	0.00967689	-0.0224434	0.999701	0.818731	0.816862	0.0742432	0.0959928	0.00113444	0.000768695	
9.24e-09	306	0.00339239	-0.0277786	0.999608	0.812014	0.814843	0.0627924	0.0448522	0.000856094	0.000818268	
9.3e-09	308	-0.0178441	-0.0328795	0.9993	0.814063	0.81373	0.0524613	0.0434835	0.00121106	0.00113412	
9.36e-09	310	-0.00808565	0.00986579	0.999919	0.814233	0.812288	0.0714489	0.0819973	0.00112005	0.00107234	
9.42e-09	312	-0.0166386	0.0337918	0.99929	0.812411	0.810989	0.0742083	0.0497342	0.00111603	0.00101551	
9.48e-09	314	-0.00890968	-0.0380239	0.999237	0.80867	0.810409	0.0531234	0.0992989	0.00102583	0.000953802	
9.54e-09	316	0.00700183	0.00663642	0.999953	0.812095	0.808243	0.0789285	0.0447244	0.000916232	0.000949303	
9.6e-09	318	0.043162	-0.031534	0.99857	0.804901	0.806111	0.054962	0.0488865	0.00115874	0.00117978	
9.66e-09	320	0.0126884	-0.0585188	0.998206	0.803628	0.804428	0.0596024	0.0499302	0.000984084	0.000998244	
9.72e-09	322	-0.0130221	-0.000594224	0.999915	0.809948	0.803833	0.0959897	0.101058	0.00146616	0.00131542	
9.78e-09	324	-0.0288242	0.0322466	0.999064	0.796197	0.800406	0.0516302	0.0499169	0.000822424	0.000903988	
9.84e-09	326	0.0611542	0.0520887	0.996768	0.803074	0.800083	0.0992822	0.0468767	0.00114763	0.00111678	
9.9e-09	328	0.0268918	-0.0203565	0.999431	0.80392	0.798376	0.0851223	0.0745313	0.00116243	0.00119201	
9.96e-09	330	-0.000275137	0.0740394	0.997255	0.804811	0.798687	0.0618371	0.0589385	0.000949914	0.000944736	
1.002e-08	332	0.0626223	0.0588859	0.996299	0.797312	0.794471	0.063183	0.107168	0.000811166	0.000878906	
1.008e-08	334	-0.0105581	-0.0218452	0.999706	0.796238	0.79525	0.062993	0.0753572	0.000903295	0.000738484	
1.014e-08	336	0.0305348	0.0242755	0.999239	0.790455	0.792101	0.06701	0.0649117	0.0013925	0.00121407	
1.02e-08	338	0.0185328	0.0253751	0.999506	0.794004	0.792518	0.0402249	0.0498542	0.00162364	0.00145459	
1.026e-08	340	-0.0329641	0.0556052	0.997909	0.791702	0.789605	0.05244	0.0854221	0.00177632	0.00188855	
1.032e-08	342	-0.0232337	-0.0132884	0.999642	0.785536	0.788346	0.0497124	0.0412573	0.00101776	0.000884496	
1.038e-08	344	-0.0412897	0.0155786	0.999026	0.79556	0.787042	0.0643362	0.0868354	0.00156282	0.00138555	
1.044e-08	346	0.0369066	-0.0820413	0.995945	0.784749	0.784683	0.0877315	0.0640528	0.00153131	0.00134801	
1.05e-08	348	-0.0301851	-0.0397523	0.998754	0.773119	0.782049	0.05161	0.0609488	0.00146137	0.00138388	
1.056e-08	350	-0.0171099	-0.0391982	0.999085	0.782087	0.780802	0.0837394	0.0598868	0.00109132	0.00101511	
1.062e-08	352	0.066401	0.0500137	0.996539	0.778895	0.780881	0.0751138	0.0822793	0.00167434	0.00170662	
1.068e-08	354	0.0398644	-0.0210672	0.998983	0.778366	0.778309	0.0767784	0.0595125	0.00149018	0.00145957	
1.074e-08	356	-0.0484526	0.0450375	0.99781	0.779073	0.775902	0.0586102	0.0679945	0.0012475	0.00116579	
1.08e-08	358	-0.0280314	0.0221964	0.999361	0.773345	0.774927	0.0453798	0.101913	0.00159417	0.0013151	
1.086e-08	360	-0.0040163	-0.024682	0.999687	0.768727	0.77308	0.0731236	0.0546836	0.00148762	0.0015221	
1.092e-08	362	-0.0448761	-0.046173	0.997925	0.773341	0.770212	0.0936091	0.0744851	0.00191279	0.00173247	
1.098e-08	364	0.0145436	-0.0353915	0.999268	0.768569	0.7704	0.0864686	0.0525002	0.000921883	0.000763886	
1.104e-08	366	0.0272157	-0.0106462	0.999573	0.769892	0.768636	0.0675602	0.0578787	0.00135402	0.00124273	
1.11e-08	368	-0.0849603	-0.0131505	0.996298	0.765567	0.766932	0.0671912	0.0920608	0.00256366	0.0022523	
1.116e-08	370	-0.0373671	-0.0135084	0.99921	0.761759	0.765978	0.0437284	0.0545931	0.00151983	0.00124823	
1.122e-08	372	-0.10132	0.00354843	0.994848	0.769703	0.765676	0.0421855	0.0269947	0.00122804	0.00136097	
1.128e-08	374	0.0136511	-0.00382116	0.9999	0.757789	0.762987	0.0665961	0.0964618	0.00144822	0.00127354	
1.134e-08	376	0.00518916	0.0174295	0.999835	0.761352	0.759606	0.091138	0.079157	0.00134528	0.0011994	
1.14e-08	378	-0.0214796	0.00641761	0.999749	0.756385	0.758005	0.0706906	0.064666	0.00132936	0.0015129	
1.146e-08	380	-0.0777708	0.0197367	0.996776	0.765008	0.757186	0.0739208	0.104419	0.00206329	0.00142973	
1.152e-08	382	-0.0245495	0.045293	0.998672	0.748324	0.756397	0.0773214	0.0559098	0.00187685	0.00164843	
1.158e-08	384	0.0883913	0.0739533	0.993337	0.757017	0.751109	0.0713199	0.0449999	0.00112215	0.00118949	
1.164e-08	386	0.00275879	0.022429	0.999745	0.749226	0.752145	0.0748733	0.0682495	0.00180777	0.00151591	
1.17e-08	388	-0.0124101	0.00715542	0.999897	0.748078	0.750672	0.0570461	0.0665418	0.001396	0.00124821	
1.176e-08	390	-0.0482183	0.0341617	0.998252	0.74424	0.74917	0.0935526	0.0988316	0.00174537	0.00145926	
1.182e-08	392	-0.0482071	0.0311752	0.998351	0.748607	0.748911	0.0479061	0.0530167	0.00117304	0.0012695	
1.188e-08	394	-0.0183462	-0.0905133	0.995726	0.751526	0.744992	0.0663614	0.0734403	0.00148387	0.00146339	
1.194e-08	396	-0.0118422	-0.0329033	0.999388	0.744786	0.742739	0.0682487	0.085274	0.00121447	0.00133766	
1.2e-08	398	-0.012696	-0.00549302	0.999904	0.738947	0.741476	0.0652465	0.040252	0.00174245	0.00142227	
1.206e-08	400	-0.00796802	-0.0475675	0.998836	0.728766	0.73886	0.0677501	0.0983101	0.0018087	0.00160989	
1.212e-08	402	0.0922052	-0.0406551	0.99491	0.746438	0.737868	0.104894	0.0647262	0.00143625	0.00162015	
1.218e-08	404	-0.135741	-0.0475636	0.989602	0.736893	0.73631	0.0988549	0.0467545	0.00177202	0.00187571	
1.224e-08	406	0.0258295	-0.053257	0.998247	0.732229	0.734389	0.0568655	0.0622227	0.00201424	0.0020286	
1.23e-08	408	-0.064873	0.0448455	0.996885	0.74163	0.734119	0.0794067	0.11512	0.00142772	0.00133087	
1.236e-08	410	-0.00585486	0.0175003	0.99983	0.734622	0.731382	0.0862381	0.0792981	0.00195911	0.00160367	
1.242e-08	412	-0.0500065	0.0448251	0.997742	0.728894	0.728349	0.0366048	0.117035	0.00242884	0.00179597	
1.248e-08	414	-0.0673302	0.0569528	0.996104	0.725967	0.726521	0.10204	0.0545257	0.00235712	0.0022207	
1.254e-08	416	-0.00549475	-0.0164739	0.999849	0.725868	0.725482	0.0637583	0.0643757	0.00102974	0.000819929	
1.26e-08	418	0.00640492	0.00366564	0.999973	0.724392	0.723165	0.0592591	0.0651898	0.0016337	0.00168893	
1.266e-08	420	0.0385325	-0.0259731	0.99892	0.71967	0.722387	0.0667748	0.061207	0.00101511	0.00114388	
1.272e-08	422	0.0483938	0.0101368	0.998777	0.713502	0.719519	0.0748233	0.0623351	0.000932137	0.000970752	
1.278e-08	424	-0.00412704	0.00645879	0.999971	0.72577	0.717795	0.068439	0.0785212	0.00246682	0.00217952	
1.284e-08	426	0.0284309	-0.0106231	0.999539	0.721889	0.717269	0.057482	0.0764237	0.00282471	0.00292169	
1.29e-08	428	-0.00664682	0.0648073	0.997876	0.716124	0.71352	0.0447049	0.0660482	0.00322102	0.00319031	
1.296e-08	430	0.115678	-0.0914801	0.989065	0.710219	0.712163	0.0490868	0.0803727	0.0023312	0.00184725	
1.302e-08	432	0.0200859	0.00520441	0.999785	0.712632	0.708185	0.073121	0.0570526	0.00292752	0.00293494	
1.308e-08	434	0.0555148	-0.0256306	0.998129	0.714985	0.708012	0.0802947	0.0474019	0.00241555	0.00201838	
1.314e-08	436	-0.0139348	0.0445374	0.998911	0.703002	0.707175	0.102455	0.0765294	0.00245336	0.00194666	
1.32e-08	438	0.120744	-0.0714087	0.990112	0.709406	0.70413	0.0956659	0.0725721	0.00223027	0.00235087	
1.326e-08	440	0.0728052	-0.0978096	0.992539	0.692224	0.702282	0.0641298	0.130729	0.00351163	0.00329982	
1.332e-08	442	0.0772125	-0.00691185	0.996991	0.697595	0.700053	0.0595573	0.0723457	0.00227755	0.00229562	
1.338e-08	444	-0.0148358	-0.0155954	0.999768	0.69494	0.697476	0.0603588	0.0545964	0.00235507	0.00211734	
1.344e-08	446	0.024843	-0.0119335	0.99962	0.693904	0.694783	0.0516392	0.0741956	0.00275466	0.00248411	
1.35e-08	448	0.0655798	0.0236163	0.997568	0.695095	0.694683	0.0642811	0.0666717	0.00310846	0.0032252	
1.356e-08	450	-0.00299051	0.0809961	0.99671	0.694833	0.691902	0.124659	0.0630442	0.00268043	0.0017999	
1.362e-08	452	-0.0447594	0.0441493	0.998022	0.692828	0.690268	0.0807627	0.0978514	0.00225661	0.00191018	
1.368e-08	454	-0.0796139	0.0210387	0.996604	0.681002	0.686659	0.0549502	0.0825059	0.00314946	0.00287799	
1.374e-08	456	0.00630721	0.00153	0.999979	0.684177	0.686824	0.0762542	0.110558	0.00285822	0.00286581	
1.38e-08	458	-0.0239247	0.0141457	0.999614	0.686239	0.681465	0.0659137	0.0301733	0.00176133	0.00153191	
1.386e-08	460	-0.0277888	0.0915782	0.99541	0.682426	0.679665	0.0833134	0.0721725	0.00209507	0.00197306	
1.392e-08	462	0.0773471	-0.0486312	0.995817	0.687598	0.678673	0.0905126	0.0727789	0.00215941	0.00237354	
1.398e-08	464	0.0389028	-0.0354528	0.998614	0.674167	0.678806	0.0800883	0.0662657	0.0022978	0.00197816	
1.404e-08	466	-0.0264075	0.030353	0.99919	0.67834	0.6744	0.0549286	0.0719538	0.00300435	0.00300683	
1.41e-08	468	-0.0307944	0.00467735	0.999515	0.673362	0.674638	0.0718051	0.0623992	0.00243941	0.0022583	
1.416e-08	470	-0.101798	0.0471127	0.993689	0.676561	0.672207	0.105391	0.0501692	0.00307671	0.00332716	
1.422e-08	472	0.00122713	-0.0193288	0.999812	0.667508	0.672117	0.0771743	0.129902	0.00270798	0.00230203	
1.428e-08	474	0.0492537	0.0284878	0.99838	0.65475	0.667798	0.0701725	0.0947587	0.00153867	0.00133566	
1.434e-08	476	0.0180077	-0.0526583	0.99845	0.665383	0.665466	0.0434554	0.0508998	0.00328358	0.00344062	
1.44e-08	478	0.0815846	-0.115451	0.989957	0.666601	0.663432	0.0606183	0.0645894	0.00361952	0.00339038	
1.446e-08	480	-0.00287702	-0.0195048	0.999806	0.655875	0.662683	0.0811303	0.0614163	0.00289583	0.00257585	
1.452e-08	482	-0.13634	-0.0137062	0.990567	0.658845	0.658039	0.102699	0.0447079	0.00249056	0.00287103	
1.458e-08	484	0.0579958	-0.00706295	0.998292	0.645421	0.655917	0.085576	0.0725367	0.00327375	0.00348319	
1.464e-08	486	-0.0415233	0.0127725	0.999056	0.655414	0.652274	0.0577712	0.112313	0.00372287	0.00326439	
1.47e-08	488	-0.029825	-0.0380881	0.998829	0.655039	0.653022	0.0891433	0.123048	0.00239369	0.00175322	
1.476e-08	490	0.0338836	-0.0355971	0.998792	0.64709	0.651073	0.0743763	0.0800459	0.00401319	0.00416183	
1.482e-08	492	0.0075719	0.0351157	0.999355	0.653271	0.646125	0.0902624	0.0772992	0.00301169	0.00304538	
1.488e-08	494	0.108756	-0.00279032	0.994065	0.65053	0.643212	0.0912608	0.0590173	0.00337468	0.00303442	
1.494e-08	496	-0.0808603	0.103598	0.991327	0.65664	0.642586	0.0499944	0.112663	0.00450371	0.00475905	
1.5e-08	498	-0.0266661	0.0390594	0.998881	0.637283	0.641228	0.0909845	0.0771244	0.00296933	0.00289745	
1.506e-08	500	0.00116803	0.0192203	0.999815	0.63834	0.637392	0.0681536	0.0515872	0.0024806	0.00236927	
1.512e-08	502	-0.0967394	0.0308959	0.99483	0.637384	0.636225	0.0725848	0.0483548	0.00445093	0.00453907	
1.518e-08	504	-0.0652919	0.0268453	0.997505	0.645899	0.633117	0.100962	0.106861	0.00435446	0.00392098	
1.524e-08	506	0.0605056	-0.0291154	0.997743	0.621406	0.628868	0.0502784	0.0558355	0.00264501	0.00250641	
1.53e-08	508	-0.0613715	0.0677448	0.995813	0.641314	0.626581	0.0982487	0.0841426	0.00254119	0.00211314	
1.536e-08	510	0.116781	0.00483429	0.993146	0.630328	0.625196	0.0733546	0.0577632	0.00605644	0.00495953	
1.542e-08	512	-0.0348711	0.00743184	0.999364	0.624293	0.624106	0.0689628	0.136401	0.00351379	0.00309541	
1.548e-08	514	-0.041142	-0.00122319	0.999153	0.615757	0.620598	0.0567694	0.0905239	0.00323232	0.00371939	
1.554e-08	516	-0.00387647	0.00414329	0.999984	0.597664	0.618069	0.084978	0.123332	0.00475938	0.00365124	
1.56e-08	518	0.0510451	0.043332	0.997756	0.614275	0.613648	0.0426071	0.0828669	0.00330797	0.0029884	
1.566e-08	520	0.0557067	-0.0235006	0.998171	0.6268	0.613108	0.0940167	0.106321	0.00381167	0.00293237	
1.572e-08	522	0.0826288	-0.0756458	0.993705	0.609686	0.607783	0.0724056	0.119763	0.00336961	0.00225628	
1.578e-08	524	-0.176957	0.0125518	0.984139	0.618419	0.606822	0.119195	0.10403	0.00475756	0.0038891	
1.584e-08	526	-0.0232581	-0.0122008	0.999655	0.606916	0.604831	0.0583127	0.0483223	0.00316272	0.00291098	
1.59e-08	528	-0.00591572	-0.0282915	0.999582	0.600708	0.602081	0.062237	0.0942154	0.00244704	0.00256055	
1.596e-08	530	-0.040251	-0.0401552	0.998382	0.606047	0.599222	0.0609903	0.0570307	0.00227864	0.00254482	
1.602e-08	532	-0.101455	0.00349565	0.994834	0.60099	0.598346	0.0822779	0.0844575	0.0038697	0.00361108	
1.608e-08	534	0.000411663	-0.0879633	0.996124	0.589347	0.593589	0.0428562	0.094031	0.00312353	0.00302722	
1.614e-08	536	-0.0126175	-0.0498753	0.998676	0.600749	0.589402	0.0744293	0.047136	0.00613338	0.00573401	
1.62e-08	538	-0.0414659	-0.0709659	0.996616	0.593271	0.587182	0.122909	0.0830958	0.00304871	0.00279629	
1.626e-08	540	0.0516812	-0.0940309	0.994227	0.571976	0.584806	0.123237	0.116447	0.00576964	0.0045902	
1.632e-08	542	-0.142885	0.0308572	0.989258	0.588259	0.584813	0.103243	0.11069	0.0044443	0.00356824	
1.638e-08	544	-0.0584875	0.0206198	0.998075	0.573182	0.577952	0.0630585	0.100972	0.00454277	0.00379176	
1.644e-08	546	-0.0437013	-0.0330103	0.998499	0.57747	0.576552	0.0927418	0.0656328	0.0047311	0.00438006	
1.65e-08	548	0.0761694	-0.0451455	0.996072	0.581066	0.573383	0.100724	0.0489656	0.00536511	0.00375726	
1.656e-08	550	-0.123574	0.037232	0.991637	0.579314	0.572257	0.0676404	0.0750354	0.00580732	0.00472745	
1.662e-08	552	0.0373878	0.0678026	0.996998	0.567022	0.567713	0.113094	0.115319	0.00481118	0.00516107	
1.668e-08	554	-0.00330063	0.0615299	0.9981	0.555972	0.566803	0.0871057	0.0946744	0.00287747	0.00317723	
1.674e-08	556	-0.0836932	0.104784	0.990967	0.546971	0.563075	0.0820917	0.0519321	0.00345395	0.00305275	
1.68e-08	558	0.111722	0.0176116	0.993583	0.553679	0.559671	0.0776319	0.0561059	0.00477972	0.004309	
1.686e-08	560	0.072074	-0.0752589	0.994556	0.539235	0.557914	0.0859978	0.0971511	0.00626091	0.00559144	
1.692e-08	562	-0.0385216	-0.0501795	0.997997	0.555602	0.553432	0.0551575	0.0925331	0.00402014	0.00288595	
1.698e-08	564	-0.119827	0.00418819	0.992786	0.555402	0.549985	0.0772763	0.0637617	0.00410244	0.00360327	
1.704e-08	566	-0.0154965	0.040954	0.999041	0.540713	0.549839	0.116272	0.0767704	0.00838219	0.00610512	
1.71e-08	568	-0.0194257	0.0453888	0.998781	0.543027	0.547321	0.100106	0.113943	0.00572505	0.00456889	
1.716e-08	570	0.0223437	0.0374846	0.999047	0.542992	0.54094	0.103913	0.101724	0.00284072	0.00233046	
1.722e-08	572	-0.147592	0.17064	0.974217	0.531406	0.5339	0.122674	0.119904	0.00718014	0.00615681	
1.728e-08	574	-0.0141002	-0.0795867	0.996728	0.532488	0.534156	0.0578971	0.0918217	0.00680705	0.00612484	
1.734e-08	576	0.0971302	-0.0214127	0.995041	0.509576	0.529446	0.203354	0.0919346	0.00747018	0.00690327	
1.74e-08	578	-0.120621	0.0506675	0.991405	0.537839	0.528813	0.0927499	0.0901053	0.00610857	0.00508773	
1.746e-08	580	-0.179894	-0.075062	0.980818	0.510561	0.524758	0.113112	0.0726579	0.00623268	0.00590422	
1.752e-08	582	-0.0562771	-0.0932503	0.994051	0.518148	0.520192	0.0769684	0.105332	0.00550067	0.00406491	
1.758e-08	584	0.17744	-0.164461	0.970293	0.506157	0.513783	0.0874297	0.119986	0.00869936	0.00777011	
1.764e-08	586	0.0378382	0.155784	0.987066	0.49131	0.512001	0.0975547	0.0959342	0.0116963	0.00970244	
1.77e-08	588	0.0101715	0.0236898	0.999668	0.502849	0.510563	0.0817605	0.117002	0.00723017	0.00596967	
1.776e-08	590	-0.0851066	-0.117859	0.989377	0.481707	0.505861	0.0877349	0.104456	0.00905198	0.00873168	
1.782e-08	592	-0.150158	-0.161509	0.975381	0.501096	0.500471	0.0693425	0.111362	0.0108539	0.0100909	
1.788e-08	594	0.0237877	-0.0591168	0.997968	0.499934	0.498574	0.0949369	0.110125	0.00689571	0.0081034	
1.794e-08	596	0.0536872	0.070974	0.996032	0.496414	0.494906	0.0468586	0.0753441	0.00692296	0.00742182	
1.8e-08	598	0.208727	0.0955247	0.973298	0.492366	0.490329	0.159999	0.142496	0.00363752	0.00412718	
1.806e-08	600	-0.176439	0.21489	0.960568	0.471093	0.488061	0.104565	0.107775	0.00698461	0.00353831	
1.812e-08	602	-0.179282	0.0365892	0.983117	0.475683	0.484294	0.0993364	0.0869277	0.00827612	0.00780084	
1.818e-08	604	0.0740405	0.0454879	0.996217	0.469306	0.474735	0.0988258	0.0812593	0.0088324	0.00675587	
1.824e-08	606	0.162727	0.0456527	0.985614	0.491407	0.474911	0.104008	0.111664	0.0123368	0.0101662	
1.83e-08	608	-0.167055	0.0050377	0.985935	0.485136	0.471078	0.0969933	0.0735476	0.0115294	0.00943395	
1.836e-08	610	-0.106318	-0.0299406	0.993881	0.465448	0.466033	0.0817679	0.0713245	0.0111165	0.00991113	
1.842e-08	612	-0.269578	0.0915867	0.958613	0.462454	0.45975	0.115698	0.0775663	0.0108762	0.00952997	
1.848e-08	614	-0.0285865	-0.131254	0.990936	0.476206	0.460038	0.0846914	0.0949134	0.0114352	0.00959752	
1.854e-08	616	0.0571954	0.00973576	0.998316	0.463161	0.453523	0.0730532	0.1111	0.0097768	0.0100691	
1.86e-08	618	0.0163229	0.102128	0.994637	0.46189	0.452251	0.116785	0.063453	0.0145376	0.012005	
1.866e-08	620	0.0433033	0.108939	0.993105	0.446977	0.440492	0.0684696	0.0641693	0.0127654	0.011218	
1.872e-08	622	-0.0142304	0.0943928	0.995433	0.454208	0.437849	0.0534294	0.119199	0.0160244	0.0123858	
1.878e-08	624	0.00741814	0.030237	0.999515	0.421835	0.435891	0.0665468	0.0719431	0.0102905	0.0104472	
1.884e-08	626	0.102324	-0.0402127	0.993938	0.439914	0.430305	0.0716607	0.128375	0.0131703	0.0100302	
1.89e-08	628	0.0839654	-0.141459	0.986377	0.41534	0.420876	0.0853392	0.0973917	0.011796	0.0113146	
1.896e-08	630	0.0297244	0.0818045	0.996205	0.448624	0.422139	0.0926302	0.0808318	0.0146858	0.0123165	
1.902e-08	632	0.169722	-0.0861842	0.981716	0.421527	0.413884	0.0795083	0.0821586	0.0117303	0.0107441	
1.908e-08	634	-0.124597	0.0890261	0.988205	0.431268	0.411562	0.0600209	0.0694905	0.0129111	0.0115257	
1.914e-08	636	0.206608	0.154122	0.966209	0.405493	0.397733	0.101033	0.0945451	0.0139267	0.0106201	
1.92e-08	638	-0.0910246	0.254465	0.962789	0.415651	0.398349	0.169071	0.0935153	0.024894	0.0190927	
1.926e-08	640	0.0676075	-0.0980453	0.992883	0.387758	0.39863	0.0590096	0.0758156	0.00758216	0.00707365	
1.932e-08	642	0.20554	-0.135539	0.969217	0.399574	0.387915	0.127914	0.0755311	0.0170596	0.0153803	
1.938e-08	644	0.114271	-0.0824987	0.990018	0.38939	0.383678	0.130622	0.0766547	0.0179193	0.0139138	
1.944e-08	646	0.0435427	-0.0968033	0.994351	0.37759	0.376309	0.111386	0.102681	0.0160095	0.0121607	
1.95e-08	648	-0.0188999	-0.038392	0.999084	0.384582	0.369722	0.0677798	0.088475	0.0136897	0.0119659	
1.956e-08	650	-0.10933	-0.184412	0.976749	0.315203	0.363081	0.089357	0.0840364	0.018062	0.0164618	
1.962e-08	652	0.108218	0.119584	0.986909	0.362328	0.354533	0.102135	0.124733	0.0229132	0.0185573	
1.968e-08	654	-0.123058	0.107356	0.986576	0.366836	0.352301	0.0839043	0.0963181	0.0314328	0.0282301	
1.974e-08	656	-0.00286772	0.0503887	0.998726	0.362268	0.339255	0.0795907	0.139299	0.0250075	0.0216516	
1.98e-08	658	-0.0247965	0.0903084	0.995605	0.335271	0.337229	0.0525456	0.0700323	0.0275586	0.0244232	
1.986e-08	660	0.127688	-0.178178	0.975678	0.330996	0.336217	0.0952593	0.0769682	0.0202066	0.0170676	
1.992e-08	662	0.364266	-0.133831	0.921629	0.330378	0.330167	0.131483	0.0669544	0.0171076	0.0147477	
1.998e-08	664	-0.176359	0.0447174	0.98331	0.369796	0.326636	0.101216	0.106422	0.024404	0.0194333	
2.004e-08	666	-0.270637	-0.138492	0.952668	0.297683	0.3139	0.127299	0.102426	0.0213257	0.017345	
2.01e-08	668	0.152943	0.0879094	0.984317	0.273882	0.303877	0.0791982	0.0684047	0.0297724	0.0266454	
2.016e-08	670	-0.103195	-0.300419	0.948208	0.26743	0.28453	0.109087	0.198337	0.0426065	0.0403236	
2.022e-08	672	0.288429	0.110864	0.951061	0.251712	0.283738	0.182521	0.0839837	0.0717288	0.0477274	
2.028e-08	674	0.0806538	0.0422406	0.995847	0.295643	0.28588	0.0892823	0.169286	0.0450279	0.0411677	
2.034e-08	676	0.163763	0.0427173	0.985574	0.258233	0.259933	0.107884	0.142654	0.070317	0.0498501	
2.04e-08	678	-0.28282	-0.0374925	0.95844	0.293145	0.260794	0.0866415	0.176444	0.0461543	0.0363405	
2.046e-08	680	-0.245618	-0.165821	0.955079	0.246233	0.252408	0.0955573	0.127093	0.0402581	0.034399	
2.052e-08	682	-0.410645	-0.732404	0.543098	0.198018	0.24427	0.107541	0.100464	0.0794091	0.0325612	
2.058e-08	684	-0.329584	-0.316739	0.88941	0.213553	0.236736	0.101045	0.111789	0.0407028	0.0293637	
2.064e-08	686	0.318181	0.461696	0.828008	0.217076	0.230151	0.0828233	0.0761056	0.0347066	0.0282706	
2.07e-08	688	0.229857	0.358229	0.904897	0.22231	0.226412	0.111359	0.131408	0.0246912	0.0201018	
2.076e-08	690	-0.01443	0.105844	-0.994278	0.156904	0.180899	0.142209	0.0915023	1.22936	0.0994946	
2.082e-08	692	-0.264598	0.0833056	-0.960754	0.222017	0.193633	0.102951	0.108714	0.838594	0.0437353	
2.088e-08	694	0.10914	0.382153	-0.917631	0.245565	0.162372	0.154509	0.131098	0.919732	0.107875	
2.094e-08	696	0.125795	0.145828	-0.98128	0.194959	0.18035	0.108407	0.0892053	0.101255	0.0511922	
2.1e-08	698	0.326007	-0.267987	-0.906588	0.192261	0.160161	0.112021	0.0923596	0.870623	0.054838	
2.106e-08	700	0.0566747	0.0373571	-0.997694	0.186041	0.129399	0.0888853	0.0853626	0.427719	0.106105	
2.112e-08	702	0.174336	-0.315032	-0.932932	0.0890326	0.122074	0.0614295	0.0911618	0.459648	0.0762091	
2.118e-08	704	0.00461335	0.455948	0.889994	0.133998	0.101488	0.120324	0.118087	0.210766	0.0653923	
2.124e-08	706	0.677573	0.336028	-0.654202	0.100947	0.0998018	0.0699559	0.090473	0.292002	0.0527939	
2.13e-08	708	0.96182	-0.268305	-0.0539862	0.127357	0.107834	0.10292	0.103431	0.261365	0.0309869	
2.136e-08	710	0.688762	-0.547086	-0.475715	0.0793135	0.10305	0.0914424	0.132264	0.23493	0.0578837	
2.142e-08	712	-0.0800759	0.529488	0.84453	0.0523468	0.077657	0.0795981	0.0488011	0.156101	0.045687	
2.148e-08	714	0.820409	-0.0247112	-0.571242	0.0297505	0.0874752	0.0991847	0.0584808	0.216887	0.0631987	
2.154e-08	716	-0.0189876	-0.133371	0.990884	0.0776059	0.0690673	0.0616724	0.0368608	0.127402	0.0375395	
2.16e-08	718	-0.75457	-0.207677	-0.62249	0.0304583	0.0766582	0.0485835	0.0499865	0.178705	0.0484712	
2.166e-08	720	-0.0711994	0.933946	-0.350251	0.109899	0.062301	0.0616581	0.0571242	0.0568206	0.0208235	
2.172e-08	722	-0.74122	-0.653853	-0.151884	0.0529165	0.0635786	0.0414504	0.0498054	0.0890414	0.0379397	
2.178e-08	724	0.0494529	-0.105417	0.993198	0.105627	0.0733438	0.0458788	0.0476088	0.144862	0.0370147	
2.184e-08	726	-0.817965	0.531822	0.219313	0.0439497	0.0675478	0.0753237	0.0407688	0.0814122	0.0349123	
2.19e-08	728	-0.831942	-0.340376	0.438197	0.0711253	0.0475334	0.0329086	0.0194017	0.034308	0.0124358	
2.196e-08	730	-0.27192	0.410712	0.870273	0.0755407	0.059049	0.0378313	0.0582706	0.0543976	0.0194985	
2.202e-08	732	-0.367532	-0.892123	-0.262748	0.0570277	0.0573356	0.032578	0.0337617	0.0817977	0.0232215	
2.208e-08	734	-0.457296	-0.881683	0.116254	0.04491	0.053473	0.0483621	0.0268222	0.0503656	0.0216639	
2.214e-08	736	-0.335924	-0.720146	-0.607079	0.0288568	0.050913	0.0344603	0.0456807	0.0413126	0.0214519	
2.22e-08	738	0.348633	0.916668	0.195383	0.0632144	0.049948	0.0299787	0.0284954	0.0607868	0.0266291	
2.226e-08	740	-0.660857	0.729262	-0.177325	0.0421292	0.0469406	0.025226	0.0251688	0.0499796	0.0143005	
2.232e-08	742	-0.161695	-0.489765	-0.856729	0.0716416	0.0515941	0.0497071	0.0279861	0.0438504	0.0192481	
2.238e-08	744	0.552501	0.552653	0.623953	0.0679508	0.0403284	0.0217125	0.0210692	0.0263908	0.00739809	
2.244e-08	746	-0.824268	0.560578	-0.0795883	0.0220346	0.0450531	0.0223871	0.0333267	0.0356491	0.0139243	
2.25e-08	748	0.164259	0.059371	0.984629	0.0732741	0.048321	0.0286186	0.0205126	0.0520387	0.0161341	
2.256e-08	750	-0.527828	-0.529765	0.663888	0.0173082	0.0436945	0.024736	0.021535	0.045058	0.0176933	
2.262e-08	752	0.109756	-0.0904977	-0.98983	0.0217527	0.0324942	0.0131719	0.0120417	0.0150074	0.00465462	
2.268e-08	754	0.585586	-0.73988	-0.33116	0.0204657	0.0453797	0.037931	0.0291441	0.0293231	0.0241485	
2.274e-08	756	0.501136	0.421652	-0.755693	0.0416637	0.0392018	0.0196938	0.0137233	0.0337032	0.00868294	
2.28e-08	758	-0.168534	-0.750382	0.639158	0.0465336	0.0399966	0.0212563	0.0200397	0.0288667	0.00984885	
2.286e-08	760	0.272501	-0.949468	0.155735	0.0301172	0.0425592	0.0278288	0.0245176	0.0208602	0.00814834	
2.292e-08	762	0.441968	0.818137	-0.367854	0.0382907	0.0382693	0.0262378	0.022226	0.0187536	0.011286	
2.298e-08	764	-0.736208	-0.550509	-0.393622	0.042002	0.0389491	0.0238664	0.0123877	0.02426	0.00657462	
2.304e-08	766	0.90669	-0.178048	0.382376	0.0335653	0.0343968	0.0114936	0.0190109	0.022047	0.00915913	
2.31e-08	768	-0.106002	0.857558	0.503347	0.0296996	0.0364509	0.0150843	0.0142852	0.0263074	0.00710084	
2.316e-08	770	0.754886	-0.506104	0.417139	0.00779911	0.034209	0.012723	0.0179766	0.0187216	0.00815252	
2.322e-08	772	0.340205	-0.940339	-0.00484701	0.0421301	0.0355784	0.0162281	0.0183483	0.020753	0.00821998	
2.328e-08	774	0.813416	-0.144748	0.563385	0.0248506	0.0357741	0.0133725	0.0229648	0.0193277	0.00815161	
2.334e-08	776	-0.174705	0.399124	0.900099	0.03521	0.0321672	0.0111659	0.0170745	0.0212833	0.0106656	
2.34e-08	778	-0.715801	0.678788	0.163939	0.0549017	0.0386127	0.0142387	0.0203012	0.0192245	0.00704685	
2.346e-08	780	-0.167745	0.963718	0.207628	0.0537126	0.0359269	0.0137377	0.019347	0.0166451	0.00540565	
2.352e-08	782	-0.427629	-0.90104	-0.0725317	0.0278387	0.029867	0.0171831	0.0133705	0.00891109	0.00665126	
2.358e-08	784	0.760216	-0.474245	-0.44403	0.0102823	0.0337506	0.0144507	0.013425	0.016856	0.00358206	
2.364e-08	786	0.958821	0.125221	-0.254915	0.0327879	0.0295737	0.0119208	0.0112234	0.0139804	0.0056072	
2.37e-08	788	-0.926029	-0.235912	0.294646	0.0483884	0.0294882	0.0171429	0.0111675	0.011596	0.00772713	
2.376e-08	790	0.342315	-0.624339	0.702155	0.0549868	0.0332214	0.00963508	0.0172637	0.0220548	0.009134	
2.382e-08	792	-0.0659461	-0.786678	-0.613832	0.0102297	0.0298121	0.00676045	0.0101219	0.0238093	0.00833519	
2.388e-08	794	-0.682144	0.180345	-0.708629	0.0235911	0.0321763	0.0139117	0.0182726	0.0123352	0.00712293	
2.394e-08	796	-0.0896639	-0.925299	0.368486	0.0423764	0.0291876	0.016113	0.0124994	0.0105818	0.00875261	
2.4e-08	798	0.739639	0.0768624	-0.668601	0.0265829	0.0291412	0.00775768	0.0150606	0.0119659	0.0040429	
2.406e-08	800	0.715771	0.633099	-0.294717	0.0292299	0.0325437	0.0133973	0.0202658	0.0124349	0.00790114	
2.412e-08	802	0.869369	0.0540216	0.491202	0.0647982	0.0321399	0.0151749	0.0102426	0.0211837	0.00932231	
2.418e-08	804	-0.174576	-0.620238	-0.764741	0.0374988	0.0318133	0.0106552	0.0151786	0.0177267	0.00702934	
2.424e-08	806	0.674303	-0.575297	0.462978	0.0297465	0.0295858	0.0149116	0.00821504	0.0133197	0.00525736	
2.43e-08	808	-0.433388	0.0950043	0.896186	0.0195782	0.0311577	0.0154707	0.012859	0.014063	0.00769932	
2.436e-08	810	-0.533498	0.440925	-0.72178	0.0374933	0.0304535	0.0145097	0.00709259	0.0136539	0.00435731	
2.442e-08	812	0.13713	-0.00139439	-0.990552	0.030148	0.0302146	0.0150721	0.00767488	0.0125745	0.00480842	
2.448e-08	814	0.960312	0.225417	0.164278	0.0387639	0.0341484	0.0109695	0.0154028	0.0188724	0.00580843	
2.454e-08	816	-0.997487	0.0664095	0.0246762	0.0257873	0.0282017	0.0130979	0.0120085	0.00530516	0.00373906	
2.46e-08	818	-0.52645	-0.285965	0.800671	0.0204766	0.0261108	0.00770982	0.00751241	0.0113752	0.00327666	
2.466e-08	820	-0.461579	0.885224	0.0576499	0.025702	0.0273166	0.0107258	0.00903757	0.0117357	0.00558189	
2.472e-08	822	0.264259	0.938214	0.223431	0.0229769	0.0264389	0.0106302	0.0106351	0.00900375	0.00557669	
2.478e-08	824	-0.156184	-0.469279	0.869128	0.0407328	0.0272752	0.00812105	0.0116167	0.0122191	0.00709305	
2.484e-08	826	-0.355488	-0.934472	0.0197519	0.0226599	0.0280622	0.00916581	0.00926722	0.0120515	0.00408989	
2.49e-08	828	-0.909104	-0.0256338	0.415779	0.0272895	0.0257344	0.0138374	0.00357598	0.00891049	0.00386771	
2.496e-08	830	0.339589	0.735304	0.586521	0.0323274	0.0241448	0.00645669	0.0085934	0.00804578	0.00367689	
2.502e-08	832	0.932732	-0.262379	0.247324	0.0257733	0.0262368	0.0125078	0.00759517	0.0065414	0.00311527	
2.508e-08	834	0.179867	0.380416	0.907155	0.0181156	0.0232865	0.00804871	0.00674079	0.00726277	0.00358674	
2.514e-08	836	-0.087549	0.978592	-0.186261	0.0251839	0.0242776	0.00495619	0.00971084	0.00812945	0.00267078	
2.52e-08	838	-0.418334	-0.779908	0.465553	0.0155506	0.0254349	0.00719182	0.00527867	0.0123056	0.00314884	
2.526e-08	840	-0.792508	0.474705	0.382867	0.0282887	0.0257317	0.0085407	0.012576	0.00498751	0.00341494	
2.532e-08	842	0.387074	-0.0149295	0.921928	0.0302839	0.0234905	0.00949119	0.00858657	0.00386278	0.00304822	
2.538e-08	844	-0.0732529	0.464524	-0.882526	0.0182189	0.0218023	0.00684451	0.00578087	0.0067254	0.0040258	
2.544e-08	846	-0.409089	-0.912313	0.018178	0.0533934	0.024626	0.0071455	0.00772791	0.00910404	0.00377235	
2.55e-08	848	-0.989485	0.0944604	0.109528	0.0221073	0.0249089	0.00844793	0.00962855	0.0064246	0.00334558	
2.556e-08	850	0.960041	0.275464	-0.0493994	0.0351601	0.0256824	0.00741829	0.00926163	0.00906912	0.00381745	
2.562e-08	852	-0.784692	0.616611	0.0636303	0.00621993	0.0233597	0.00782352	0.00540485	0.00882816	0.00340752	
2.568e-08	854	-0.560333	-0.604197	-0.566544	0.018519	0.0233506	0.0050998	0.00540595	0.00896874	0.00317997	
2.574e-08	856	0.548961	0.382369	-0.74326	0.0345829	0.0231112	0.00579269	0.00604773	0.00929158	0.00361994	
2.58e-08	858	-0.501178	0.2289	0.834521	0.027634	0.0251212	0.00698825	0.00521186	0.0123588	0.00374331	
2.586e-08	860	-0.366736	-0.421373	-0.829427	0.0364427	0.0252919	0.009602	0.00525109	0.0107723	0.00451305	
2.592e-08	862	0.327681	0.921145	0.21004	0.0159789	0.0208519	0.00568736	0.0043832	0.00601335	0.00263593	
2.598e-08	864	-0.439725	-0.895184	0.0727207	0.0331693	0.0197326	0.00313615	0.00507477	0.00638025	0.00192634	
2.604e-08	866	-0.728907	-0.0425496	0.683289	0.0420588	0.0221757	0.00798535	0.00560448	0.00654349	0.00377045	
2.61e-08	868	0.512458	-0.828519	0.225706	0.0153323	0.0212959	0.00691057	0.00574472	0.00426743	0.00303014	
2.616e-08	870	0.88843	-0.457343	-0.0391081	0.024335	0.0228769	0.00648088	0.00746551	0.00621247	0.00358029	
2.622e-08	872	-0.272202	-0.687209	-0.673536	0.0140755	0.0235464	0.00839773	0.00787977	0.00478708	0.00362068	
2.628e-08	874	-0.664252	0.438774	0.605184	0.0221854	0.0238866	0.00745641	0.00697649	0.00768675	0.00341975	
2.634e-08	876	0.268481	-0.734785	0.622904	0.0240331	0.0228755	0.00438772	0.00619523	0.00785258	0.00146299	
2.64e-08	878	0.891564	0.336494	0.303126	0.0275775	0.0227322	0.00655377	0.00508278	0.00687681	0.00149565	
2.646e-08	880	0.737902	-0.593486	0.321364	0.020253	0.0205991	0.00472657	0.00483257	0.00545416	0.00142099	
2.652e-08	882	-0.0950157	0.427624	-0.898949	0.0263773	0.0217239	0.00357421	0.0064423	0.00747284	0.00257201	
2.658e-08	884	0.854561	0.112319	0.50706	0.0094704	0.0193159	0.00547516	0.00340451	0.00580995	0.0033338	
2.664e-08	886	0.334734	0.681158	-0.651134	0.035708	0.0211776	0.00526935	0.00571174	0.00457142	0.00185704	
2.67e-08	888	0.104178	-0.272568	-0.95648	0.0341049	0.0224895	0.00490155	0.00479568	0.00919208	0.00266141	
2.676e-08	890	-0.923036	-0.352382	-0.154376	0.00826398	0.018285	0.00509828	0.00410534	0.00330424	0.00185882	
2.682e-08	892	-0.949993	-0.308506	-0.0483511	0.0242317	0.0230918	0.00549959	0.00568203	0.00821877	0.00285596	
2.688e-08	894	0.884814	0.465844	-0.00970214	0.0204105	0.0197205	0.00604606	0.00443753	0.00458551	0.00302587	
2.694e-08	896	-0.435646	-0.263281	0.860753	0.030939	0.0213317	0.00492369	0.00459354	0.00685922	0.00174626	
2.7e-08	898	0.0860517	0.139111	-0.986531	0.0286019	0.0227104	0.00582427	0.00567907	0.00842592	0.00365672	
2.706e-08	900	-0.747214	-0.658597	-0.0890055	0.0180385	0.0207999	0.00603852	0.00483211	0.00553012	0.00250709	
