#----------------------------------------------------------------------------------------------------------------------------------------------------------
# Output file for vampire simulation
#   time       : 2024-08-29 04:53:57     process id : 3557096
#   hostname   : node116.viking2.yor.alces.network
#   path       : /users/ky883/parameter/WS_dia5/AI_Dataset/size_4.0_4.0_10.0/Temp_900/random_1
#----------------------------------------------------------------------------------------------------------------------------------------------------------
6e-11	0	0.0251836	0.0158585	0.999557	0.999976	0.999965	0	0	0	0	
1.2e-10	2	-0.00172922	-0.00521524	0.999985	0.998885	0.998896	0.0561008	0.0404243	4.50178e-06	3.72325e-06	
1.8e-10	4	-0.00475885	-0.00208443	0.999987	0.997889	0.997821	0.0187816	0.087675	1.29097e-05	8.8761e-06	
2.4e-10	6	-0.00130773	-0.00798676	0.999967	0.996677	0.996699	0.0616464	0.0437174	1.4936e-05	1.33745e-05	
3e-10	8	0.00403321	0.0116788	0.999924	0.995862	0.995612	0.0595402	0.0582414	2.46402e-05	1.94641e-05	
3.6e-10	10	-0.00313648	0.00356649	0.999989	0.994511	0.994468	0.0379019	0.0390637	3.19397e-05	2.70484e-05	
4.2e-10	12	0.000377231	-0.00235817	0.999997	0.993573	0.99349	0.0475681	0.033082	3.44964e-05	3.2037e-05	
4.8e-10	14	-0.00157561	0.00079374	0.999998	0.992332	0.992329	0.0533364	0.0784655	2.43014e-05	2.11258e-05	
5.4e-10	16	-0.00513693	0.00785365	0.999956	0.991602	0.991164	0.052614	0.059395	3.41801e-05	3.62116e-05	
6e-10	18	-0.00846244	0.00467374	0.999953	0.990169	0.99008	0.0621875	0.0589875	5.53599e-05	3.88958e-05	
6.6e-10	20	-0.00274153	0.0128069	0.999914	0.989093	0.988988	0.0904014	0.0553525	5.31015e-05	4.86531e-05	
7.2e-10	22	0.0101197	0.00685001	0.999925	0.988037	0.98791	0.029474	0.0471175	4.10359e-05	3.94037e-05	
7.8e-10	24	-0.000691597	0.020655	0.999786	0.986262	0.986808	0.0575094	0.0503923	8.72665e-05	6.65953e-05	
8.4e-10	26	-0.010195	0.011064	0.999887	0.985755	0.985564	0.0420966	0.038817	3.66932e-05	3.92573e-05	
9e-10	28	-0.00999853	0.0130344	0.999865	0.984795	0.984518	0.0652441	0.0339534	5.80947e-05	4.9609e-05	
9.6e-10	30	-0.00417719	0.0272111	0.999621	0.983103	0.983457	0.0807734	0.0415132	9.19396e-05	6.67471e-05	
1.02e-09	32	0.0226256	0.00160913	0.999743	0.982218	0.982278	0.0790522	0.0609285	4.98841e-05	4.89216e-05	
1.08e-09	34	-0.000466486	0.0278227	0.999613	0.981408	0.981243	0.0277304	0.0598753	9.71563e-05	8.56196e-05	
1.14e-09	36	0.00895943	-0.00427699	0.999951	0.979918	0.979797	0.0669012	0.030899	0.000127399	8.77436e-05	
1.2e-09	38	0.000521113	0.00430575	0.999991	0.978609	0.978959	0.04632	0.0357676	6.52023e-05	7.27233e-05	
1.26e-09	40	0.026005	0.00949127	0.999617	0.977199	0.978039	0.0833843	0.0843506	0.000119659	7.899e-05	
1.32e-09	42	0.0134934	-0.0211533	0.999685	0.977295	0.976609	0.0763435	0.0695845	0.000169425	0.000142711	
1.38e-09	44	0.00736039	0.0306617	0.999503	0.974451	0.975377	0.0666931	0.0513477	7.73787e-05	7.86319e-05	
1.44e-09	46	0.00122715	0.00682202	0.999976	0.973935	0.974334	0.0596696	0.02991	0.000117402	0.000101513	
1.5e-09	48	-0.0133338	-0.0301777	0.999456	0.973089	0.973447	0.0533735	0.05324	0.000118324	9.31936e-05	
1.56e-09	50	0.0308206	-0.0148347	0.999415	0.971641	0.97202	0.0585122	0.0691061	0.000127111	0.000113435	
1.62e-09	52	0.0249964	-0.0100889	0.999637	0.969689	0.97083	0.0507582	0.0704204	0.000183469	0.000169128	
1.68e-09	54	0.00805522	-0.0123441	0.999891	0.971163	0.969922	0.0668733	0.0701875	0.000144528	0.000129768	
1.74e-09	56	-0.0171213	-0.0181554	0.999689	0.969351	0.968854	0.0607063	0.0333466	0.000145729	0.000115222	
1.8e-09	58	0.0196824	0.000425177	0.999806	0.966741	0.96774	0.0844609	0.0488958	0.000160327	0.000121751	
1.86e-09	60	0.00126762	0.0138802	0.999903	0.965765	0.966395	0.0329247	0.0371399	0.00022919	0.000210696	
1.92e-09	62	-0.0456521	0.01227	0.998882	0.964754	0.965622	0.0687193	0.0689241	0.000159812	0.000133328	
1.98e-09	64	0.00451923	-0.00738803	0.999962	0.964141	0.964067	0.0364836	0.0825084	7.40333e-05	6.66915e-05	
2.04e-09	66	-0.00795395	0.0057222	0.999952	0.961794	0.962801	0.0531144	0.0519865	0.000175366	0.000158574	
2.1e-09	68	0.0131186	-0.0222881	0.999666	0.962099	0.961756	0.110124	0.0505797	0.00012793	0.000118923	
2.16e-09	70	-0.00597256	-0.00894596	0.999942	0.961157	0.960621	0.0545661	0.0395246	0.000155224	0.000103093	
2.22e-09	72	-0.00284636	0.0157893	0.999871	0.960152	0.959432	0.0418051	0.0656256	0.00023137	0.000198368	
2.28e-09	74	0.0160937	-0.0074433	0.999843	0.95983	0.958169	0.0449099	0.0662644	0.000212958	0.000164208	
2.34e-09	76	0.00609381	0.000517043	0.999981	0.957202	0.957278	0.0555003	0.0562212	0.000191149	0.000150371	
2.4e-09	78	-0.00169099	-0.00084556	0.999998	0.954383	0.956064	0.0343109	0.0729313	0.000200714	0.000166408	
2.46e-09	80	0.0436302	-0.00815655	0.999014	0.955636	0.954853	0.0540029	0.0685279	0.000181248	0.000153649	
2.52e-09	82	0.0148677	0.0221929	0.999643	0.954437	0.95345	0.0460938	0.0469716	0.000261197	0.000232802	
2.58e-09	84	0.00182124	-0.00756222	0.99997	0.951207	0.952377	0.0719791	0.0625352	0.000223919	0.000260744	
2.64e-09	86	0.0132243	-0.0181973	0.999747	0.949019	0.950886	0.0318688	0.0805319	0.000290711	0.000259458	
2.7e-09	88	0.0143829	-0.0172124	0.999748	0.952291	0.950163	0.0516675	0.0615106	0.000286615	0.000238054	
2.76e-09	90	-0.0126859	0.00141788	0.999919	0.951468	0.948773	0.0795768	0.0371228	0.000299908	0.000220354	
2.82e-09	92	0.000912984	-0.0268959	0.999638	0.947456	0.948023	0.0547019	0.074974	0.000418208	0.000310572	
2.88e-09	94	0.0290759	-0.0118671	0.999507	0.947002	0.946952	0.0809112	0.0468703	0.000227174	0.000196682	
2.94e-09	96	-0.00462876	0.0101133	0.999938	0.94636	0.945692	0.0579021	0.0627473	0.000245427	0.000189075	
3e-09	98	0.00342879	-0.0119483	0.999923	0.944473	0.94435	0.0569447	0.0445589	0.00032477	0.000236819	
3.06e-09	100	-0.00859034	0.0255737	0.999636	0.942308	0.942583	0.0403195	0.048531	0.000398712	0.000357324	
3.12e-09	102	0.006837	-0.054934	0.998467	0.943981	0.942166	0.0248347	0.0637443	0.000530402	0.000415782	
3.18e-09	104	0.0316649	-0.0105187	0.999443	0.942193	0.940746	0.0481171	0.0768058	0.000178297	0.000206965	
3.24e-09	106	0.0271736	0.0202645	0.999425	0.940105	0.939436	0.038092	0.0697441	0.000255485	0.00018449	
3.3e-09	108	0.0392601	0.0434495	0.998284	0.933487	0.938152	0.0682029	0.0532816	0.000419523	0.000312865	
3.36e-09	110	-0.0372084	0.00627481	0.999288	0.939691	0.937082	0.03011	0.0671999	0.000309751	0.000255923	
3.42e-09	112	0.0218082	0.00102998	0.999762	0.937402	0.936208	0.0632983	0.0389806	0.000214286	0.000184394	
3.48e-09	114	0.0032819	0.0160639	0.999866	0.934823	0.933858	0.0424325	0.0726868	0.000367369	0.000318939	
3.54e-09	116	-0.0215873	0.0100211	0.999717	0.930193	0.933104	0.0575878	0.0514395	0.000354652	0.000362254	
3.6e-09	118	0.0278053	-0.00349937	0.999607	0.9345	0.931968	0.0599297	0.0758824	0.000517571	0.000424858	
3.66e-09	120	-0.0387965	-0.0654514	0.997101	0.933552	0.931245	0.0866977	0.0412179	0.000341938	0.000379873	
3.72e-09	122	-0.0360278	-0.0350251	0.998737	0.931976	0.929424	0.0503837	0.0534918	0.000427963	0.00040977	
3.78e-09	124	-0.0248459	0.0279653	0.9993	0.92695	0.928479	0.0541512	0.0412837	0.000470348	0.000413461	
3.84e-09	126	0.0292777	0.0350679	0.998956	0.927157	0.927757	0.0584215	0.0793297	0.00035052	0.000301558	
3.9e-09	128	-0.080538	0.0257142	0.99642	0.927339	0.926058	0.107385	0.03929	0.000596583	0.000341956	
3.96e-09	130	0.0376598	0.0326866	0.998756	0.927802	0.925382	0.0650858	0.0750185	0.000455313	0.000430931	
4.02e-09	132	-0.0239783	0.0300959	0.999259	0.9255	0.923748	0.0810455	0.104851	0.000314331	0.000232212	
4.08e-09	134	0.0254284	-0.00579104	0.99966	0.920058	0.922415	0.044107	0.0369022	0.00044335	0.00039411	
4.14e-09	136	-0.0150709	-0.0243471	0.99959	0.917876	0.921317	0.07749	0.0566772	0.000465751	0.000428704	
4.2e-09	138	-0.0181561	-0.0419819	0.998953	0.919977	0.920061	0.0374264	0.0559207	0.000374607	0.000381045	
4.26e-09	140	-0.031256	-0.0143292	0.999409	0.917387	0.918436	0.0405823	0.0656412	0.000654649	0.000520854	
4.32e-09	142	0.00491493	-0.0649303	0.997878	0.915407	0.917619	0.0465666	0.079276	0.000379956	0.000288618	
4.38e-09	144	-0.0246189	0.00991748	0.999648	0.917706	0.916457	0.0880424	0.0424023	0.000560121	0.000393008	
4.44e-09	146	0.0810508	-0.0162387	0.996578	0.907324	0.914699	0.101051	0.0833333	0.000606563	0.000421441	
4.5e-09	148	-0.00526235	0.0209372	0.999767	0.912776	0.914195	0.0497006	0.0683254	0.000468025	0.000325189	
4.56e-09	150	-0.00631653	-0.0225005	0.999727	0.912469	0.911832	0.0434297	0.0629538	0.000634769	0.000610352	
4.62e-09	152	0.0401591	-0.0104411	0.999139	0.913853	0.911488	0.0528697	0.0314977	0.000376116	0.000349704	
4.68e-09	154	-0.00548534	-0.09888	0.995084	0.906719	0.910304	0.0621083	0.0906612	0.000675587	0.000525397	
4.74e-09	156	0.0352747	-0.0150487	0.999264	0.912097	0.908843	0.0664593	0.0791649	0.000594131	0.000531155	
4.8e-09	158	0.0157216	-0.0804975	0.996631	0.905379	0.907421	0.042405	0.0703565	0.000431072	0.000348524	
4.86e-09	160	0.019099	0.0397562	0.999027	0.90815	0.905919	0.0675911	0.046126	0.000489638	0.000439393	
4.92e-09	162	-0.0337581	0.0322471	0.99891	0.91063	0.906102	0.0746135	0.0548218	0.000757523	0.000443115	
4.98e-09	164	0.00179618	-0.0147592	0.999889	0.901776	0.903026	0.0363447	0.0883681	0.000734923	0.000503117	
5.04e-09	166	0.00372524	0.0312003	0.999506	0.9036	0.901482	0.0304441	0.0391153	0.000638998	0.000691566	
5.1e-09	168	0.00739548	-0.0148382	0.999863	0.90133	0.901217	0.0730597	0.0422802	0.000358231	0.000257997	
5.16e-09	170	-0.00396362	0.0412624	0.99914	0.895204	0.899399	0.0719021	0.0661206	0.00061143	0.000564574	
5.22e-09	172	-0.0479497	0.0421069	0.997962	0.904409	0.898622	0.0654112	0.0740256	0.000517372	0.000449448	
5.28e-09	174	0.0164892	-0.0175234	0.99971	0.900641	0.897049	0.0486841	0.0349016	0.000944074	0.000756107	
5.34e-09	176	0.0480388	-0.0127061	0.998765	0.896744	0.895576	0.0389633	0.0687269	0.000415402	0.000356358	
5.4e-09	178	-0.00204711	0.0601284	0.998189	0.894039	0.894868	0.0721869	0.0541937	0.000643612	0.000462237	
5.46e-09	180	-0.0939396	0.0296836	0.995135	0.896747	0.894527	0.0426767	0.0359232	0.000450525	0.000422624	
5.52e-09	182	-0.04409	0.014619	0.998921	0.890828	0.891301	0.098266	0.0669606	0.000799777	0.000512627	
5.58e-09	184	0.0175498	-0.0362514	0.999189	0.893811	0.891525	0.0556116	0.0552729	0.00075569	0.000605905	
5.64e-09	186	0.00810082	-0.0189798	0.999787	0.890046	0.889738	0.0469844	0.0557461	0.000463576	0.0004346	
5.7e-09	188	0.0457789	-0.0435141	0.998003	0.886345	0.888269	0.079411	0.0686281	0.000985781	0.000704204	
5.76e-09	190	0.0357996	-0.0406584	0.998532	0.888406	0.887303	0.0362222	0.0776417	0.000604196	0.000495243	
5.82e-09	192	-0.00382861	-0.011774	0.999923	0.878731	0.884493	0.0685638	0.0722007	0.000454729	0.000478628	
5.88e-09	194	0.0622671	0.0468527	0.996959	0.882119	0.884118	0.0569115	0.051502	0.000707957	0.000417694	
5.94e-09	196	-0.00989208	0.00168214	0.99995	0.881208	0.881975	0.0732387	0.0708708	0.00058827	0.000695934	
6e-09	198	0.00754432	-0.00117232	0.999971	0.878351	0.881546	0.0571532	0.048472	0.000649717	0.000621304	
6.06e-09	200	0.0151185	-0.0757067	0.997016	0.876782	0.879516	0.0366385	0.0428055	0.000536572	0.000515159	
6.12e-09	202	-0.0106825	-0.00647149	0.999922	0.883014	0.879038	0.0383766	0.0474392	0.00080966	0.000787218	
6.18e-09	204	-0.0240397	0.0427047	0.998798	0.878709	0.878355	0.0663008	0.041845	0.000759803	0.000627458	
6.24e-09	206	-0.0233377	0.0344167	0.999135	0.878447	0.875973	0.0676781	0.0478686	0.000851734	0.000628529	
6.3e-09	208	-0.00423035	0.100018	0.994977	0.873324	0.874674	0.0632995	0.100966	0.000721885	0.000624705	
6.36e-09	210	0.0137286	0.0305452	0.999439	0.875011	0.873596	0.0812471	0.0634569	0.000743759	0.000737863	
6.42e-09	212	-0.015541	0.0290052	0.999458	0.870691	0.873266	0.0393135	0.0773297	0.000609682	0.000575694	
6.48e-09	214	0.0450707	0.0404044	0.998166	0.868083	0.870546	0.0798999	0.073031	0.000550234	0.000470298	
6.54e-09	216	0.044214	0.0488899	0.997825	0.873064	0.869841	0.0459892	0.0574329	0.000527068	0.000443451	
6.6e-09	218	0.0515244	0.000931137	0.998671	0.861319	0.868077	0.0490724	0.130564	0.00084916	0.000522147	
6.66e-09	220	0.0549401	-0.0121491	0.998416	0.870027	0.866445	0.0609075	0.057457	0.000860707	0.000511584	
6.72e-09	222	-0.0207602	0.024168	0.999492	0.868571	0.863231	0.0755865	0.061656	0.000825611	0.000683054	
6.78e-09	224	0.00107317	0.0440997	0.999027	0.861016	0.863791	0.0637061	0.0487966	0.000471278	0.000410673	
6.84e-09	226	0.00404915	0.000835423	0.999991	0.865391	0.863112	0.0598496	0.062856	0.000875655	0.000713205	
6.9e-09	228	-0.022258	-0.0386823	0.999004	0.862057	0.862233	0.0727147	0.0684418	0.000439217	0.000355211	
6.96e-09	230	-0.0192549	-0.0387108	0.999065	0.852963	0.859917	0.092316	0.0523929	0.00111115	0.00107181	
7.02e-09	232	-0.00884063	-0.0573781	0.998313	0.856356	0.85687	0.0328416	0.0893204	0.000718948	0.000717356	
7.08e-09	234	0.0935484	-0.0866045	0.991841	0.863844	0.857193	0.0452093	0.0431355	0.000408601	0.000522717	
7.14e-09	236	-0.057395	0.0232488	0.998081	0.84877	0.856277	0.0458685	0.0956332	0.000897093	0.000816076	
7.2e-09	238	0.0555056	0.0204654	0.998249	0.855137	0.853069	0.070807	0.0648498	0.000560241	0.000586547	
7.26e-09	240	0.0397419	0.0215722	0.998977	0.85188	0.853015	0.047755	0.0485104	0.000802176	0.000884664	
7.32e-09	242	-0.0276732	0.0374254	0.998916	0.847477	0.850374	0.0659137	0.0703732	0.00161855	0.00118924	
7.38e-09	244	-0.0144149	-0.000724306	0.999896	0.852569	0.849994	0.070046	0.0867771	0.000648322	0.000461822	
7.44e-09	246	-0.0551755	0.0177451	0.998319	0.841483	0.848122	0.113846	0.0402738	0.00123439	0.00107475	
7.5e-09	248	-0.0127033	0.0514701	0.998594	0.849779	0.847006	0.088526	0.0620475	0.000680172	0.000725099	
7.56e-09	250	-0.0575507	0.0066213	0.998321	0.845397	0.846007	0.0967138	0.0309918	0.00105134	0.000888962	
7.62e-09	252	-0.0667029	-0.0413539	0.996916	0.85171	0.8439	0.0750875	0.0485619	0.00132667	0.0011111	
7.68e-09	254	0.0556466	0.0428507	0.997531	0.842762	0.842872	0.0365827	0.0831789	0.00109189	0.000960509	
7.74e-09	256	-0.0935906	0.044094	0.994634	0.838174	0.840744	0.0752341	0.058608	0.000455931	0.000325357	
7.8e-09	258	-0.00888425	0.0258475	0.999626	0.846806	0.839377	0.0921369	0.069926	0.00130043	0.00101381	
7.86e-09	260	0.017143	0.0216391	0.999619	0.841423	0.839086	0.0775876	0.0637814	0.0013682	0.000963182	
7.92e-09	262	0.04819	0.0660635	0.996651	0.828228	0.836804	0.0720002	0.0673239	0.00123711	0.000895688	
7.98e-09	264	0.0589103	0.0213554	0.998035	0.838653	0.835994	0.0494668	0.112864	0.000656558	0.000516251	
8.04e-09	266	-0.0673499	0.0117654	0.99766	0.835104	0.834948	0.0673056	0.0300025	0.000922812	0.000769164	
8.1e-09	268	-0.0896683	-0.00484329	0.99596	0.842937	0.833922	0.0568043	0.0518125	0.000684258	0.000499733	
8.16e-09	270	-0.0234058	0.00688996	0.999702	0.828455	0.831546	0.046444	0.0812892	0.00114293	0.000868506	
8.22e-09	272	0.000133128	-0.000133558	1	0.831198	0.829504	0.0488712	0.0539468	0.000925926	0.000842575	
8.28e-09	274	-0.0291518	-0.0928354	0.995255	0.824345	0.828214	0.0541518	0.0967644	0.00108087	0.00096297	
8.34e-09	276	-0.128692	0.0207006	0.991469	0.829633	0.82753	0.0607874	0.108778	0.00149339	0.000886405	
8.4e-09	278	0.0883184	-0.00604089	0.996074	0.818625	0.827014	0.0747225	0.0803891	0.000864097	0.000609146	
8.46e-09	280	-0.0837492	0.0448049	0.995479	0.826646	0.824539	0.0709122	0.045353	0.000744113	0.000776175	
8.52e-09	282	-0.00341097	0.0636179	0.997968	0.82002	0.822313	0.0727904	0.0377482	0.000955041	0.000982408	
8.58e-09	284	0.0189303	-0.0309252	0.999342	0.819584	0.82274	0.0247105	0.0850762	0.00116975	0.00105772	
8.64e-09	286	-0.0235812	-0.0456169	0.998681	0.81606	0.820326	0.0778397	0.0657676	0.000933895	0.000896375	
8.7e-09	288	-0.0518471	-0.0980921	0.993826	0.8168	0.81893	0.0705146	0.0637262	0.000850226	0.000683555	
8.76e-09	290	0.124709	0.0263872	0.991842	0.809776	0.814938	0.075271	0.07046	0.00168651	0.00151489	
8.82e-09	292	-0.042587	0.0977875	0.994296	0.813237	0.814417	0.0905636	0.068527	0.000981122	0.00116722	
8.88e-09	294	-0.0683008	-0.0206069	0.997452	0.807881	0.812045	0.0555404	0.0451919	0.000827355	0.000669176	
8.94e-09	296	0.0167725	0.0691205	0.997467	0.818917	0.811591	0.0532778	0.0503356	0.00140014	0.00130038	
9e-09	298	-0.0371492	-0.0310557	0.998827	0.813181	0.811537	0.0788154	0.0618785	0.000955686	0.000828195	
9.06e-09	300	0.109462	-0.0122561	0.993915	0.800401	0.807079	0.0764705	0.0505272	0.00123135	0.00100818	
9.12e-09	302	-0.107002	0.0810141	0.990953	0.805997	0.807554	0.063575	0.0691026	0.0013879	0.000800246	
9.18e-09	304	-0.064936	0.00787235	0.997858	0.811718	0.805386	0.0918447	0.0436839	0.001388	0.00124597	
9.24e-09	306	0.0193322	-0.035433	0.999185	0.809904	0.804162	0.0599834	0.0676636	0.00234305	0.00182433	
9.3e-09	308	0.0287072	0.0802861	0.996358	0.807135	0.800144	0.0727176	0.0804237	0.00212664	0.00143956	
9.36e-09	310	0.0548741	0.0187307	0.998318	0.799329	0.799585	0.0387279	0.0416079	0.00166343	0.00126442	
9.42e-09	312	-0.0429326	-0.0219655	0.998836	0.797161	0.80009	0.0741311	0.0845212	0.00111581	0.000960883	
9.48e-09	314	-0.0399225	-0.124696	0.991391	0.793007	0.797444	0.0604536	0.072121	0.00172352	0.00136648	
9.54e-09	316	0.0672574	0.0630412	0.995742	0.797248	0.795065	0.0831416	0.0643144	0.00106526	0.00091196	
9.6e-09	318	0.0361199	-0.0321784	0.998829	0.788904	0.793935	0.0982074	0.0632045	0.00261489	0.0021401	
9.66e-09	320	-0.052425	0.0695124	0.996203	0.781545	0.792849	0.103675	0.0755412	0.00182256	0.0013532	
9.72e-09	322	0.0537627	0.079666	0.995371	0.782444	0.790977	0.0458397	0.0655026	0.00141937	0.00116303	
9.78e-09	324	-0.00912947	0.00497894	0.999946	0.791657	0.78993	0.121805	0.0532507	0.00186763	0.00122319	
9.84e-09	326	-0.0422018	-0.131108	0.990469	0.787488	0.786943	0.0876115	0.0610497	0.00234519	0.00214317	
9.9e-09	328	-0.0455141	-0.00819661	0.99893	0.79085	0.783701	0.0388608	0.0690848	0.00291927	0.00215501	
9.96e-09	330	-0.162902	-0.00446736	0.986632	0.779702	0.784569	0.0699687	0.0750028	0.00149832	0.00131919	
1.002e-08	332	-0.0364531	0.0449955	0.998322	0.783226	0.785233	0.0400494	0.0551056	0.00139406	0.00120008	
1.008e-08	334	-0.042918	-0.0370716	0.998391	0.790671	0.782484	0.107345	0.0800572	0.00126121	0.00114468	
1.014e-08	336	1.51566e-05	-0.0476299	0.998865	0.775185	0.777845	0.062283	0.119321	0.00292309	0.0025671	
1.02e-08	338	-0.144242	0.0551765	0.988003	0.770851	0.778041	0.0724082	0.0271453	0.00178867	0.00138464	
1.026e-08	340	0.00173352	0.0907716	0.99587	0.790358	0.778202	0.0617778	0.0441886	0.00160626	0.00135552	
1.032e-08	342	-0.00903348	0.084901	0.996348	0.774208	0.774958	0.0634922	0.0515427	0.00139024	0.00151204	
1.038e-08	344	-0.108632	-0.0776652	0.991043	0.777378	0.775302	0.0839528	0.100481	0.00133642	0.00119428	
1.044e-08	346	-0.00867615	-0.0421658	0.999073	0.778236	0.77022	0.0340333	0.0900737	0.00285389	0.00248805	
1.05e-08	348	0.00937212	0.0857787	0.99627	0.766154	0.768205	0.0758582	0.0863433	0.00197061	0.00150419	
1.056e-08	350	-0.0367182	-0.115053	0.992681	0.775083	0.767981	0.045098	0.0491857	0.00133821	0.00118826	
1.062e-08	352	-0.0512985	0.0286225	0.998273	0.777793	0.76621	0.0698389	0.0663015	0.00233306	0.00175424	
1.068e-08	354	-0.0391582	0.000950717	0.999233	0.768903	0.765605	0.0747169	0.0455954	0.00210407	0.00178235	
1.074e-08	356	0.0527191	0.0995232	0.993638	0.760952	0.760841	0.0863403	0.0525014	0.00218966	0.00218808	
1.08e-08	358	-0.114806	0.070839	0.990859	0.765954	0.762261	0.0693953	0.0813329	0.00134092	0.000938717	
1.086e-08	360	0.0162184	-0.0976805	0.995086	0.747514	0.759203	0.0818306	0.0865919	0.00193766	0.00154709	
1.092e-08	362	0.123057	0.124478	0.984562	0.771828	0.756196	0.0610362	0.0751968	0.00233386	0.00214036	
1.098e-08	364	-0.0284898	-0.0237419	0.999312	0.737952	0.756418	0.0721847	0.089295	0.00220537	0.00194438	
1.104e-08	366	0.0749248	0.0435356	0.996238	0.761263	0.751907	0.0829945	0.0582028	0.00151962	0.00136751	
1.11e-08	368	0.0953648	0.0642044	0.99337	0.757893	0.752282	0.0462172	0.054096	0.00237645	0.00219138	
1.116e-08	370	0.0956749	-0.0599133	0.993608	0.7476	0.748838	0.0506106	0.0683911	0.00182562	0.00154405	
1.122e-08	372	-0.0471494	-0.07464	0.996095	0.742316	0.748546	0.0792702	0.0608635	0.00177291	0.000991393	
1.128e-08	374	-0.10036	-0.0528798	0.993545	0.746404	0.747046	0.0650408	0.0679419	0.0015135	0.00131635	
1.134e-08	376	-0.0401968	-0.00918084	0.99915	0.752935	0.745418	0.0586064	0.0452087	0.00202896	0.00169099	
1.14e-08	378	0.0207101	-0.0394036	0.999009	0.753025	0.743311	0.0505973	0.0449068	0.00162334	0.00142079	
1.146e-08	380	-0.0216015	0.0392287	0.998997	0.736057	0.742019	0.0722529	0.0848048	0.00228066	0.00205429	
1.152e-08	382	0.0571009	-0.106618	0.992659	0.746806	0.740288	0.118268	0.0861115	0.00329581	0.00259208	
1.158e-08	384	-0.051758	0.00416102	0.998651	0.746199	0.739458	0.0330671	0.067585	0.00171044	0.001212	
1.164e-08	386	-0.0899348	-0.161039	0.982842	0.725396	0.732856	0.0636623	0.0929765	0.00241587	0.00235037	
1.17e-08	388	-0.0287663	-0.010476	0.999531	0.732336	0.735458	0.0556326	0.112959	0.00206301	0.00190222	
1.176e-08	390	-0.0379366	0.0404869	0.99846	0.737278	0.731486	0.0602947	0.0316951	0.00309376	0.0027868	
1.182e-08	392	-0.0106791	0.123503	0.992287	0.739133	0.72881	0.0702398	0.115997	0.00342044	0.00216256	
1.188e-08	394	0.0531831	-0.00446702	0.998575	0.723617	0.727301	0.0556654	0.0863829	0.00282405	0.00242025	
1.194e-08	396	-0.0573876	0.0128677	0.998269	0.742468	0.726003	0.0671606	0.0719727	0.00242384	0.00170563	
1.2e-08	398	-0.00917638	-0.0830434	0.996504	0.726003	0.721466	0.0806289	0.080386	0.00264446	0.00222047	
1.206e-08	400	0.0332375	-0.15083	0.988001	0.729947	0.723981	0.0669936	0.128832	0.00329911	0.00185133	
1.212e-08	402	0.00783771	0.0998978	0.994967	0.732279	0.720259	0.097652	0.0734707	0.00191004	0.00147998	
1.218e-08	404	0.0417408	-0.0437512	0.99817	0.721718	0.719713	0.0665545	0.0656099	0.00226168	0.00192382	
1.224e-08	406	-0.10979	0.0265345	0.993601	0.725461	0.71598	0.0802606	0.136313	0.00404522	0.00212986	
1.23e-08	408	0.110986	-0.18923	0.97564	0.711552	0.713623	0.0814019	0.0534429	0.00286848	0.00232992	
1.236e-08	410	0.0232541	-0.0640878	0.997673	0.722247	0.714334	0.0411097	0.0946752	0.00270525	0.00244328	
1.242e-08	412	-0.120699	-0.0428418	0.991764	0.713768	0.708867	0.0548531	0.0536779	0.00167933	0.0013106	
1.248e-08	414	0.130376	0.00226485	0.991462	0.714802	0.710234	0.129576	0.0783927	0.0022754	0.00155663	
1.254e-08	416	0.0678589	-0.0197523	0.997499	0.703298	0.708179	0.0641938	0.0506167	0.00216191	0.00203707	
1.26e-08	418	-0.016604	0.0485576	0.998682	0.721252	0.708923	0.0837499	0.0675781	0.00311243	0.0028185	
1.266e-08	420	-0.183827	0.0829235	0.979455	0.702698	0.702987	0.111471	0.0406485	0.00253124	0.00194608	
1.272e-08	422	-0.0417087	-0.133074	0.990228	0.715442	0.701839	0.095061	0.115467	0.00232988	0.00115808	
1.278e-08	424	-0.0119851	-0.0833063	0.996452	0.711862	0.698051	0.0601764	0.131873	0.00307955	0.00212675	
1.284e-08	426	0.0881547	0.00759271	0.996078	0.701462	0.698066	0.117638	0.0633354	0.00249692	0.00169598	
1.29e-08	428	-0.0164668	0.0306275	0.999395	0.702138	0.695667	0.0869647	0.0657507	0.00302841	0.00229428	
1.296e-08	430	-0.043406	-0.059374	0.997292	0.707717	0.693562	0.0869234	0.0760235	0.00559715	0.0028113	
1.302e-08	432	-0.0322639	0.0316456	0.998978	0.683382	0.690948	0.0680778	0.0554839	0.00216324	0.00189303	
1.308e-08	434	0.0759786	-0.00112029	0.997109	0.682547	0.687714	0.0486393	0.0601308	0.0031392	0.00314862	
1.314e-08	436	-0.00265342	-0.0404645	0.999177	0.693477	0.689268	0.0542796	0.0618289	0.00234507	0.00241459	
1.32e-08	438	-0.0131403	0.0297978	0.99947	0.67365	0.680385	0.0811631	0.0595873	0.0022241	0.00225231	
1.326e-08	440	-0.147319	-0.0187851	0.988911	0.687914	0.680844	0.080224	0.0473074	0.00362234	0.00317733	
1.332e-08	442	-0.0195038	0.0307738	0.999336	0.677811	0.679162	0.0778529	0.0562521	0.00336957	0.00232092	
1.338e-08	444	0.0185863	-0.139463	0.990053	0.691592	0.676006	0.044534	0.0809333	0.0030347	0.00294358	
1.344e-08	446	-0.0567388	0.0791317	0.995248	0.672828	0.676153	0.048316	0.0811776	0.00189951	0.00206478	
1.35e-08	448	0.0111802	0.177696	0.984022	0.666746	0.674486	0.0737615	0.0748709	0.00328685	0.00375218	
1.356e-08	450	0.098488	0.0807402	0.991857	0.680132	0.67206	0.0775027	0.143894	0.00279701	0.0018243	
1.362e-08	452	0.0120357	0.0926928	0.995622	0.678416	0.668955	0.0760368	0.0509631	0.00281768	0.00242223	
1.368e-08	454	0.12232	-0.0790746	0.989336	0.679113	0.665194	0.0703844	0.0917068	0.00252554	0.00136159	
1.374e-08	456	-0.130034	0.218179	0.967207	0.663579	0.666501	0.0801604	0.077077	0.00391013	0.00231925	
1.38e-08	458	0.0746896	-0.0329129	0.996664	0.652225	0.662852	0.0621738	0.0708901	0.00381665	0.00321627	
1.386e-08	460	-0.0442892	0.00808387	0.998986	0.666406	0.65788	0.0597431	0.0944373	0.00367023	0.00376679	
1.392e-08	462	0.197269	-0.0986005	0.975378	0.652665	0.661729	0.0570005	0.0639926	0.00246213	0.00206427	
1.398e-08	464	0.0604693	0.170924	0.983427	0.642033	0.655247	0.0408519	0.0593726	0.00352418	0.00276552	
1.404e-08	466	-0.0653804	0.100295	0.992807	0.646819	0.650686	0.0887859	0.0534016	0.00626981	0.0039011	
1.41e-08	468	-0.100634	0.0626754	0.992947	0.64693	0.651714	0.0652722	0.137689	0.00399046	0.00314336	
1.416e-08	470	-0.257196	-0.11717	0.95923	0.655742	0.644411	0.0937108	0.10154	0.00484646	0.00383964	
1.422e-08	472	-0.0234377	-0.0157709	0.999601	0.611976	0.646097	0.0889738	0.138415	0.00702046	0.00323222	
1.428e-08	474	-0.0524323	0.120586	0.991317	0.668496	0.642972	0.0727863	0.0710826	0.00344124	0.00286742	
1.434e-08	476	-0.110675	-0.0683924	0.991501	0.641622	0.642114	0.119895	0.055181	0.00625718	0.00448416	
1.44e-08	478	-0.0186367	0.0426249	0.998917	0.637889	0.641425	0.133846	0.0386575	0.00292384	0.00229471	
1.446e-08	480	0.0449019	0.0837063	0.995478	0.634538	0.638717	0.0863661	0.066437	0.00339084	0.00164959	
1.452e-08	482	-0.0174435	-0.0806171	0.996593	0.618342	0.633729	0.0844379	0.0546808	0.00255132	0.00182646	
1.458e-08	484	-0.135151	0.0668228	0.988569	0.634946	0.635579	0.0720461	0.113995	0.00399621	0.00331427	
1.464e-08	486	0.0851699	-0.0183643	0.996197	0.633094	0.626975	0.103743	0.0891954	0.00551505	0.004449	
1.47e-08	488	0.106206	-0.153831	0.982373	0.647671	0.62735	0.0575389	0.0664981	0.00369496	0.0031372	
1.476e-08	490	0.137954	-0.249075	0.958608	0.596676	0.62224	0.082611	0.0990625	0.00550366	0.00331036	
1.482e-08	492	0.0656149	0.162792	0.984476	0.624599	0.617627	0.08716	0.0639483	0.00272775	0.00234821	
1.488e-08	494	0.0481813	-0.0520585	0.997481	0.632529	0.61998	0.0991215	0.08058	0.00540964	0.00321497	
1.494e-08	496	0.0467848	0.092488	0.994614	0.617756	0.618042	0.0908199	0.112498	0.00508699	0.00389879	
1.5e-08	498	-0.126268	0.149145	0.98072	0.604016	0.6136	0.0686441	0.0603087	0.0049865	0.00276184	
1.506e-08	500	0.164694	-0.0493951	0.985107	0.597416	0.61032	0.0860695	0.0658724	0.00563202	0.00469972	
1.512e-08	502	-0.101248	-0.188924	0.976758	0.586757	0.608148	0.0674677	0.0603755	0.00537345	0.00447755	
1.518e-08	504	0.0801945	0.0440068	0.995807	0.603136	0.605029	0.119957	0.0983455	0.00619154	0.00486789	
1.524e-08	506	-0.0471639	-0.105108	0.993342	0.604667	0.604799	0.0879299	0.082369	0.00523239	0.00284421	
1.53e-08	508	0.114167	-0.0489596	0.992254	0.575142	0.599411	0.0637141	0.0467363	0.00379488	0.00388406	
1.536e-08	510	0.0515838	-0.093447	0.994287	0.6156	0.600449	0.106334	0.0853461	0.00748685	0.00402502	
1.542e-08	512	-0.0603815	-0.0966555	0.993485	0.587912	0.592385	0.090446	0.0586724	0.00419379	0.00449159	
1.548e-08	514	-0.0107261	-0.00288502	0.999938	0.601915	0.590055	0.0981444	0.0847705	0.00595773	0.00443963	
1.554e-08	516	-0.240192	0.020268	0.970514	0.58061	0.589164	0.0617787	0.0770323	0.00344039	0.0034316	
1.56e-08	518	-0.067543	-0.0739972	0.994969	0.59279	0.589875	0.0865859	0.0785462	0.00501667	0.00340417	
1.566e-08	520	-0.0338924	0.156074	0.987164	0.593473	0.58227	0.062682	0.0542983	0.00712728	0.00565777	
1.572e-08	522	0.0399675	-0.17141	0.984389	0.605316	0.579791	0.0568572	0.116815	0.00515455	0.0037537	
1.578e-08	524	0.0575196	0.215266	0.97486	0.599545	0.582363	0.094003	0.0664877	0.00234033	0.00258602	
1.584e-08	526	-0.0337238	0.0869182	0.995644	0.583378	0.570759	0.0882425	0.100136	0.00528383	0.00420018	
1.59e-08	528	-0.246744	0.0774318	0.965982	0.569822	0.571574	0.0910855	0.0653553	0.00725265	0.00550012	
1.596e-08	530	-0.132169	-0.0519364	0.989866	0.580406	0.56735	0.0974041	0.0832892	0.00463185	0.00419927	
1.602e-08	532	0.146158	-0.12166	0.981752	0.588734	0.570538	0.136612	0.0687174	0.00427243	0.00333698	
1.608e-08	534	0.0295662	0.190817	0.98118	0.559433	0.566572	0.0881103	0.108726	0.00316215	0.00187628	
1.614e-08	536	0.0506344	-0.0817399	0.995367	0.583606	0.563426	0.0680877	0.0605076	0.00692644	0.00443473	
1.62e-08	538	0.0480683	-0.0438685	0.99788	0.54962	0.560189	0.12919	0.0790874	0.00428305	0.003052	
1.626e-08	540	0.0126453	0.135216	0.990735	0.542299	0.555688	0.0973652	0.0692314	0.0030759	0.00298664	
1.632e-08	542	-0.153747	-0.134339	0.978936	0.55644	0.549419	0.0711409	0.118513	0.00775751	0.00429618	
1.638e-08	544	0.0484124	0.0541999	0.997356	0.535845	0.553262	0.0796743	0.0533964	0.00879877	0.00496237	
1.644e-08	546	-0.0916774	0.0419336	0.994905	0.554103	0.546106	0.0844782	0.068219	0.00416916	0.0036178	
1.65e-08	548	0.134972	0.188529	0.972748	0.541412	0.543922	0.0554119	0.125881	0.00590648	0.00212414	
1.656e-08	550	0.0377859	-0.0454044	0.998254	0.54296	0.539103	0.0691554	0.0773311	0.0114733	0.00632247	
1.662e-08	552	0.141251	0.0966503	0.985245	0.548769	0.536936	0.158115	0.124263	0.00714277	0.0043635	
1.668e-08	554	-0.184396	-0.27106	0.944735	0.544866	0.531547	0.119341	0.0638947	0.00972346	0.0051039	
1.674e-08	556	0.0540052	-0.091366	0.994352	0.539463	0.529211	0.110611	0.0834529	0.0083674	0.00570838	
1.68e-08	558	0.178799	0.0532654	0.982443	0.533308	0.521392	0.103891	0.0602403	0.00975956	0.00807481	
1.686e-08	560	-0.0347367	-0.00855268	0.99936	0.507297	0.520649	0.109343	0.050872	0.00785023	0.0056471	
1.692e-08	562	-0.112675	0.128104	0.985339	0.518447	0.516805	0.0704983	0.0639447	0.00805548	0.00676955	
1.698e-08	564	0.140586	-0.0556364	0.988504	0.510775	0.515399	0.0717036	0.0916079	0.00656615	0.00581637	
1.704e-08	566	0.123684	0.0505931	0.991031	0.527921	0.507073	0.11791	0.108029	0.0123892	0.0109674	
1.71e-08	568	0.185144	-0.0350823	0.982085	0.477002	0.505516	0.109131	0.159444	0.013112	0.00896327	
1.716e-08	570	-0.202118	-0.199606	0.958804	0.498528	0.500535	0.0834644	0.0638114	0.00617359	0.00500433	
1.722e-08	572	0.0593786	-0.0729172	0.995569	0.508392	0.500552	0.0758967	0.0511485	0.00837889	0.00681146	
1.728e-08	574	-0.0461339	0.0836585	0.995426	0.491782	0.496799	0.0878573	0.084585	0.00505728	0.00313504	
1.734e-08	576	0.0839092	-0.00142617	0.996472	0.493032	0.492595	0.100999	0.0824527	0.00698889	0.00399112	
1.74e-08	578	-0.0624996	-0.0553916	0.996507	0.47005	0.48848	0.139083	0.100941	0.00952994	0.00752777	
1.746e-08	580	-0.398464	0.283166	0.872378	0.454004	0.480376	0.12366	0.0773292	0.0120911	0.00797773	
1.752e-08	582	-0.160085	0.172569	0.971902	0.46861	0.486429	0.08094	0.0753151	0.00894566	0.00522714	
1.758e-08	584	0.193285	0.0272032	0.980766	0.483763	0.470318	0.0621447	0.113861	0.0134516	0.0107006	
1.764e-08	586	-0.00475458	-0.236096	0.971718	0.478175	0.475863	0.0989896	0.0834298	0.00992178	0.00930542	
1.77e-08	588	-0.000961596	0.322754	0.946482	0.474744	0.465606	0.149356	0.0966337	0.0100651	0.00716302	
1.776e-08	590	-0.0409794	-0.186913	0.981521	0.460307	0.463498	0.0691118	0.109337	0.0101075	0.00637658	
1.782e-08	592	0.203867	0.0439117	0.978013	0.454466	0.458708	0.120409	0.0921234	0.00972907	0.00721673	
1.788e-08	594	0.202609	0.250229	0.94675	0.444573	0.453491	0.0870644	0.0820586	0.00552471	0.00639062	
1.794e-08	596	-0.0824476	0.205438	0.975191	0.436849	0.451632	0.105232	0.104797	0.0140253	0.0110713	
1.8e-08	598	0.214743	0.080781	0.973324	0.48644	0.443144	0.0830856	0.0693088	0.0144176	0.0109199	
1.806e-08	600	-0.0213137	0.062762	0.997801	0.454714	0.442515	0.0646932	0.129996	0.019654	0.0115411	
1.812e-08	602	-0.094859	0.189379	0.977311	0.435506	0.430876	0.0722889	0.0769182	0.0232304	0.0175213	
1.818e-08	604	0.268136	-0.0557646	0.961766	0.45913	0.441166	0.100432	0.114679	0.021321	0.00886154	
1.824e-08	606	-0.0464142	0.269885	0.961773	0.398799	0.430515	0.0893224	0.0928078	0.0136078	0.0107531	
1.83e-08	608	-0.223748	-0.00333465	0.974641	0.469502	0.420636	0.0953337	0.106708	0.0166255	0.0123728	
1.836e-08	610	0.114274	-0.157172	0.980938	0.410282	0.419926	0.0789578	0.0610294	0.00996523	0.00746058	
1.842e-08	612	-0.23444	0.00403579	0.972122	0.434479	0.412607	0.148142	0.111142	0.0264797	0.0118545	
1.848e-08	614	-0.271014	-0.0110961	0.962511	0.388806	0.408583	0.0755234	0.0673637	0.0197862	0.0160356	
1.854e-08	616	-0.124864	0.106476	0.986444	0.394565	0.406699	0.0336324	0.125243	0.00894261	0.00766929	
1.86e-08	618	-0.444471	0.0903087	0.891229	0.366572	0.400494	0.14466	0.155526	0.0336956	0.0124707	
1.866e-08	620	-0.193942	-0.367634	0.909523	0.365373	0.398299	0.0662821	0.129443	0.0204105	0.0101549	
1.872e-08	622	0.182211	0.325699	0.927749	0.347823	0.389861	0.0459531	0.106745	0.0134288	0.00886243	
1.878e-08	624	-0.0861363	-0.036692	0.995607	0.419598	0.382633	0.0595364	0.12074	0.0178882	0.00907955	
1.884e-08	626	0.0118252	0.13198	0.991182	0.404674	0.379164	0.114038	0.0761232	0.0131189	0.0094917	
1.89e-08	628	0.0376336	0.133772	0.990297	0.433058	0.377229	0.139115	0.0638387	0.0139874	0.0103493	
1.896e-08	630	0.151662	-0.433207	0.888443	0.377062	0.369633	0.0856174	0.0978364	0.0217409	0.0143574	
1.902e-08	632	0.274499	-0.0615559	0.959615	0.377072	0.364583	0.0863177	0.106644	0.0154749	0.0112809	
1.908e-08	634	-0.0188921	0.314401	0.949102	0.426847	0.352974	0.0786767	0.0862742	0.0442598	0.0208842	
1.914e-08	636	-0.265323	0.17117	0.948844	0.40734	0.349489	0.116958	0.152612	0.033746	0.0196191	
1.92e-08	638	-0.252264	-0.107399	0.96168	0.321426	0.334196	0.065146	0.127688	0.0448471	0.0278869	
1.926e-08	640	0.116615	0.133032	0.984227	0.336868	0.330369	0.126011	0.114522	0.0288554	0.0229029	
1.932e-08	642	0.129237	-0.501197	0.855628	0.301383	0.311052	0.084542	0.0868702	0.0576207	0.0384323	
1.938e-08	644	0.0995374	0.172224	0.980016	0.353584	0.320407	0.0693655	0.0967279	0.0605621	0.0417663	
1.944e-08	646	-0.13679	-0.0421206	0.989704	0.368536	0.298941	0.140771	0.12048	0.287598	0.0425813	
1.95e-08	648	0.298477	0.059824	0.95254	0.371692	0.29835	0.149847	0.113046	0.0569281	0.027744	
1.956e-08	650	0.775799	0.630872	0.0116271	0.148145	0.280897	0.190143	0.091722	0.696922	0.033808	
1.962e-08	652	-0.144629	-0.419563	-0.89613	0.329813	0.289461	0.115353	0.0657637	0.0989101	0.033682	
1.968e-08	654	-0.417932	-0.134904	-0.898406	0.329615	0.285208	0.0954831	0.0740175	0.0315944	0.0250948	
1.974e-08	656	-0.0904888	-0.132585	0.987032	0.26928	0.280792	0.0997186	0.111575	0.954757	0.0346005	
1.98e-08	658	0.526415	-0.0562429	-0.848365	0.252111	0.251576	0.12894	0.111561	0.743368	0.0386468	
1.986e-08	660	0.282679	0.614855	-0.736238	0.265796	0.238177	0.0680994	0.087963	0.576663	0.0360258	
1.992e-08	662	-0.142993	0.414021	0.898966	0.271742	0.246296	0.0923968	0.0754241	0.355688	0.0449129	
1.998e-08	664	0.0626786	0.558933	-0.826841	0.306863	0.229442	0.10838	0.144886	0.0554558	0.0341309	
2.004e-08	666	0.575846	0.241368	0.781116	0.168136	0.231878	0.158611	0.131599	0.116932	0.0525922	
2.01e-08	668	-0.176271	-0.0966543	0.979585	0.259036	0.205334	0.0666048	0.159324	0.151315	0.0486376	
2.016e-08	670	-0.478774	0.572085	0.665953	0.131533	0.178021	0.107468	0.0946771	0.226961	0.0564075	
2.022e-08	672	0.143501	-0.266224	-0.953169	0.236519	0.188593	0.0985196	0.0883313	0.372069	0.0407837	
2.028e-08	674	0.147757	0.688855	0.70968	0.0597623	0.176939	0.068827	0.121244	0.309639	0.0570137	
2.034e-08	676	-0.531307	-0.803015	0.269962	0.106934	0.16877	0.117664	0.0747449	0.159598	0.0305515	
2.04e-08	678	0.0246931	0.714875	-0.698817	0.130085	0.199144	0.106555	0.117254	0.187491	0.0634212	
2.046e-08	680	0.240551	0.559139	0.79341	0.188249	0.177009	0.0784085	0.0970704	0.307808	0.0314772	
2.052e-08	682	0.267805	-0.786075	-0.557106	0.174272	0.169695	0.0615082	0.103914	0.282259	0.0379915	
2.058e-08	684	0.690319	-0.498261	0.52459	0.196574	0.133589	0.0861992	0.0739098	0.113612	0.0360523	
2.064e-08	686	-0.0354685	-0.0327053	-0.998835	0.240195	0.140651	0.0986568	0.0662184	0.158322	0.0391319	
2.07e-08	688	-0.913543	0.0532421	0.403243	0.10254	0.147543	0.103381	0.0775381	0.151957	0.0297832	
2.076e-08	690	0.190716	-0.00290983	0.981641	0.048058	0.145919	0.0607246	0.0889739	0.187889	0.038379	
2.082e-08	692	-0.360274	0.712135	0.60255	0.130131	0.123689	0.0517378	0.0535618	0.114635	0.0267077	
2.088e-08	694	-0.837762	-0.0148628	0.545833	0.165972	0.133582	0.0612106	0.0495079	0.176212	0.0331032	
2.094e-08	696	-0.222732	-0.0315508	0.974369	0.122956	0.114726	0.0522112	0.0441755	0.0935395	0.0234	
2.1e-08	698	-0.542735	0.835675	0.0841803	0.0635043	0.12452	0.0578228	0.0498532	0.129805	0.0317902	
2.106e-08	700	0.403556	0.681374	0.610632	0.135384	0.11042	0.0418486	0.0605453	0.093083	0.0276579	
2.112e-08	702	-0.957117	-0.221956	-0.186178	0.0682101	0.118711	0.0462228	0.0706235	0.104931	0.0241458	
2.118e-08	704	-0.713933	-0.521869	-0.466854	0.0320385	0.109584	0.0444667	0.0594097	0.0819495	0.0195489	
2.124e-08	706	-0.616654	-0.63272	-0.468406	0.0594931	0.115011	0.0412567	0.0725235	0.0961428	0.0289623	
2.13e-08	708	0.942798	-0.251972	0.218272	0.0909919	0.104477	0.044283	0.0328146	0.0884053	0.0154966	
2.136e-08	710	0.835353	0.0922606	0.541917	0.0557274	0.0858534	0.0272778	0.0496237	0.0483495	0.0254376	
2.142e-08	712	-0.579615	-0.0907519	0.809822	0.0966714	0.0990171	0.0355325	0.0583768	0.0538259	0.0173418	
2.148e-08	714	-0.33849	-0.751125	0.566777	0.0687305	0.0934504	0.0368297	0.0467377	0.0473172	0.0164717	
2.154e-08	716	0.881481	0.0884883	0.463855	0.100068	0.0826778	0.026656	0.036845	0.0451084	0.0159927	
2.16e-08	718	-0.958439	-0.244198	-0.147518	0.0401906	0.0807719	0.0268515	0.0272439	0.0457163	0.0130851	
2.166e-08	720	-0.508934	0.669009	0.541676	0.123271	0.088969	0.0366177	0.0334352	0.0464135	0.00783904	
2.172e-08	722	0.051071	0.439829	0.896628	0.0512127	0.0762977	0.0215881	0.0373443	0.0377863	0.0207326	
2.178e-08	724	0.0114071	0.664303	0.747376	0.058097	0.0839594	0.0278005	0.0344203	0.0532798	0.0188686	
2.184e-08	726	-0.367653	0.913126	-0.176161	0.060817	0.0766348	0.0258985	0.0193804	0.0462658	0.0116848	
2.19e-08	728	0.750973	0.564644	-0.342368	0.102649	0.0671369	0.0227442	0.0255664	0.0203136	0.013518	
2.196e-08	730	0.716992	0.337829	-0.609749	0.0398388	0.0693179	0.0208983	0.0296822	0.0218472	0.0135892	
2.202e-08	732	-0.702313	-0.524937	-0.48083	0.0914209	0.0802944	0.0252779	0.0291816	0.0423641	0.0137672	
2.208e-08	734	-0.763572	0.620283	-0.179463	0.149572	0.0861459	0.0500322	0.0260534	0.0373845	0.0152023	
2.214e-08	736	0.639687	0.695488	0.327256	0.115455	0.0728869	0.0288971	0.0236559	0.0268564	0.00853874	
2.22e-08	738	-0.967709	0.0444602	0.248116	0.0237987	0.0642196	0.0237963	0.0114517	0.0310835	0.01118	
2.226e-08	740	0.905637	-0.398007	0.146326	0.0915712	0.0778733	0.0230594	0.0254556	0.0349503	0.00974582	
2.232e-08	742	0.309937	-0.428922	0.848508	0.0671577	0.0673538	0.0202871	0.0130996	0.0299634	0.00893349	
2.238e-08	744	0.527122	0.761796	-0.376576	0.0772058	0.0678355	0.0195064	0.016629	0.0327847	0.00918781	
2.244e-08	746	-0.514478	0.798091	-0.31363	0.0338044	0.0697397	0.0204498	0.0279058	0.0287285	0.0127151	
2.25e-08	748	-0.534938	-0.627294	-0.565989	0.0405496	0.0553391	0.0117812	0.0177835	0.0152411	0.00662805	
2.256e-08	750	0.868094	-0.196738	-0.45575	0.0546631	0.0645315	0.0179119	0.0221395	0.0211282	0.00716167	
2.262e-08	752	0.897153	0.388761	-0.209719	0.0897497	0.0625428	0.0186887	0.0177527	0.0214945	0.00665568	
2.268e-08	754	0.904867	0.371499	-0.207855	0.045982	0.0574618	0.0175488	0.0134375	0.0140356	0.00549169	
2.274e-08	756	-0.626046	0.64939	-0.431693	0.0335707	0.0581582	0.0219781	0.0131366	0.0239713	0.0152956	
2.28e-08	758	0.51751	-0.561693	-0.645511	0.0935394	0.0543393	0.0147684	0.0137434	0.01334	0.0058339	
2.286e-08	760	0.369077	-0.0195348	-0.929194	0.0817242	0.0652949	0.0165462	0.0214473	0.0252051	0.0072459	
2.292e-08	762	-0.859264	0.35981	-0.363595	0.09338	0.0580548	0.0216194	0.0175416	0.012025	0.00952341	
2.298e-08	764	-0.804235	-0.371523	0.463872	0.036007	0.0545944	0.0145669	0.0168012	0.0139659	0.00930655	
2.304e-08	766	0.792992	0.604934	-0.0722421	0.0565956	0.0634238	0.0224973	0.0179006	0.0190177	0.0100001	
2.31e-08	768	0.512788	-0.194526	-0.836186	0.0337752	0.0595531	0.0157929	0.0182849	0.0172418	0.00823728	
2.316e-08	770	0.330894	-0.695151	-0.638181	0.0801675	0.053078	0.00928702	0.0186487	0.0144278	0.00693012	
2.322e-08	772	-0.982422	0.050768	-0.179639	0.0573702	0.0557163	0.0131103	0.0179969	0.0138079	0.00565099	
2.328e-08	774	0.238139	0.597545	0.765657	0.050033	0.0481101	0.0109861	0.0107695	0.0123643	0.00586876	
2.334e-08	776	-0.0437075	-0.972825	-0.227379	0.0844163	0.0539944	0.0069644	0.0202462	0.0133258	0.0048914	
2.34e-08	778	0.467639	-0.400043	-0.788212	0.099337	0.0571062	0.0159274	0.0174142	0.0125881	0.00507401	
2.346e-08	780	-0.31156	0.211875	-0.926304	0.104705	0.0505828	0.0127623	0.0115758	0.0145586	0.00650125	
2.352e-08	782	0.384296	-0.672642	0.632352	0.0291885	0.0594871	0.0204021	0.0128743	0.0186786	0.00744593	
2.358e-08	784	0.970744	0.203903	0.126806	0.013969	0.0502689	0.0162547	0.00556792	0.0143474	0.00478053	
2.364e-08	786	-0.584957	0.523576	-0.61943	0.0519263	0.0455197	0.0145664	0.00543092	0.0119545	0.00651774	
2.37e-08	788	-0.26759	-0.280523	0.921793	0.0392559	0.0428782	0.00840787	0.00713046	0.011172	0.00488195	
2.376e-08	790	-0.672625	0.576651	-0.463733	0.0346844	0.0481712	0.0113121	0.00695099	0.0150216	0.00629535	
2.382e-08	792	0.67068	-0.423971	0.608636	0.0531815	0.0537989	0.0146404	0.00880859	0.0155594	0.00473399	
2.388e-08	794	-0.558963	-0.265946	0.785387	0.0516976	0.0450003	0.0109905	0.00701579	0.0112046	0.00428595	
2.394e-08	796	0.781186	0.0699453	-0.620368	0.0220649	0.0469817	0.0105006	0.00956924	0.00939086	0.00408342	
2.4e-08	798	-0.831354	0.317172	0.456347	0.0403937	0.0487957	0.0119819	0.0112067	0.0101367	0.00363874	
2.406e-08	800	0.00923025	-0.517656	-0.855539	0.0705618	0.0485847	0.00974718	0.00861072	0.0131362	0.00419172	
2.412e-08	802	-0.0329166	0.447422	0.893717	0.0674531	0.0501656	0.0109859	0.00861048	0.0162048	0.0053547	
2.418e-08	804	-0.709742	-0.68652	-0.157978	0.0289716	0.0499176	0.0113937	0.0110462	0.0112839	0.00377223	
2.424e-08	806	-0.290115	-0.766368	-0.573161	0.0485815	0.0448573	0.00709508	0.0076072	0.0127715	0.00314213	
2.43e-08	808	0.388651	0.921366	0.0058893	0.0240257	0.0427468	0.00684961	0.00967061	0.00795371	0.00334558	
2.436e-08	810	0.735658	0.170737	0.655481	0.0535171	0.0533037	0.0170481	0.0132239	0.00819766	0.00470219	
2.442e-08	812	-0.165353	0.983624	-0.0717061	0.010294	0.0348653	0.0084537	0.00527027	0.00488388	0.00373996	
2.448e-08	814	0.543783	-0.83152	-0.113462	0.062986	0.053845	0.0103487	0.0129217	0.016063	0.00538574	
2.454e-08	816	0.252605	0.955402	-0.152962	0.0596969	0.0410472	0.0050621	0.0104578	0.00669496	0.00224445	
2.46e-08	818	-0.409294	0.284559	0.866894	0.0339643	0.0442988	0.00797881	0.00541226	0.0113116	0.00309403	
2.466e-08	820	0.986402	-0.149826	0.0675575	0.0691342	0.0458959	0.0114508	0.00767005	0.00878708	0.00313623	
2.472e-08	822	-0.510677	0.85974	0.00747485	0.0302901	0.040649	0.00575749	0.00893299	0.00903406	0.00398919	
2.478e-08	824	0.00996323	0.86948	0.493867	0.0425571	0.0487676	0.00952934	0.00835751	0.0153503	0.00451763	
2.484e-08	826	-0.136681	-0.916546	-0.375849	0.0275208	0.0398694	0.00567644	0.0101762	0.00648716	0.00322697	
2.49e-08	828	-0.0960881	-0.942526	-0.320018	0.0497737	0.0435749	0.00516417	0.0126631	0.00788716	0.00319532	
2.496e-08	830	-0.572448	-0.756216	-0.316924	0.0417595	0.0414891	0.00787765	0.00395623	0.0110634	0.00268745	
2.502e-08	832	-0.704227	0.679815	-0.204734	0.0528479	0.0457952	0.00820282	0.00804998	0.0104699	0.00236423	
2.508e-08	834	0.207145	0.955282	0.211016	0.0327557	0.0384054	0.00626959	0.00726498	0.005939	0.00219622	
2.514e-08	836	-0.0726974	0.588327	0.805349	0.0466936	0.042858	0.00987114	0.00697346	0.00724129	0.00289075	
2.52e-08	838	0.335128	-0.921879	0.194497	0.0537902	0.0417653	0.00671833	0.00841752	0.00942828	0.00421477	
2.526e-08	840	-0.895419	0.262575	0.359554	0.0692217	0.0418847	0.0103816	0.00809862	0.00691904	0.00571359	
2.532e-08	842	0.756213	0.652702	0.0460614	0.0353598	0.0390487	0.00620314	0.00681529	0.00714996	0.00254102	
2.538e-08	844	0.783845	0.57381	-0.237336	0.0558009	0.0396322	0.00718889	0.00747794	0.0045924	0.00288961	
2.544e-08	846	0.414035	0.219146	-0.883487	0.0517058	0.0439702	0.0126339	0.00478635	0.00898249	0.00402579	
2.55e-08	848	-0.986415	0.119647	-0.112561	0.0546353	0.0439591	0.00853083	0.00864654	0.00678706	0.00406709	
2.556e-08	850	0.928562	0.164885	-0.332544	0.0112288	0.0423747	0.00857844	0.00880303	0.00569623	0.00335254	
2.562e-08	852	0.119418	0.248384	0.961272	0.0517575	0.0360408	0.00484006	0.00545989	0.00801618	0.00333871	
2.568e-08	854	-0.205579	-0.950542	0.232826	0.00597563	0.0396647	0.00814137	0.00749235	0.00576496	0.00312689	
2.574e-08	856	0.0668515	0.942707	-0.326856	0.0479612	0.0405321	0.00902648	0.00598625	0.0071871	0.00380974	
2.58e-08	858	-0.343259	0.187584	-0.920318	0.047729	0.0306259	0.00515582	0.00438087	0.00364307	0.00235139	
2.586e-08	860	-0.371722	-0.860756	-0.347737	0.0197707	0.0374566	0.00735735	0.00609436	0.00462448	0.00258944	
2.592e-08	862	-0.190166	-0.979113	0.0719335	0.0598368	0.039901	0.00672565	0.00738098	0.00606219	0.00365682	
2.598e-08	864	0.881825	-0.103577	-0.460061	0.0340062	0.0384409	0.00476171	0.00721349	0.00769774	0.00273834	
2.604e-08	866	0.774667	-0.437598	-0.456508	0.0679016	0.0387792	0.0053625	0.00772318	0.00527095	0.00249217	
2.61e-08	868	-0.647846	-0.385329	-0.657128	0.00856132	0.0356747	0.00398144	0.00488831	0.00769333	0.0032098	
2.616e-08	870	-0.915752	-0.369121	-0.158578	0.0321549	0.0351584	0.00390049	0.00458534	0.00767637	0.00214603	
2.622e-08	872	-0.935047	-0.0109865	-0.354352	0.0373692	0.037709	0.00947603	0.00501887	0.00372163	0.00292948	
2.628e-08	874	0.685546	-0.0126578	0.72792	0.0483894	0.0359363	0.00563331	0.00626798	0.00462668	0.00327983	
2.634e-08	876	-0.808694	-0.150319	-0.568699	0.0236808	0.0333677	0.00706835	0.00333525	0.0044234	0.00248505	
2.64e-08	878	-0.460196	0.037347	-0.887031	0.0144246	0.0314521	0.00461034	0.00376668	0.00445939	0.00207302	
2.646e-08	880	-0.725638	0.684234	0.0726149	0.0182826	0.03012	0.00308591	0.00468597	0.00427806	0.0018517	
2.652e-08	882	0.0549562	0.264473	0.962826	0.0349472	0.037265	0.00458275	0.0057684	0.00655851	0.00156831	
2.658e-08	884	-0.882196	0.470881	0.000988873	0.0384774	0.0356792	0.00483433	0.00470298	0.00707839	0.00228809	
2.664e-08	886	0.723586	0.335264	-0.603341	0.055922	0.0385624	0.00873131	0.00408641	0.00671741	0.00352482	
2.67e-08	888	-0.1753	-0.961797	-0.210278	0.0195883	0.0315231	0.00360065	0.00501559	0.00384777	0.00170379	
2.676e-08	890	-0.185088	0.13724	0.973092	0.0268793	0.034184	0.00443604	0.00464599	0.00652694	0.00278497	
2.682e-08	892	0.0049736	-0.997348	-0.0726125	0.0493101	0.0327173	0.00625786	0.00443445	0.00325962	0.00209211	
2.688e-08	894	0.223648	0.335888	-0.914965	0.0138668	0.0315349	0.00426877	0.00487619	0.00336441	0.00210926	
2.694e-08	896	0.585509	0.292315	0.756129	0.0433308	0.0389573	0.00478237	0.00635144	0.00741305	0.00293338	
2.7e-08	898	-0.840102	0.458922	0.289171	0.0371973	0.0317079	0.00510625	0.0039239	0.00309557	0.00144314	
2.706e-08	900	0.0858752	0.36575	-0.926743	0.0473736	0.0360171	0.00447857	0.00744378	0.00541176	0.00354949	
