#----------------------------------------------------------------------------------------------------------------------------------------------------------
# Output file for vampire simulation
#   time       : 2024-08-29 04:55:50     process id : 211723
#   hostname   : node118.viking2.yor.alces.network
#   path       : /users/ky883/parameter/WS_dia5/AI_Dataset/size_6.0_6.0_10.0/Temp_900/random_1
#----------------------------------------------------------------------------------------------------------------------------------------------------------
6e-11	0	0.000683192	-0.00426592	0.999991	0.999931	0.999912	0	0	0	0	
1.2e-10	2	0.00119147	-0.00537669	0.999985	0.998944	0.998952	0.0313407	0.067387	5.08471e-06	4.41677e-06	
1.8e-10	4	0.00100456	0.00112083	0.999999	0.997895	0.99791	0.0403483	0.046556	1.03237e-05	9.78957e-06	
2.4e-10	6	0.00283273	0.00428621	0.999987	0.996849	0.996845	0.0587401	0.0618767	1.45475e-05	1.50428e-05	
3e-10	8	-0.00116729	0.00351918	0.999993	0.995806	0.99579	0.0341847	0.101554	2.36298e-05	2.14029e-05	
3.6e-10	10	-0.000431402	0.00227221	0.999997	0.994831	0.994776	0.0217955	0.044842	2.17878e-05	2.12065e-05	
4.2e-10	12	0.00127696	-0.00567024	0.999983	0.993697	0.993656	0.0464059	0.0517744	2.42066e-05	2.41223e-05	
4.8e-10	14	0.00240323	-0.00178075	0.999996	0.992603	0.992616	0.045643	0.047681	1.96052e-05	1.7335e-05	
5.4e-10	16	0.00877413	0.00284507	0.999957	0.991806	0.991589	0.0682222	0.0577188	4.83874e-05	3.86136e-05	
6e-10	18	0.002631	-0.00205226	0.999994	0.990778	0.990455	0.0571398	0.0297519	5.5239e-05	4.91633e-05	
6.6e-10	20	0.0093128	0.00330782	0.999951	0.989428	0.989467	0.042564	0.0448951	3.45408e-05	3.42584e-05	
7.2e-10	22	-8.46441e-05	-0.0223101	0.999751	0.98787	0.988343	0.0427341	0.0939311	7.70231e-05	6.58208e-05	
7.8e-10	24	-0.0201191	-0.0113963	0.999733	0.987433	0.987341	0.0571072	0.043449	5.69164e-05	5.32177e-05	
8.4e-10	26	-0.00574388	-0.00374793	0.999976	0.986043	0.986266	0.0388181	0.0319936	7.01456e-05	7.38272e-05	
9e-10	28	-0.000636789	0.00236436	0.999997	0.984741	0.985143	0.0243817	0.0414442	5.14278e-05	5.32419e-05	
9.6e-10	30	-0.00836089	-0.00576888	0.999948	0.984351	0.984099	0.0868255	0.0574252	6.36815e-05	5.00062e-05	
1.02e-09	32	0.0219451	0.00821531	0.999725	0.982444	0.983039	0.0558844	0.066371	9.84522e-05	7.53169e-05	
1.08e-09	34	0.00305294	-0.0102414	0.999943	0.981936	0.981951	0.0519189	0.0635116	6.80496e-05	6.37167e-05	
1.14e-09	36	9.32662e-05	0.0164679	0.999864	0.980945	0.980898	0.0731276	0.0933806	0.000115815	9.55819e-05	
1.2e-09	38	-0.0205077	0.00627559	0.99977	0.97993	0.97989	0.0782788	0.0392058	5.45747e-05	5.11021e-05	
1.26e-09	40	-0.0230873	0.011469	0.999668	0.978951	0.978728	0.0466629	0.0512313	0.00013311	0.000130246	
1.32e-09	42	-0.002573	-0.00458832	0.999986	0.977183	0.97767	0.0690897	0.0853783	7.86618e-05	7.61959e-05	
1.38e-09	44	-0.00581567	-0.00770555	0.999953	0.976541	0.976508	0.0463476	0.0901505	9.5938e-05	0.000101096	
1.44e-09	46	-0.00928142	0.00396365	0.999949	0.975088	0.975568	0.0579172	0.0507219	9.94969e-05	0.000109055	
1.5e-09	48	0.00181109	-0.0211549	0.999775	0.973768	0.974247	0.0394757	0.061347	8.22643e-05	6.67822e-05	
1.56e-09	50	-0.00195373	-0.000549649	0.999998	0.973306	0.973219	0.0254551	0.0551009	9.74195e-05	9.25978e-05	
1.62e-09	52	-0.0190071	-0.0152036	0.999704	0.971731	0.972123	0.0436334	0.0838852	0.000144814	0.000133067	
1.68e-09	54	0.00255958	0.00112913	0.999996	0.97164	0.971142	0.0332271	0.0444873	0.000118329	0.000103094	
1.74e-09	56	-0.00620409	0.00237618	0.999978	0.970609	0.970177	0.0448567	0.0524741	0.000126216	0.000121224	
1.8e-09	58	0.000491355	0.0230729	0.999734	0.96838	0.968969	0.0497255	0.0714754	0.000138674	0.000147274	
1.86e-09	60	-0.00333577	0.00647815	0.999973	0.967079	0.967745	0.0386954	0.0649303	0.00011747	0.000106596	
1.92e-09	62	0.0181948	0.0193654	0.999647	0.966445	0.96672	0.0448858	0.051583	0.000172176	0.000159913	
1.98e-09	64	0.00638987	-0.0153292	0.999862	0.965976	0.965588	0.0482404	0.0463855	0.000146453	0.000145479	
2.04e-09	66	-0.00806636	-0.0222468	0.99972	0.963649	0.964656	0.0477941	0.0662877	0.000142167	0.000135444	
2.1e-09	68	-0.01073	0.016345	0.999809	0.963309	0.963604	0.0238455	0.0664423	0.00015207	0.000146149	
2.16e-09	70	0.0136166	-0.000957809	0.999907	0.962814	0.96241	0.0389887	0.0583693	0.000256444	0.000232664	
2.22e-09	72	0.00938323	0.00127126	0.999955	0.959716	0.961247	0.0504087	0.0489824	0.000200751	0.000207206	
2.28e-09	74	-0.00241956	0.0100854	0.999946	0.960181	0.960021	0.0400028	0.0561757	0.000123046	0.000137711	
2.34e-09	76	-0.0184291	-0.0195916	0.999638	0.959333	0.959018	0.068858	0.0889221	0.000198215	0.000123178	
2.4e-09	78	-0.00327327	-0.0125696	0.999916	0.957373	0.957635	0.0894467	0.0492406	0.000316747	0.000287587	
2.46e-09	80	-0.000530142	-0.00705455	0.999975	0.957566	0.956705	0.0477866	0.0483845	0.000156705	0.000133865	
2.52e-09	82	0.00861652	0.00824032	0.999929	0.955618	0.955499	0.039447	0.0491262	0.000198718	0.000191107	
2.58e-09	84	-0.00183312	0.000211161	0.999998	0.954245	0.954339	0.045937	0.0568407	0.000188646	0.000170451	
2.64e-09	86	-0.0205686	0.00830002	0.999754	0.95349	0.953341	0.0467052	0.0699974	0.000171192	0.000153909	
2.7e-09	88	-0.0121382	0.0173661	0.999776	0.953206	0.952281	0.0332083	0.0367844	0.000289196	0.000289231	
2.76e-09	90	0.00104307	-0.0240776	0.99971	0.950714	0.95088	0.0517377	0.0379719	0.000143037	0.000143701	
2.82e-09	92	-0.0195669	0.000500797	0.999808	0.950005	0.949901	0.0590517	0.0377737	0.000377754	0.00033947	
2.88e-09	94	-0.0205213	0.0162326	0.999658	0.949999	0.948706	0.0355608	0.0586507	0.000248486	0.000246286	
2.94e-09	96	-0.0216352	-0.0393822	0.99899	0.945699	0.947758	0.0542632	0.0717279	0.000266603	0.000253936	
3e-09	98	-0.0223176	-0.0121171	0.999677	0.946361	0.946705	0.0681775	0.0633563	0.000176566	0.000177474	
3.06e-09	100	0.00614778	-0.0218031	0.999743	0.946151	0.945637	0.0440457	0.0563494	0.000145505	0.000134869	
3.12e-09	102	-0.0324944	-0.0199419	0.999273	0.945008	0.944673	0.068251	0.0429658	0.00028803	0.000294524	
3.18e-09	104	-0.0170782	0.000519512	0.999854	0.941447	0.943044	0.0469197	0.0920916	0.000366727	0.000323182	
3.24e-09	106	-0.0119316	-0.0459338	0.998873	0.942446	0.941912	0.111645	0.0967299	0.000247257	0.000160773	
3.3e-09	108	-0.0205896	-0.0349951	0.999175	0.939411	0.940844	0.04905	0.0606064	0.000176218	0.000165676	
3.36e-09	110	0.0451107	0.00875563	0.998944	0.941575	0.940049	0.0553556	0.0404616	0.000322485	0.000313972	
3.42e-09	112	0.00740408	0.00936778	0.999929	0.936008	0.938323	0.0427784	0.0476277	0.00027981	0.000260341	
3.48e-09	114	0.00741689	-0.0329548	0.999429	0.93575	0.93745	0.0506013	0.0834968	0.000273724	0.000298134	
3.54e-09	116	0.0174532	0.024084	0.999558	0.935007	0.936051	0.068474	0.0360913	0.000264299	0.000286644	
3.6e-09	118	-0.0287099	-0.00478063	0.999576	0.9355	0.934947	0.103581	0.0488904	0.000205021	0.000147175	
3.66e-09	120	0.00379249	-0.0171875	0.999845	0.932801	0.933744	0.0602063	0.0575781	0.000235443	0.000256268	
3.72e-09	122	0.0452825	0.0227963	0.998714	0.934232	0.932767	0.0424839	0.0619159	0.000253352	0.000244739	
3.78e-09	124	-0.00431117	-0.0174648	0.999838	0.93265	0.931146	0.0329943	0.042834	0.000349973	0.000340942	
3.84e-09	126	-0.0347994	0.00130784	0.999393	0.930768	0.930717	0.0739551	0.102485	0.000303763	0.000201612	
3.9e-09	128	-0.0183401	-0.0478802	0.998685	0.927608	0.929513	0.04475	0.0774308	0.0003935	0.000316727	
3.96e-09	130	0.0374019	0.0162298	0.999168	0.926091	0.927885	0.0839109	0.0883784	0.000364194	0.000387593	
4.02e-09	132	-0.0300821	-0.0212572	0.999321	0.927823	0.926936	0.0370777	0.0715143	0.000281725	0.000249455	
4.08e-09	134	0.0181649	-0.0103445	0.999781	0.928105	0.925768	0.0585497	0.0649656	0.00033566	0.000311995	
4.14e-09	136	0.032795	-0.0154966	0.999342	0.925135	0.925081	0.0566601	0.0529172	0.000262051	0.000281753	
4.2e-09	138	-0.0280024	-0.00265239	0.999604	0.922949	0.9231	0.0562963	0.0519883	0.000261932	0.000249948	
4.26e-09	140	-0.00248055	-0.0354628	0.999368	0.920559	0.921766	0.0421419	0.074101	0.000352831	0.000352013	
4.32e-09	142	0.0146171	0.0110326	0.999832	0.92113	0.921085	0.0721603	0.0518076	0.000331525	0.000312959	
4.38e-09	144	0.00411067	0.0218995	0.999752	0.919815	0.919549	0.0493069	0.0637151	0.000786919	0.000655084	
4.44e-09	146	0.00451597	0.00563772	0.999974	0.918511	0.918489	0.0427148	0.0436028	0.000391246	0.000346106	
4.5e-09	148	0.000347253	0.0121942	0.999926	0.914695	0.917642	0.0647183	0.0367991	0.000471744	0.00033709	
4.56e-09	150	0.00156933	-0.0357735	0.999359	0.918031	0.916417	0.0308691	0.0372965	0.000543409	0.000564077	
4.62e-09	152	0.00305813	-0.00559509	0.99998	0.912583	0.915007	0.055358	0.0455983	0.000376834	0.00034967	
4.68e-09	154	-0.050851	0.048413	0.997532	0.914545	0.914041	0.0563609	0.0499482	0.000526064	0.000457858	
4.74e-09	156	-0.0125821	-0.0150771	0.999807	0.914146	0.91298	0.0277236	0.0242758	0.000470797	0.000456775	
4.8e-09	158	0.0330457	-0.0103235	0.999401	0.915506	0.911115	0.0624427	0.0383974	0.000466668	0.000445245	
4.86e-09	160	0.0219879	0.0474926	0.99863	0.912164	0.909643	0.070535	0.0688235	0.000469961	0.000484813	
4.92e-09	162	-0.0147231	0.0156114	0.99977	0.906299	0.908965	0.0702399	0.0311706	0.000371057	0.000357396	
4.98e-09	164	-0.034688	-0.0164121	0.999263	0.907694	0.908	0.0605234	0.0357009	0.000416937	0.000372126	
5.04e-09	166	-0.0157594	-0.0311602	0.99939	0.907105	0.906238	0.0607397	0.0556839	0.000341419	0.00035531	
5.1e-09	168	0.0344012	0.00465025	0.999397	0.905441	0.905309	0.0349671	0.0712986	0.00051104	0.000390152	
5.16e-09	170	-0.00823451	0.00360713	0.99996	0.902381	0.904028	0.0573647	0.0507491	0.000278144	0.000286769	
5.22e-09	172	-0.00680637	0.0206074	0.999764	0.901585	0.903269	0.0879071	0.0620285	0.000502484	0.000375374	
5.28e-09	174	-0.00301136	-0.00314548	0.999991	0.90092	0.901789	0.0433375	0.0484512	0.000499908	0.00045466	
5.34e-09	176	0.0264495	-0.0261534	0.999308	0.892406	0.899792	0.0658431	0.060815	0.000714895	0.00061979	
5.4e-09	178	0.0221327	-0.0244381	0.999456	0.897662	0.898632	0.0620569	0.0562186	0.000517435	0.000473794	
5.46e-09	180	-0.0562384	-0.0045682	0.998407	0.897971	0.897593	0.100193	0.0847626	0.00071772	0.000591403	
5.52e-09	182	0.00691006	-0.022636	0.99972	0.895326	0.89707	0.07227	0.031682	0.000557823	0.000457234	
5.58e-09	184	-0.0702762	0.00414811	0.997519	0.897647	0.895132	0.0547317	0.0650844	0.000652402	0.000748142	
5.64e-09	186	0.0373351	-0.0237185	0.999021	0.889068	0.893583	0.0538307	0.0832731	0.000827743	0.000651941	
5.7e-09	188	-0.00611305	0.0471862	0.998867	0.89135	0.892858	0.061758	0.0382741	0.000607293	0.000555241	
5.76e-09	190	-0.0192611	-0.00798912	0.999783	0.890773	0.891335	0.0471157	0.058113	0.000582298	0.000590404	
5.82e-09	192	0.0166127	-0.0128785	0.999779	0.891182	0.890243	0.0410563	0.0817183	0.00055897	0.00048272	
5.88e-09	194	-0.0255668	-0.00789691	0.999642	0.887779	0.889146	0.0544644	0.0561988	0.000561389	0.000499504	
5.94e-09	196	0.00733653	0.018557	0.999801	0.889388	0.887877	0.053245	0.103559	0.000590784	0.000432765	
6e-09	198	0.00748143	-0.0190238	0.999791	0.886155	0.886892	0.0826222	0.0496018	0.000493174	0.000454587	
6.06e-09	200	-0.0324378	-0.061	0.997611	0.885924	0.885924	0.0979822	0.0909576	0.000608962	0.000457788	
6.12e-09	202	0.0125682	-0.0139852	0.999823	0.882664	0.884074	0.0559086	0.0421725	0.000630164	0.000551069	
6.18e-09	204	-0.0355019	0.000729355	0.999369	0.878697	0.88269	0.0587516	0.0798142	0.000815524	0.000735938	
6.24e-09	206	-0.0513572	0.0268045	0.998321	0.885555	0.881829	0.0862135	0.0610397	0.000394324	0.000304879	
6.3e-09	208	-0.00196589	-0.0273941	0.999623	0.882356	0.879307	0.0581298	0.0734923	0.000894476	0.000737388	
6.36e-09	210	-0.0404824	0.0196554	0.998987	0.883757	0.878617	0.0594319	0.0576319	0.000745804	0.000806994	
6.42e-09	212	-0.0185419	0.0412576	0.998976	0.87794	0.877963	0.059727	0.0410607	0.000510356	0.000480497	
6.48e-09	214	0.015151	-0.0317568	0.999381	0.8757	0.876405	0.084369	0.0446448	0.000473238	0.000400006	
6.54e-09	216	-0.0360896	0.0164037	0.999214	0.877792	0.875517	0.0280448	0.0868662	0.000853831	0.000793916	
6.6e-09	218	0.00276194	0.0149707	0.999884	0.872886	0.873135	0.063065	0.0482801	0.000627504	0.00060281	
6.66e-09	220	0.0104783	-0.0127993	0.999863	0.872627	0.871892	0.0507167	0.0924792	0.000841906	0.000662857	
6.72e-09	222	0.0120336	-0.0202051	0.999723	0.871609	0.870962	0.0470392	0.0757323	0.00042782	0.000405065	
6.78e-09	224	0.0412042	0.0207827	0.998935	0.870696	0.869768	0.0587339	0.0405127	0.000677021	0.000649878	
6.84e-09	226	-0.00165437	-0.00148716	0.999998	0.86517	0.868176	0.0772972	0.0418021	0.000777108	0.000559021	
6.9e-09	228	-0.0201573	-0.0256992	0.999466	0.862493	0.867238	0.0500023	0.052996	0.000429914	0.00043492	
6.96e-09	230	0.0257637	0.0451462	0.998648	0.869152	0.866249	0.091039	0.0344555	0.000666731	0.000583538	
7.02e-09	232	0.0344996	0.0162254	0.999273	0.863751	0.864731	0.0719727	0.0740252	0.000641094	0.000394786	
7.08e-09	234	0.0157109	0.0222807	0.999628	0.864115	0.863432	0.046538	0.0680291	0.000829693	0.000543613	
7.14e-09	236	-7.21012e-05	-0.0582941	0.998299	0.863076	0.862486	0.0550437	0.0800546	0.000607239	0.000618785	
7.2e-09	238	0.00469126	-0.0876233	0.996143	0.862038	0.861203	0.0576847	0.11769	0.000489932	0.000442097	
7.26e-09	240	-0.0337153	0.0225836	0.999176	0.861819	0.859225	0.0312242	0.086689	0.000743929	0.000674363	
7.32e-09	242	-0.0264574	-0.000408108	0.99965	0.858253	0.858347	0.0571471	0.0337306	0.000625572	0.000603509	
7.38e-09	244	-0.0166176	0.00121263	0.999861	0.856588	0.85624	0.0542599	0.0427574	0.000556157	0.000505121	
7.44e-09	246	-0.0453126	0.0464358	0.997893	0.85103	0.855227	0.0558102	0.0678568	0.00141726	0.00121802	
7.5e-09	248	-0.0284347	-0.0189196	0.999417	0.853419	0.853393	0.0697431	0.0484368	0.000764678	0.000644416	
7.56e-09	250	-0.0158392	0.01146	0.999809	0.855536	0.852028	0.0570972	0.0664853	0.000572093	0.000499232	
7.62e-09	252	0.0423629	-0.0218098	0.998864	0.849074	0.850305	0.043523	0.0658619	0.00079989	0.000646224	
7.68e-09	254	0.00926208	-0.00261557	0.999954	0.850011	0.849489	0.0443696	0.0552025	0.00104388	0.000937795	
7.74e-09	256	0.0400893	-0.0527383	0.997803	0.848721	0.84838	0.0816674	0.0519935	0.000718602	0.000644924	
7.8e-09	258	0.0148805	0.0118501	0.999819	0.85169	0.846958	0.0433746	0.0863457	0.00126621	0.00125044	
7.86e-09	260	-0.0732296	0.0158854	0.997189	0.84586	0.846351	0.0725883	0.0465609	0.000533834	0.000438232	
7.92e-09	262	-0.0301524	-0.0279691	0.999154	0.847232	0.844736	0.0657898	0.0531157	0.000875481	0.00080126	
7.98e-09	264	-0.00480312	0.060582	0.998152	0.844242	0.842657	0.129668	0.0706893	0.000970791	0.00087973	
8.04e-09	266	-0.0418139	-0.0294316	0.998692	0.840057	0.84138	0.0641354	0.0427919	0.00122043	0.00120375	
8.1e-09	268	-0.0151436	0.068081	0.997565	0.840237	0.840304	0.0641594	0.084126	0.000810858	0.000814249	
8.16e-09	270	-0.0388853	-0.0586577	0.997521	0.840459	0.838782	0.0673914	0.0793273	0.000620805	0.000434171	
8.22e-09	272	-0.0284361	-0.00540537	0.999581	0.832682	0.837923	0.0949707	0.0711747	0.000854706	0.000852737	
8.28e-09	274	-0.0261839	-0.0420712	0.998771	0.837973	0.834966	0.0608419	0.0893497	0.000699824	0.000625912	
8.34e-09	276	0.0335076	0.0371589	0.998747	0.837828	0.834656	0.0391092	0.0795222	0.000711371	0.000636251	
8.4e-09	278	0.00678975	-0.0176655	0.999821	0.836883	0.83326	0.0676123	0.0784657	0.00109829	0.000689424	
8.46e-09	280	-0.0213978	0.058024	0.998086	0.837429	0.831553	0.0967706	0.0650475	0.00113132	0.000620437	
8.52e-09	282	-0.0442509	-0.0286625	0.998609	0.831685	0.830324	0.0855838	0.058445	0.000676942	0.000554079	
8.58e-09	284	0.0481245	0.0217066	0.998605	0.82636	0.827482	0.068093	0.061218	0.000489606	0.000505781	
8.64e-09	286	0.0178051	0.0245821	0.999539	0.819336	0.826781	0.0607053	0.0620821	0.000924459	0.000823487	
8.7e-09	288	0.0241299	0.0416261	0.998842	0.826332	0.826231	0.0855156	0.0469801	0.000779638	0.000633746	
8.76e-09	290	-0.067344	-0.0461402	0.996662	0.823189	0.823041	0.0770672	0.0597923	0.00138847	0.00115509	
8.82e-09	292	-0.109935	-0.0376622	0.993225	0.830205	0.822561	0.100538	0.0505915	0.000946203	0.00108854	
8.88e-09	294	0.0934469	0.0173707	0.995473	0.821007	0.82143	0.0550232	0.0588938	0.00108524	0.000848756	
8.94e-09	296	-0.0472949	0.00515782	0.998868	0.824109	0.821115	0.0884634	0.0657265	0.00128861	0.000999776	
9e-09	298	0.0504311	-0.0139743	0.99863	0.824726	0.818728	0.0445483	0.0549403	0.00111467	0.00111115	
9.06e-09	300	0.05618	0.0179298	0.99826	0.81826	0.817774	0.0844105	0.0795315	0.000499287	0.000703835	
9.12e-09	302	0.0473576	0.0301726	0.998422	0.818811	0.815108	0.0460967	0.0756846	0.00117622	0.00105116	
9.18e-09	304	-0.0726987	0.0678079	0.995046	0.80907	0.814977	0.0682036	0.061855	0.00114795	0.000872061	
9.24e-09	306	-0.0158544	0.0628026	0.9979	0.805076	0.813198	0.0409732	0.0472045	0.00126082	0.00107661	
9.3e-09	308	-0.0208407	0.0364942	0.999117	0.815881	0.811847	0.0423279	0.0485455	0.000875489	0.000915005	
9.36e-09	310	0.00909219	-0.00619263	0.999939	0.810806	0.809857	0.0626932	0.0642954	0.000959705	0.000917394	
9.42e-09	312	0.0189072	0.010879	0.999762	0.806941	0.807539	0.0628664	0.0474558	0.000487358	0.000487899	
9.48e-09	314	-0.0750062	0.0162234	0.997051	0.79524	0.805931	0.0984966	0.0529985	0.00147823	0.00133067	
9.54e-09	316	0.0761515	0.0659436	0.994913	0.799906	0.804775	0.0603754	0.0425913	0.000854083	0.000599928	
9.6e-09	318	-0.0519493	0.00653501	0.998628	0.805722	0.803813	0.0368526	0.0697744	0.000711466	0.000603034	
9.66e-09	320	-0.00665295	0.0547249	0.998479	0.801273	0.801896	0.0795508	0.0621485	0.00108061	0.000912667	
9.72e-09	322	-0.0358259	-0.0627968	0.997383	0.80292	0.799995	0.0836977	0.0848874	0.00105727	0.000951411	
9.78e-09	324	-0.0857058	0.0190041	0.996139	0.796292	0.799914	0.0748804	0.0481822	0.00160449	0.00152797	
9.84e-09	326	-0.00111502	0.0565536	0.998399	0.792082	0.797545	0.0759525	0.0423133	0.00143411	0.00142048	
9.9e-09	328	-0.000815918	0.027165	0.999631	0.79473	0.795868	0.0353113	0.134661	0.000880453	0.000810087	
9.96e-09	330	0.0388742	0.046615	0.998156	0.790751	0.793364	0.0515415	0.0849894	0.00119838	0.00129276	
1.002e-08	332	0.0366622	-0.00476622	0.999316	0.801913	0.792769	0.0552836	0.0901733	0.00183039	0.00154417	
1.008e-08	334	-0.0205163	-0.0945017	0.995313	0.796516	0.791396	0.048117	0.0569857	0.00138078	0.00149471	
1.014e-08	336	-0.00195184	-0.0110676	0.999937	0.790435	0.790237	0.0870012	0.0423719	0.00105688	0.000968057	
1.02e-08	338	-0.0416722	-0.0169504	0.998988	0.78753	0.788132	0.0779039	0.0627666	0.000744606	0.000774384	
1.026e-08	340	-0.0512839	-0.0164809	0.998548	0.780576	0.786286	0.0574447	0.0554376	0.000813991	0.000584263	
1.032e-08	342	0.0434481	0.0230178	0.99879	0.793533	0.784649	0.0676878	0.0906478	0.00188027	0.00185534	
1.038e-08	344	-0.00488955	0.00947426	0.999943	0.778029	0.782971	0.0755119	0.0363019	0.00148095	0.00120408	
1.044e-08	346	-0.032579	0.0207786	0.999253	0.780087	0.781864	0.100793	0.0369284	0.00103649	0.000733905	
1.05e-08	348	-0.0226818	-0.0368395	0.999064	0.776579	0.780072	0.0614481	0.122512	0.0015573	0.00148243	
1.056e-08	350	0.0310278	0.0476255	0.998383	0.777008	0.780033	0.0893281	0.0580668	0.00114554	0.000890208	
1.062e-08	352	0.0890978	-0.00620542	0.996004	0.779781	0.776682	0.0605646	0.048854	0.00161341	0.00150421	
1.068e-08	354	0.0361549	0.00897536	0.999306	0.773764	0.774364	0.0491057	0.0432683	0.00113313	0.00116668	
1.074e-08	356	0.0325913	0.0589926	0.997726	0.774842	0.773375	0.0726341	0.068203	0.00070643	0.000608901	
1.08e-08	358	-0.0191453	0.0623651	0.99787	0.775484	0.771908	0.058707	0.0881999	0.000880066	0.00102199	
1.086e-08	360	0.110646	0.00748796	0.993832	0.762235	0.770729	0.0667941	0.051691	0.00228703	0.00212342	
1.092e-08	362	0.0627418	-0.0628293	0.99605	0.774092	0.769328	0.0546612	0.0526013	0.002132	0.00175826	
1.098e-08	364	-0.00869439	0.0993328	0.995016	0.781702	0.767599	0.0711874	0.0830658	0.00230018	0.00223361	
1.104e-08	366	-0.00693774	0.0181457	0.999811	0.76374	0.763739	0.064764	0.0734999	0.00130283	0.00144746	
1.11e-08	368	-0.0942669	-0.0541862	0.994071	0.778178	0.763528	0.0543486	0.0441568	0.0015898	0.00165498	
1.116e-08	370	0.00313681	-0.0122043	0.999921	0.767008	0.762498	0.0455185	0.0483141	0.000985399	0.000778756	
1.122e-08	372	0.00950299	0.0134117	0.999865	0.770423	0.761331	0.0486272	0.114442	0.00262807	0.0022634	
1.128e-08	374	-0.03197	0.0133713	0.999399	0.761811	0.757973	0.0554321	0.0701779	0.00184372	0.00147339	
1.134e-08	376	-0.00360041	-0.0448062	0.998989	0.747695	0.756789	0.0524742	0.0536758	0.00173351	0.00178594	
1.14e-08	378	-0.00580659	0.00616399	0.999964	0.753105	0.755472	0.069231	0.0524012	0.0014747	0.00134489	
1.146e-08	380	0.020303	0.0239597	0.999507	0.753437	0.754824	0.0714586	0.0697778	0.0021276	0.0017808	
1.152e-08	382	-0.0172432	-0.00925479	0.999808	0.7491	0.752483	0.0778492	0.0789048	0.00261493	0.00232961	
1.158e-08	384	-0.0586341	-0.0128449	0.998197	0.75384	0.751021	0.0845447	0.0845288	0.00301109	0.00259599	
1.164e-08	386	-0.0701874	0.0105263	0.997478	0.752717	0.74798	0.085146	0.0706827	0.00223845	0.00164063	
1.17e-08	388	0.0127661	0.0314555	0.999424	0.740366	0.744714	0.0736349	0.0779461	0.00275936	0.00207378	
1.176e-08	390	0.0141202	-0.0106937	0.999843	0.746424	0.745621	0.073759	0.0882316	0.00115252	0.0010455	
1.182e-08	392	0.0123124	0.0311855	0.999438	0.747889	0.744878	0.0699055	0.0569499	0.00128372	0.00128043	
1.188e-08	394	0.0462828	-0.0536416	0.997487	0.73534	0.739044	0.063	0.0932478	0.00250716	0.00228456	
1.194e-08	396	-0.0416154	-0.0379893	0.998411	0.735193	0.739828	0.0639382	0.0655132	0.00344376	0.00321976	
1.2e-08	398	0.0151223	-0.0898628	0.995839	0.740265	0.737494	0.055388	0.0696805	0.00205652	0.00166812	
1.206e-08	400	-0.00677082	-0.0162008	0.999846	0.742861	0.736281	0.0555394	0.0450564	0.00105899	0.000952829	
1.212e-08	402	-0.0228562	0.0711153	0.997206	0.728742	0.734542	0.0480951	0.0532358	0.00168358	0.00147734	
1.218e-08	404	0.0873734	0.000186586	0.996176	0.726696	0.732334	0.0758421	0.0847903	0.00162536	0.00161668	
1.224e-08	406	-0.00837963	0.0555299	0.998422	0.72963	0.731439	0.0432377	0.0492552	0.00118223	0.00127223	
1.23e-08	408	-0.0661422	-0.016245	0.997678	0.734328	0.728215	0.0838232	0.0513419	0.0025826	0.00251477	
1.236e-08	410	0.0020259	-0.0659652	0.99782	0.72112	0.727621	0.0452832	0.0463409	0.00187281	0.00188605	
1.242e-08	412	0.0908589	-0.0499693	0.994609	0.718591	0.725221	0.0835176	0.0530107	0.00223227	0.00206399	
1.248e-08	414	-0.0158249	-0.0257101	0.999544	0.719134	0.72206	0.0595845	0.0440563	0.00177822	0.00150821	
1.254e-08	416	0.0485994	-0.0877398	0.994957	0.713567	0.719397	0.0936015	0.12222	0.00310958	0.00255346	
1.26e-08	418	0.0209414	0.0340252	0.999202	0.706026	0.720237	0.0736774	0.0526779	0.00232832	0.00226989	
1.266e-08	420	-0.00332485	0.0436955	0.999039	0.714958	0.717536	0.0737193	0.070651	0.00122083	0.00126476	
1.272e-08	422	0.0112948	0.000634346	0.999936	0.70855	0.715271	0.0576759	0.0693894	0.00217522	0.00203598	
1.278e-08	424	-0.0383498	0.0288817	0.998847	0.715548	0.714575	0.0641948	0.142394	0.00348046	0.00270486	
1.284e-08	426	-0.00851124	-0.0304418	0.9995	0.712122	0.711949	0.140496	0.0878568	0.0031929	0.00267711	
1.29e-08	428	-0.114279	0.0541593	0.991971	0.692894	0.708663	0.0848368	0.0789071	0.00337284	0.00247101	
1.296e-08	430	0.0570592	-0.0191046	0.998188	0.713662	0.709369	0.0553902	0.0802221	0.00179787	0.00156624	
1.302e-08	432	-0.045749	-0.00380172	0.998946	0.706763	0.705489	0.0717014	0.0828749	0.0024376	0.00236333	
1.308e-08	434	0.0631706	0.0537059	0.996557	0.704786	0.703868	0.126766	0.122862	0.00236578	0.00140642	
1.314e-08	436	0.000332112	-0.0538309	0.99855	0.698434	0.700008	0.0824277	0.0644733	0.00388126	0.00334768	
1.32e-08	438	0.0501942	-0.0497634	0.997499	0.692156	0.698607	0.0415155	0.104112	0.00356074	0.0025665	
1.326e-08	440	0.0437965	-0.00890456	0.999001	0.703439	0.698182	0.0748628	0.0354392	0.00115508	0.00113516	
1.332e-08	442	-0.0229393	0.00285779	0.999733	0.695133	0.697411	0.122128	0.0825369	0.00317922	0.0022003	
1.338e-08	444	0.0913358	0.0016623	0.995819	0.708659	0.693016	0.0581898	0.0911017	0.00209629	0.00191925	
1.344e-08	446	0.0358488	0.0133958	0.999267	0.686691	0.692935	0.0615996	0.0704046	0.00233893	0.00249619	
1.35e-08	448	-0.0190936	-0.0557158	0.998264	0.682979	0.691213	0.0903444	0.0495616	0.00247039	0.00275786	
1.356e-08	450	-0.0462592	0.0722962	0.99631	0.678982	0.688315	0.0995165	0.068201	0.00360301	0.00324401	
1.362e-08	452	-0.00586059	-0.0854024	0.996329	0.680317	0.686197	0.0677983	0.0442815	0.00254876	0.00199116	
1.368e-08	454	-0.00962101	0.00704824	0.999929	0.689206	0.685415	0.0712621	0.115055	0.00233924	0.00160555	
1.374e-08	456	0.0148569	-0.0133929	0.9998	0.689511	0.682101	0.0795132	0.0556767	0.00282665	0.00272354	
1.38e-08	458	0.0442413	0.0216553	0.998786	0.671474	0.679627	0.0486266	0.0493791	0.003201	0.00285349	
1.386e-08	460	0.0549147	-0.148772	0.987346	0.675297	0.673706	0.0422954	0.0761219	0.00192746	0.00183071	
1.392e-08	462	0.0137279	-0.0246514	0.999602	0.681889	0.672044	0.109124	0.0482254	0.00444152	0.00374369	
1.398e-08	464	-0.0277333	-0.00887712	0.999576	0.661067	0.674381	0.0479799	0.0787618	0.00330944	0.00313458	
1.404e-08	466	0.020563	0.0154895	0.999669	0.674762	0.67089	0.0806925	0.057133	0.00225683	0.00182243	
1.41e-08	468	0.0460508	-0.0496289	0.997706	0.676879	0.669183	0.0880266	0.0944488	0.00216532	0.00223402	
1.416e-08	470	0.0509451	-0.0118214	0.998631	0.655331	0.666508	0.102244	0.106628	0.00218195	0.00159521	
1.422e-08	472	0.0275282	0.0245221	0.99932	0.667028	0.666862	0.169789	0.0795274	0.00405913	0.00231911	
1.428e-08	474	0.12365	0.0568536	0.990696	0.646626	0.659796	0.103525	0.104022	0.00295024	0.0025572	
1.434e-08	476	-0.0385083	-0.081051	0.995966	0.667854	0.659511	0.0665503	0.0389741	0.00256699	0.00244871	
1.44e-08	478	0.0570907	-0.00835609	0.998334	0.666476	0.658709	0.0671584	0.0929745	0.00275325	0.00225627	
1.446e-08	480	0.00757438	-0.0157249	0.999848	0.652853	0.655071	0.0695663	0.0637647	0.00254389	0.00212822	
1.452e-08	482	0.0563584	0.00665969	0.998388	0.646903	0.652594	0.0747611	0.0508761	0.00335666	0.00304251	
1.458e-08	484	-0.0133549	-0.110009	0.993841	0.658563	0.648328	0.102394	0.0999159	0.00374802	0.00366612	
1.464e-08	486	0.019825	-0.0608743	0.997949	0.650123	0.648773	0.0387277	0.0600781	0.00319658	0.00342557	
1.47e-08	488	0.00900855	-0.041201	0.99911	0.648637	0.648575	0.0670371	0.0599152	0.0020807	0.00210985	
1.476e-08	490	-0.0244394	-0.00177644	0.9997	0.653069	0.643922	0.0605751	0.0429246	0.00307206	0.00317607	
1.482e-08	492	-0.0196073	0.0335642	0.999244	0.647613	0.643339	0.0769409	0.0940161	0.00337786	0.00256692	
1.488e-08	494	0.0263269	-0.0534278	0.998225	0.656836	0.640792	0.0765509	0.0584671	0.00408286	0.00378781	
1.494e-08	496	0.0262169	-0.00185269	0.999655	0.647617	0.638347	0.0849083	0.0545331	0.00445618	0.00429177	
1.5e-08	498	0.00275032	0.0683502	0.997658	0.640581	0.635606	0.0947657	0.0560071	0.00280587	0.00300767	
1.506e-08	500	0.0430157	0.0353769	0.998448	0.632783	0.63126	0.0929465	0.0733623	0.00318745	0.00248529	
1.512e-08	502	-0.0558965	-0.0512881	0.997118	0.637494	0.630636	0.0626555	0.117387	0.00423544	0.0035536	
1.518e-08	504	-0.115116	0.0124113	0.993274	0.629661	0.624502	0.0640347	0.0944909	0.00485033	0.0047481	
1.524e-08	506	0.0574025	-0.0790865	0.995214	0.623021	0.624827	0.0753103	0.0608409	0.00234295	0.00269403	
1.53e-08	508	0.0214458	0.0185914	0.999597	0.618315	0.623809	0.102078	0.0769619	0.00357827	0.00324492	
1.536e-08	510	-0.0972565	-0.0829035	0.9918	0.624146	0.619158	0.0896325	0.0959133	0.00412565	0.00289163	
1.542e-08	512	0.0176056	-0.0796909	0.996664	0.625224	0.614216	0.0858931	0.0831596	0.00305462	0.00300831	
1.548e-08	514	0.008104	0.0134967	0.999876	0.62875	0.617422	0.0384349	0.119686	0.00438996	0.00384373	
1.554e-08	516	0.00942504	-0.0311786	0.999469	0.621154	0.612748	0.0649195	0.0904877	0.00307941	0.00238008	
1.56e-08	518	-0.0339732	-0.069981	0.99697	0.601944	0.610838	0.0713734	0.0792348	0.00474167	0.00446894	
1.566e-08	520	0.0576631	0.00149303	0.998335	0.612741	0.608027	0.0697712	0.083961	0.00435424	0.00368508	
1.572e-08	522	-0.0466522	0.0540382	0.997448	0.616441	0.604627	0.067825	0.0644199	0.00574462	0.00473111	
1.578e-08	524	-0.0879012	-0.0569386	0.994501	0.61066	0.603511	0.0735576	0.0459488	0.00406502	0.00402321	
1.584e-08	526	-0.0596922	-0.109209	0.992225	0.599781	0.596323	0.0887375	0.0528053	0.00629286	0.00620525	
1.59e-08	528	-0.0399497	0.142222	0.989028	0.613902	0.600094	0.0741747	0.0649966	0.00422948	0.00379844	
1.596e-08	530	0.122046	0.0439398	0.991551	0.597372	0.592026	0.100997	0.0377512	0.00266039	0.00255234	
1.602e-08	532	-0.0628353	-0.00212354	0.998022	0.590805	0.592983	0.0674635	0.0743882	0.0052862	0.00531296	
1.608e-08	534	-0.0354112	0.0520231	0.998018	0.59528	0.584693	0.115717	0.0918139	0.00653132	0.00479039	
1.614e-08	536	-0.0535559	-0.0553074	0.997032	0.570201	0.5871	0.0859998	0.0591742	0.00383781	0.00321195	
1.62e-08	538	-0.0218112	-0.0134156	0.999672	0.59448	0.58283	0.0970843	0.0489183	0.00307079	0.00238296	
1.626e-08	540	-0.0462758	-0.0816848	0.995583	0.60319	0.57742	0.0757268	0.0897695	0.00491391	0.00436072	
1.632e-08	542	-0.102956	-0.140808	0.984669	0.591863	0.578333	0.0492259	0.0649986	0.0030731	0.00381356	
1.638e-08	544	-0.00346874	-0.0189979	0.999814	0.574653	0.575559	0.0910705	0.0945449	0.00468016	0.0047041	
1.644e-08	546	-0.0594891	0.0255551	0.997902	0.5814	0.571199	0.0759854	0.0713857	0.00486222	0.00510544	
1.65e-08	548	-0.0530085	0.0904947	0.994485	0.577399	0.567383	0.0573451	0.0855781	0.00475065	0.00393238	
1.656e-08	550	0.00485456	0.147926	0.988987	0.566601	0.563545	0.0451583	0.114997	0.00380663	0.00355443	
1.662e-08	552	0.0705482	0.0995574	0.992528	0.556407	0.565232	0.111561	0.0684077	0.00591869	0.00522957	
1.668e-08	554	0.0722202	0.104741	0.991874	0.55663	0.555144	0.0784109	0.0547046	0.00534081	0.00524702	
1.674e-08	556	0.0482568	0.0607973	0.996983	0.566323	0.554087	0.0814417	0.121056	0.00605543	0.00352666	
1.68e-08	558	-0.0731099	0.0525831	0.995937	0.581442	0.55176	0.0735475	0.0867893	0.00698002	0.00591434	
1.686e-08	560	0.0563927	-0.0108789	0.998349	0.542967	0.54798	0.0934774	0.0911505	0.0028396	0.00322876	
1.692e-08	562	-0.0681168	-0.00542853	0.997663	0.547315	0.546853	0.102448	0.0887189	0.00292227	0.00245117	
1.698e-08	564	0.00527761	0.140861	0.990015	0.532636	0.538227	0.0840641	0.104782	0.00807717	0.00756904	
1.704e-08	566	0.104373	0.113972	0.987986	0.540863	0.539763	0.0552958	0.0619065	0.00360663	0.00349492	
1.71e-08	568	0.0282559	0.111641	0.993347	0.525867	0.538636	0.0620567	0.13573	0.00603442	0.00452401	
1.716e-08	570	-0.0737596	0.0758912	0.994384	0.54799	0.532537	0.101451	0.0278476	0.00642248	0.00579731	
1.722e-08	572	0.0935258	0.0352386	0.994993	0.551998	0.531895	0.101012	0.125053	0.00542997	0.00370668	
1.728e-08	574	0.0306787	-0.119144	0.992403	0.523808	0.52819	0.0863726	0.0462543	0.0048972	0.00339957	
1.734e-08	576	-0.0111149	0.142	0.989804	0.50732	0.51436	0.0713946	0.0773753	0.0116294	0.0118446	
1.74e-08	578	0.00110539	0.134924	0.990855	0.514935	0.5185	0.0704071	0.0817114	0.00901017	0.00669443	
1.746e-08	580	0.0625386	0.00599041	0.998025	0.528399	0.516753	0.135575	0.100797	0.00633278	0.00532323	
1.752e-08	582	0.199175	0.0821091	0.976518	0.526029	0.509924	0.0693555	0.0534343	0.00670442	0.00607891	
1.758e-08	584	-0.0463016	0.00128226	0.998927	0.51255	0.504073	0.122207	0.0968949	0.0039988	0.00352198	
1.764e-08	586	0.0681471	-0.210422	0.975233	0.517543	0.508435	0.0732066	0.128292	0.00881327	0.00715798	
1.77e-08	588	-0.102724	-0.113281	0.988238	0.510903	0.500967	0.0513236	0.0760562	0.00897695	0.00880999	
1.776e-08	590	-0.154158	-0.144332	0.977448	0.491468	0.498869	0.140235	0.0932594	0.00873287	0.00747547	
1.782e-08	592	0.0376227	0.183779	0.982247	0.459115	0.491903	0.0722756	0.122533	0.0069016	0.007902	
1.788e-08	594	-0.034545	0.0235103	0.999127	0.492778	0.489425	0.0676342	0.087782	0.00690614	0.00711508	
1.794e-08	596	-0.0552733	-0.0700642	0.99601	0.455378	0.486101	0.0837494	0.137108	0.00916825	0.00758598	
1.8e-08	598	-0.00488636	-0.0138409	0.999892	0.503554	0.478604	0.146532	0.048475	0.0109734	0.00826835	
1.806e-08	600	-0.0055896	0.0400817	0.999181	0.488969	0.475821	0.0811093	0.0966366	0.00779592	0.00628073	
1.812e-08	602	0.085133	0.11184	0.990073	0.446936	0.463918	0.0517845	0.063823	0.0131756	0.0121089	
1.818e-08	604	-0.0230435	0.101675	0.994551	0.469324	0.473541	0.0603321	0.0896762	0.00888481	0.00754981	
1.824e-08	606	0.0879548	-0.0217274	0.995887	0.462796	0.460071	0.0808775	0.0815869	0.0155845	0.010937	
1.83e-08	608	-0.120335	0.0196683	0.992538	0.46248	0.455677	0.064284	0.124531	0.0136369	0.011253	
1.836e-08	610	-0.00888499	0.0318813	0.999452	0.439712	0.452469	0.0792914	0.0866515	0.00659194	0.00538727	
1.842e-08	612	-0.0500615	-0.0389298	0.997987	0.459552	0.448055	0.0612334	0.104908	0.012561	0.0105748	
1.848e-08	614	0.0650611	0.0293899	0.997448	0.451336	0.449356	0.0702144	0.0906199	0.0143013	0.0122675	
1.854e-08	616	-0.0558319	0.0549793	0.996925	0.442028	0.442965	0.0963586	0.121927	0.00521735	0.00484658	
1.86e-08	618	-0.0891992	-0.0850022	0.99238	0.441677	0.446056	0.0891038	0.126717	0.0130506	0.00911109	
1.866e-08	620	0.103153	0.321456	0.941289	0.432183	0.431914	0.0866115	0.126928	0.0116702	0.009576	
1.872e-08	622	-0.0281522	-0.0897115	0.99557	0.446668	0.429128	0.096749	0.091452	0.0139354	0.0118514	
1.878e-08	624	0.129075	-0.245342	0.960805	0.414076	0.41414	0.0665788	0.073923	0.0141118	0.0148236	
1.884e-08	626	-0.0632275	-0.161877	0.984783	0.421902	0.419344	0.0823244	0.110783	0.0167155	0.0142969	
1.89e-08	628	-0.0175924	-0.174329	0.98453	0.373832	0.415251	0.0785343	0.0844048	0.0155376	0.012775	
1.896e-08	630	-0.0929751	-0.144426	0.985138	0.417861	0.405537	0.0788082	0.0955727	0.0113621	0.0104567	
1.902e-08	632	0.25615	-0.0389501	0.965852	0.380581	0.403871	0.121768	0.0464453	0.0181123	0.0159519	
1.908e-08	634	-0.167934	-0.167444	0.971474	0.404642	0.39548	0.0954261	0.0772025	0.0117525	0.0106058	
1.914e-08	636	-0.0627422	-0.0731183	0.995348	0.408856	0.391371	0.0959171	0.0984975	0.0148295	0.0103378	
1.92e-08	638	0.201321	-0.08355	0.975956	0.367177	0.379299	0.0949414	0.141289	0.012207	0.0103366	
1.926e-08	640	-0.0187253	-0.128234	0.991567	0.397409	0.387332	0.0716034	0.104805	0.0124176	0.0102579	
1.932e-08	642	0.330657	-0.195365	0.923309	0.389393	0.375537	0.125446	0.0727571	0.0150921	0.0119714	
1.938e-08	644	-0.0765491	0.0101199	0.997014	0.348253	0.373497	0.0788054	0.0762999	0.0147118	0.0150995	
1.944e-08	646	-0.23899	0.0698289	0.968508	0.35819	0.36126	0.136622	0.105057	0.00947566	0.00541609	
1.95e-08	648	0.10932	-0.279895	0.953786	0.359275	0.361659	0.0762952	0.0926959	0.0110148	0.00848329	
1.956e-08	650	-0.162547	-0.0518227	0.985339	0.397833	0.356418	0.0656162	0.121593	0.0208611	0.0152787	
1.962e-08	652	-0.217321	0.0470701	0.974965	0.356107	0.354519	0.105998	0.0990065	0.0260606	0.0209823	
1.968e-08	654	0.276969	0.175463	0.944723	0.35759	0.334659	0.0638515	0.103966	0.0155718	0.01335	
1.974e-08	656	0.132685	0.38396	0.913767	0.368617	0.325027	0.0993749	0.112363	0.0324313	0.0288936	
1.98e-08	658	0.304908	-0.126311	0.943968	0.341827	0.331288	0.139735	0.124438	0.0240308	0.0191461	
1.986e-08	660	-0.24733	-0.0617711	0.96696	0.33477	0.311057	0.0933196	0.105191	0.0367394	0.026914	
1.992e-08	662	-0.194461	-0.0369542	0.980214	0.302872	0.314821	0.094301	0.172962	0.0441283	0.0318574	
1.998e-08	664	0.258197	0.0765909	0.963051	0.323624	0.301777	0.168699	0.174866	0.0437115	0.017204	
2.004e-08	666	-0.164661	-0.193941	-0.967095	0.330939	0.289028	0.165105	0.134606	0.644032	0.070804	
2.01e-08	668	0.0581036	-0.0713543	-0.995757	0.36307	0.288583	0.137059	0.115023	0.0422356	0.0322507	
2.016e-08	670	-0.00291169	0.496785	-0.867869	0.222969	0.281922	0.0560277	0.0745977	0.033501	0.0246041	
2.022e-08	672	-0.28051	0.156615	-0.946988	0.295695	0.272066	0.12499	0.129376	0.022585	0.0222657	
2.028e-08	674	0.308216	-0.355194	0.882519	0.238269	0.246323	0.10953	0.130921	1.34044	0.0406561	
2.034e-08	676	-0.201516	-0.0322021	0.978956	0.266571	0.253938	0.0793617	0.0739004	0.0395073	0.0399893	
2.04e-08	678	-0.0573702	-0.26589	0.962295	0.262312	0.235189	0.154926	0.0827079	0.0548906	0.0479409	
2.046e-08	680	-0.18754	0.0686554	0.979855	0.247987	0.234757	0.1014	0.127153	0.0502507	0.0442171	
2.052e-08	682	0.389472	-0.269834	-0.880625	0.253144	0.219938	0.130604	0.0585544	1.26683	0.0732361	
2.058e-08	684	0.538229	0.0303463	0.842252	0.195599	0.201253	0.102368	0.0780999	0.845878	0.0616995	
2.064e-08	686	-0.151795	-0.0170114	-0.988266	0.210818	0.191295	0.151744	0.125348	0.242408	0.0563723	
2.07e-08	688	-0.181366	0.322512	0.929028	0.200338	0.168267	0.119837	0.122627	0.689321	0.102398	
2.076e-08	690	0.992496	0.00304657	-0.12224	0.11983	0.162578	0.155844	0.0959557	0.451611	0.100991	
2.082e-08	692	0.189805	0.272294	-0.943308	0.209351	0.165824	0.101911	0.11407	0.682196	0.0716788	
2.088e-08	694	0.348959	0.382938	-0.855328	0.080286	0.144808	0.165153	0.088866	0.447319	0.0783624	
2.094e-08	696	-0.549637	0.457194	0.699195	0.13155	0.120167	0.11306	0.0742179	0.224007	0.0814247	
2.1e-08	698	-0.668919	0.532391	-0.518755	0.118765	0.137945	0.122384	0.119641	0.347489	0.0419622	
2.106e-08	700	-0.2794	-0.175965	0.943913	0.180773	0.106938	0.0531914	0.0632345	0.24157	0.0461172	
2.112e-08	702	0.125744	0.911674	0.391203	0.121242	0.121187	0.0739911	0.0874299	0.286569	0.0449837	
2.118e-08	704	-0.60456	-0.169962	0.778216	0.0927467	0.092212	0.0499066	0.0891704	0.100115	0.0398881	
2.124e-08	706	0.778933	-0.535498	-0.326351	0.12816	0.0909066	0.0510601	0.0612778	0.104047	0.0340241	
2.13e-08	708	0.783987	-0.376209	0.493793	0.126303	0.102456	0.0811799	0.0512038	0.209429	0.0333776	
2.136e-08	710	0.700152	0.500683	0.509022	0.082676	0.101797	0.0691649	0.0709503	0.205502	0.0414703	
2.142e-08	712	0.951974	-0.24732	-0.180493	0.0787409	0.0810274	0.0510478	0.0731086	0.0946834	0.0316139	
2.148e-08	714	-0.047681	0.227609	0.972585	0.14485	0.0745171	0.0462812	0.0688259	0.0764878	0.0293293	
2.154e-08	716	0.09605	-0.945825	-0.310143	0.0990935	0.0766405	0.0300371	0.0588239	0.103113	0.0301804	
2.16e-08	718	0.716883	-0.110755	0.688341	0.0400061	0.0783614	0.0379723	0.0740014	0.094338	0.0294718	
2.166e-08	720	-0.234317	-0.95771	0.166996	0.0544655	0.0742462	0.054195	0.0444264	0.0669376	0.0138727	
2.172e-08	722	0.628098	-0.65576	0.418893	0.0721863	0.0701297	0.0437469	0.0369	0.102398	0.0416782	
2.178e-08	724	-0.599303	0.218876	-0.770019	0.0664769	0.0693081	0.0387103	0.0350734	0.0891967	0.026747	
2.184e-08	726	-0.728313	-0.469084	-0.49952	0.114439	0.0667247	0.0546804	0.0305501	0.0564036	0.0185241	
2.19e-08	728	0.622816	-0.216424	-0.751838	0.0923596	0.0672527	0.0475925	0.0356949	0.0652194	0.0182108	
2.196e-08	730	0.492093	-0.096847	0.865139	0.112233	0.0599689	0.0180463	0.0348093	0.0662124	0.0157035	
2.202e-08	732	0.470664	-0.443143	-0.762954	0.0649618	0.0654046	0.0241627	0.0370343	0.0609236	0.0112001	
2.208e-08	734	-0.585555	-0.208321	-0.783408	0.0440212	0.0562283	0.0467134	0.0299548	0.0263791	0.0131797	
2.214e-08	736	0.519497	0.189013	-0.833305	0.0442093	0.0557583	0.0354787	0.031912	0.0339304	0.0129004	
2.22e-08	738	0.884523	-0.437428	0.162098	0.0431156	0.0527946	0.0290855	0.0172883	0.0409192	0.0144189	
2.226e-08	740	-0.709678	0.578625	0.401933	0.047783	0.0530694	0.0155101	0.0355695	0.0452071	0.0191376	
2.232e-08	742	-0.812481	-0.015106	0.582791	0.0532489	0.0541592	0.030276	0.0247981	0.0358211	0.0126879	
2.238e-08	744	-0.796226	-0.431986	0.423572	0.0223734	0.0514038	0.0237157	0.03078	0.0261078	0.013288	
2.244e-08	746	0.982325	0.186071	0.0203581	0.0689052	0.0516293	0.0315815	0.0223167	0.0303451	0.0148388	
2.25e-08	748	0.102833	-0.0183362	-0.99453	0.0818928	0.0568802	0.0352312	0.0189669	0.0477452	0.0164515	
2.256e-08	750	0.0218258	-0.694919	0.718757	0.0402153	0.0514225	0.0241613	0.0333063	0.0277353	0.0112101	
2.262e-08	752	-0.925065	-0.0517542	0.376266	0.0512099	0.0470717	0.0262377	0.0185286	0.0256505	0.0121267	
2.268e-08	754	0.629956	0.534949	-0.563014	0.0290076	0.0520174	0.0208982	0.0341625	0.0327003	0.0124576	
2.274e-08	756	0.788224	-0.311217	0.530892	0.0848459	0.0458059	0.0266977	0.0165259	0.0255821	0.0107863	
2.28e-08	758	-0.000595684	0.993726	0.111839	0.0473219	0.0440841	0.010693	0.0258982	0.0228905	0.0111947	
2.286e-08	760	0.730336	-0.601856	-0.323077	0.0157918	0.0431101	0.0207999	0.0175165	0.0223253	0.0119633	
2.292e-08	762	-0.765473	-0.197493	0.612412	0.0511994	0.0470593	0.0246092	0.0148851	0.0294051	0.0104646	
2.298e-08	764	-0.803699	-0.480343	-0.351195	0.0306665	0.0393817	0.00967707	0.0191999	0.0164682	0.0046918	
2.304e-08	766	-0.332276	-0.436039	-0.836339	0.0425814	0.0469898	0.0175183	0.0235362	0.0290049	0.00959941	
2.31e-08	768	0.324019	0.068623	-0.943558	0.0753522	0.0422859	0.0133086	0.0232241	0.0166984	0.0107932	
2.316e-08	770	0.00440057	0.720002	-0.693958	0.0427946	0.0456175	0.0120047	0.0210327	0.0239277	0.0109647	
2.322e-08	772	-0.148121	0.817531	0.556509	0.0367245	0.0406079	0.0112322	0.0200734	0.017971	0.00571503	
2.328e-08	774	-0.976793	0.209125	0.0462756	0.0636797	0.0431137	0.0244492	0.01342	0.0231341	0.0105759	
2.334e-08	776	0.925146	0.168688	-0.340074	0.0553124	0.0371389	0.0120906	0.0112001	0.0175073	0.00550793	
2.34e-08	778	-0.874309	-0.364694	-0.320283	0.0415934	0.044724	0.0293695	0.0147137	0.0156718	0.00863055	
2.346e-08	780	-0.9845	-0.100344	0.143843	0.0120812	0.0410436	0.0135101	0.00888085	0.0238925	0.00721029	
2.352e-08	782	0.80608	-0.591769	-0.00672106	0.037192	0.037938	0.0151302	0.011044	0.0186853	0.006629	
2.358e-08	784	-0.113582	-0.837031	0.535236	0.0316918	0.0364736	0.0138911	0.0118422	0.0158524	0.00673459	
2.364e-08	786	0.643364	-0.752655	-0.139978	0.0367173	0.0384083	0.0125921	0.0202135	0.0104365	0.00676142	
2.37e-08	788	0.0457853	-0.942342	-0.331504	0.0086255	0.0369106	0.0126931	0.011165	0.0196693	0.00715847	
2.376e-08	790	-0.538474	0.711364	0.451671	0.0269969	0.0367834	0.0152066	0.0112258	0.0139017	0.00592809	
2.382e-08	792	0.411659	0.730261	-0.545212	0.0388637	0.0413462	0.0131175	0.0178905	0.0155883	0.00637907	
2.388e-08	794	-0.0389703	0.358351	-0.932773	0.0570352	0.044082	0.00929856	0.023217	0.0256361	0.00821658	
2.394e-08	796	-0.421906	-0.805947	-0.415265	0.0491152	0.0331893	0.0102535	0.0139527	0.00927127	0.00529684	
2.4e-08	798	0.742211	-0.399671	0.537946	0.0185924	0.0344683	0.00772873	0.0131124	0.0152404	0.00631671	
2.406e-08	800	0.319475	0.895757	-0.309121	0.0295	0.03477	0.00889805	0.0116511	0.0145415	0.00416552	
2.412e-08	802	0.512604	-0.350426	0.783861	0.0321343	0.0379082	0.0147836	0.0129021	0.013205	0.0039893	
2.418e-08	804	0.715693	0.632074	-0.297095	0.0281826	0.0362054	0.00746284	0.0117794	0.0191119	0.00506881	
2.424e-08	806	0.950121	-0.133678	-0.281782	0.026286	0.0342101	0.0119236	0.0125869	0.0113834	0.0075161	
2.43e-08	808	0.787799	0.433666	0.437387	0.0386307	0.0309808	0.0113731	0.00542204	0.0118365	0.00494949	
2.436e-08	810	-0.517192	-0.0974743	0.850301	0.0397144	0.0345419	0.0114184	0.0120062	0.0117293	0.00573223	
2.442e-08	812	0.404213	0.914524	-0.0160388	0.0476584	0.0311399	0.0123825	0.0082865	0.00866385	0.0051313	
2.448e-08	814	0.00559402	-0.0915897	-0.995781	0.0325768	0.0317709	0.00743106	0.00715145	0.0150837	0.00475285	
2.454e-08	816	-0.0928187	-0.339242	0.936109	0.0219442	0.0347328	0.0153894	0.00794407	0.0091827	0.00415285	
2.46e-08	818	0.161972	0.530058	0.832348	0.0272963	0.033902	0.00620536	0.0160841	0.0127215	0.00654396	
2.466e-08	820	0.13776	-0.786058	-0.602607	0.0247883	0.0348252	0.00739974	0.0144514	0.0120454	0.003721	
2.472e-08	822	0.0325983	-0.13663	-0.990086	0.0382104	0.0300299	0.00861249	0.0085789	0.00960149	0.00379094	
2.478e-08	824	-0.583975	-0.0291615	-0.811248	0.0238817	0.0324716	0.00983603	0.00744432	0.012533	0.00321555	
2.484e-08	826	-0.70602	0.205872	-0.677608	0.0538285	0.0308103	0.0092966	0.0086779	0.00910875	0.00424191	
2.49e-08	828	0.836237	-0.294001	-0.462893	0.0200228	0.0299099	0.00933516	0.0081533	0.00864402	0.00412742	
2.496e-08	830	0.288414	0.874496	0.389968	0.0267047	0.0327164	0.010148	0.007298	0.0121455	0.0029522	
2.502e-08	832	-0.340698	-0.521043	-0.782585	0.0411882	0.0331936	0.00635971	0.0127534	0.0123156	0.00496855	
2.508e-08	834	-0.00387083	0.913985	0.405729	0.0265081	0.0306832	0.0109281	0.0107321	0.0070819	0.00518838	
2.514e-08	836	0.54587	-0.695059	0.467887	0.0284168	0.0298051	0.00867588	0.0110012	0.00655117	0.0039525	
2.52e-08	838	0.701714	0.639888	0.313273	0.00983551	0.0262206	0.00816916	0.00593779	0.00555374	0.00292452	
2.526e-08	840	-0.632136	0.161431	-0.757855	0.0442775	0.0304465	0.00869484	0.00505117	0.0118411	0.003156	
2.532e-08	842	0.764965	-0.643227	-0.032979	0.0322216	0.0299014	0.00808084	0.00847941	0.00671568	0.00295902	
2.538e-08	844	-0.526803	0.28872	0.799449	0.0108407	0.0273374	0.00544925	0.00932379	0.00668525	0.00299311	
2.544e-08	846	0.252399	-0.937219	-0.240658	0.016545	0.0302053	0.00757911	0.00915083	0.00792915	0.00381419	
2.55e-08	848	-0.86718	-0.244126	-0.434052	0.0265095	0.0333173	0.00851736	0.0117564	0.00900456	0.00296093	
2.556e-08	850	0.803932	0.366391	-0.468457	0.0235006	0.0275435	0.0072741	0.00406418	0.00936974	0.00281046	
2.562e-08	852	-0.45534	0.488813	0.744129	0.0237088	0.0259781	0.00760994	0.00523899	0.00578738	0.00330174	
2.568e-08	854	-0.20924	-0.687645	0.695243	0.0161715	0.0287799	0.00446847	0.00902382	0.0104288	0.00411259	
2.574e-08	856	-0.0466797	-0.504377	-0.862221	0.0174127	0.0269497	0.00546277	0.010001	0.00481151	0.00322968	
2.58e-08	858	0.758842	0.489541	0.429544	0.00386985	0.024164	0.00405214	0.00650159	0.00686095	0.0034124	
2.586e-08	860	-0.891516	-0.144347	0.429376	0.0454111	0.0269082	0.00746977	0.00647935	0.00626971	0.00290287	
2.592e-08	862	-0.614117	-0.131732	-0.778144	0.0267495	0.0281053	0.00886714	0.00657289	0.00613995	0.00292371	
2.598e-08	864	0.955453	0.29487	-0.0126654	0.0161152	0.0279147	0.00486199	0.00786377	0.00915828	0.0032663	
2.604e-08	866	-0.777898	-0.580181	0.241383	0.0368602	0.0286103	0.00615469	0.00676068	0.00739798	0.00277475	
2.61e-08	868	0.42914	-0.198708	-0.88111	0.0306675	0.0236269	0.00291475	0.00423241	0.00785888	0.00184858	
2.616e-08	870	-0.508376	0.800496	-0.317427	0.0302689	0.0262089	0.00691937	0.00525993	0.0078511	0.00445719	
2.622e-08	872	-0.0726666	0.861262	0.502939	0.0381478	0.0277356	0.00867732	0.00476207	0.00838634	0.00416401	
2.628e-08	874	0.564577	-0.4668	-0.680699	0.0337958	0.02943	0.00830804	0.00692192	0.00797032	0.00289354	
2.634e-08	876	-0.501283	0.860162	-0.0940014	0.028294	0.0259125	0.00508133	0.00591227	0.00603135	0.00192227	
2.64e-08	878	-0.0973162	0.959646	-0.263835	0.0204781	0.0244799	0.00410985	0.00607308	0.00678246	0.00273461	
2.646e-08	880	-0.244796	-0.289105	0.925469	0.040562	0.0249596	0.00705615	0.00427474	0.0059282	0.00250883	
2.652e-08	882	0.70867	0.457724	0.536913	0.0377196	0.0244357	0.00407769	0.00746685	0.0043791	0.00198957	
2.658e-08	884	0.229362	0.957539	-0.174674	0.0238141	0.0264298	0.0045493	0.00590055	0.00764663	0.002489	
2.664e-08	886	0.315188	0.947018	-0.0617528	0.0090007	0.0242222	0.00524885	0.00437288	0.00635682	0.00249985	
2.67e-08	888	-0.986615	-0.15257	0.0575527	0.00780027	0.0253693	0.00682886	0.0054624	0.00578597	0.00286526	
2.676e-08	890	-0.792865	0.491312	-0.360523	0.0100981	0.0253623	0.00659911	0.00457321	0.0058461	0.00294413	
2.682e-08	892	0.730032	0.168729	-0.662256	0.022373	0.025496	0.00254793	0.00846846	0.00595979	0.00249829	
2.688e-08	894	0.176824	-0.300464	-0.937259	0.0348514	0.0248552	0.00445543	0.00466982	0.00620375	0.0022029	
2.694e-08	896	0.891741	-0.0854691	0.444402	0.0105831	0.0220284	0.00547928	0.004474	0.00288617	0.00153899	
2.7e-08	898	-0.820617	-0.503535	-0.270261	0.0334141	0.024332	0.00425045	0.00647694	0.00489224	0.00240812	
2.706e-08	900	-0.983388	-0.15033	0.101729	0.0366442	0.026506	0.00527053	0.00678032	0.00640462	0.00232564	
