#----------------------------------------------------------------------------------------------------------------------------------------------------------
# Output file for vampire simulation
#   time       : 2024-08-29 04:56:23     process id : 4009498
#   hostname   : node120.viking2.yor.alces.network
#   path       : /users/ky883/parameter/WS_dia5/AI_Dataset/size_10.0_10.0_5.0/Temp_900/random_1
#----------------------------------------------------------------------------------------------------------------------------------------------------------
6e-11	0	-0.00465718	0.00801694	0.999957	0.999884	0.999852	0	0	0	0	
1.2e-10	2	-0.000961281	0.00160624	0.999998	0.998949	0.998955	0.0446793	0.0523591	4.28304e-06	4.66681e-06	
1.8e-10	4	-0.00387613	-0.00439804	0.999983	0.997961	0.99792	0.081507	0.0561786	1.48224e-05	1.27107e-05	
2.4e-10	6	-0.00115609	-0.0100922	0.999948	0.99684	0.996862	0.0594498	0.0634943	1.55812e-05	1.47723e-05	
3e-10	8	0.00315503	-0.00111961	0.999994	0.995772	0.995812	0.0411929	0.0366235	1.73001e-05	1.51648e-05	
3.6e-10	10	-0.00596368	0.006369	0.999962	0.994761	0.994758	0.0628564	0.0265182	1.77725e-05	1.7074e-05	
4.2e-10	12	-0.00655777	0.00335226	0.999973	0.993703	0.993729	0.100148	0.0599199	2.16316e-05	1.9535e-05	
4.8e-10	14	0.00123571	-0.00324437	0.999994	0.992632	0.99261	0.0823244	0.0609429	3.04628e-05	2.93257e-05	
5.4e-10	16	-0.00134974	-0.000761044	0.999999	0.991447	0.991565	0.0575427	0.0634674	3.70112e-05	3.62506e-05	
6e-10	18	-0.00592014	0.00342267	0.999977	0.990113	0.990523	0.0369088	0.0578022	4.9807e-05	4.76784e-05	
6.6e-10	20	-0.00104274	0.00664499	0.999977	0.989285	0.989482	0.0620803	0.0612592	5.67161e-05	5.71625e-05	
7.2e-10	22	0.00446958	0.00244142	0.999987	0.988292	0.988402	0.0480336	0.0437699	3.75215e-05	3.7139e-05	
7.8e-10	24	0.00333407	-0.00299158	0.99999	0.987438	0.987373	0.0261616	0.0381663	3.63131e-05	3.22132e-05	
8.4e-10	26	-0.00220297	0.00295413	0.999993	0.986539	0.986327	0.0436047	0.0309613	5.58393e-05	5.57489e-05	
9e-10	28	-0.00505973	0.0052624	0.999973	0.985307	0.985254	0.0572754	0.0518796	6.06183e-05	6.27939e-05	
9.6e-10	30	0.000130688	0.00653232	0.999979	0.984557	0.984129	0.0343665	0.0523156	8.0378e-05	7.86936e-05	
1.02e-09	32	0.00702453	-0.00728803	0.999949	0.98291	0.983101	0.049245	0.0494867	5.12023e-05	4.6547e-05	
1.08e-09	34	0.00314938	-0.00481473	0.999983	0.981712	0.982055	0.0477014	0.0382959	4.4156e-05	4.38473e-05	
1.14e-09	36	-0.000243182	-0.00945884	0.999955	0.98064	0.98098	0.0435637	0.0469697	9.19453e-05	9.45109e-05	
1.2e-09	38	-0.0049625	-0.0033711	0.999982	0.980077	0.979829	0.0566919	0.0542133	7.1566e-05	6.59529e-05	
1.26e-09	40	0.0145721	0.0115408	0.999827	0.978873	0.978752	0.0405079	0.0617029	8.99139e-05	6.88543e-05	
1.32e-09	42	0.0089571	0.00714596	0.999934	0.977392	0.977615	0.0477203	0.0476311	7.5944e-05	7.88062e-05	
1.38e-09	44	-0.00889267	0.00894319	0.99992	0.9769	0.976698	0.0669504	0.0319894	6.34956e-05	5.85071e-05	
1.44e-09	46	0.00535276	0.00264931	0.999982	0.975105	0.975638	0.0283946	0.0577679	9.25021e-05	9.79129e-05	
1.5e-09	48	0.00605082	0.0205813	0.99977	0.974256	0.974419	0.0336541	0.0626181	5.91023e-05	4.64585e-05	
1.56e-09	50	-0.0105183	0.0139337	0.999848	0.973395	0.97324	0.0496405	0.0467856	8.39728e-05	7.83583e-05	
1.62e-09	52	0.0154808	-0.0139066	0.999783	0.971911	0.972214	0.0403699	0.0707867	0.000103257	9.86944e-05	
1.68e-09	54	0.00861087	-0.0111351	0.999901	0.971717	0.971189	0.0779795	0.0469453	0.000147311	0.000120149	
1.74e-09	56	0.0132883	0.00251684	0.999909	0.970313	0.97017	0.046594	0.0403161	0.000133199	0.000121321	
1.8e-09	58	-0.00420674	0.00836736	0.999956	0.968912	0.968925	0.0536513	0.0470106	0.000122204	0.000121272	
1.86e-09	60	-0.00224669	-0.0102224	0.999945	0.967998	0.967858	0.0921844	0.0448013	0.000123931	0.000113074	
1.92e-09	62	0.0150808	0.00057887	0.999886	0.965983	0.966795	0.0511525	0.0396034	0.000100396	9.3898e-05	
1.98e-09	64	-0.00875711	0.00973763	0.999914	0.966464	0.965678	0.0554163	0.0770582	0.000198167	0.000182653	
2.04e-09	66	0.00299585	0.0156304	0.999873	0.964572	0.964562	0.0565763	0.0474006	0.000142511	0.000134961	
2.1e-09	68	0.00711275	-0.00541703	0.99996	0.963735	0.963534	0.0660354	0.0708359	0.000109517	0.000100126	
2.16e-09	70	0.0223516	0.00359035	0.999744	0.962524	0.962318	0.0847105	0.0565776	0.000110076	0.000107439	
2.22e-09	72	-0.0140015	-0.00357304	0.999896	0.961648	0.961405	0.0783587	0.0464933	0.000165893	0.000147093	
2.28e-09	74	0.00266625	-0.00954316	0.999951	0.960188	0.960351	0.0505285	0.057208	0.000175664	0.000167288	
2.34e-09	76	0.00474634	-0.00875558	0.99995	0.95895	0.958959	0.0489447	0.0334827	0.000122106	0.000123627	
2.4e-09	78	-0.0030373	-0.00217638	0.999993	0.95786	0.957763	0.0766778	0.0364461	0.000182925	0.000153052	
2.46e-09	80	0.00884657	-0.0190858	0.999779	0.957221	0.956804	0.0556665	0.0461603	0.000124469	9.79562e-05	
2.52e-09	82	-0.0161631	-0.0024945	0.999866	0.954774	0.955639	0.0775876	0.0588185	0.000264931	0.000215291	
2.58e-09	84	0.0159903	0.00519096	0.999859	0.954354	0.954592	0.0346925	0.0248861	0.000273376	0.000276598	
2.64e-09	86	-0.0271099	-0.0260505	0.999293	0.952811	0.9535	0.0681886	0.0429717	0.000290556	0.000250612	
2.7e-09	88	0.0315787	-0.0239874	0.999213	0.952581	0.952309	0.0674639	0.0439831	0.000149381	0.000135128	
2.76e-09	90	0.0272909	-0.0229662	0.999364	0.95174	0.950985	0.0527411	0.0482004	0.000265751	0.000259678	
2.82e-09	92	0.00870865	-0.00213433	0.99996	0.950233	0.95026	0.0433501	0.0645428	0.000112568	0.000119349	
2.88e-09	94	-0.00733508	-0.0149135	0.999862	0.94864	0.948761	0.0309197	0.0622994	0.00028818	0.000281219	
2.94e-09	96	-0.0151343	-0.00952648	0.99984	0.947109	0.947761	0.0941721	0.0712769	0.000256553	0.000250767	
3e-09	98	-0.007489	-0.00274168	0.999968	0.947067	0.946657	0.0494232	0.0446273	0.000233039	0.000231824	
3.06e-09	100	-0.0294293	-0.0171201	0.99942	0.944575	0.945233	0.0359407	0.0680209	0.000386881	0.000354598	
3.12e-09	102	-0.0103399	-0.0154479	0.999827	0.943584	0.944387	0.0529291	0.0670291	0.000192934	0.000166013	
3.18e-09	104	0.0124323	0.00938415	0.999879	0.942074	0.943328	0.0460283	0.0718815	0.000373302	0.00037473	
3.24e-09	106	0.000962372	0.0244708	0.9997	0.943649	0.941956	0.041596	0.063787	0.000332243	0.000332558	
3.3e-09	108	-0.0299139	0.00224479	0.99955	0.942424	0.941389	0.0531514	0.0560339	0.000143125	0.000134462	
3.36e-09	110	-0.0268612	0.026555	0.999286	0.939642	0.939747	0.0599689	0.0596985	0.000241376	0.000238445	
3.42e-09	112	0.0169335	0.0039309	0.999849	0.937392	0.93867	0.0643386	0.0640872	0.00029909	0.000277262	
3.48e-09	114	-0.0112297	-0.0105739	0.999881	0.937835	0.937293	0.0697128	0.0574162	0.000256622	0.000175725	
3.54e-09	116	-0.0250735	-0.0102622	0.999633	0.935075	0.936074	0.0621283	0.0299399	0.000365723	0.000372385	
3.6e-09	118	-0.015233	-0.00471296	0.999873	0.93412	0.934681	0.0290312	0.034344	0.000483459	0.000501655	
3.66e-09	120	0.00116705	0.00197206	0.999997	0.93262	0.933683	0.105775	0.0452698	0.000280544	0.000237738	
3.72e-09	122	-0.00399508	-0.00760729	0.999963	0.932517	0.933138	0.0669908	0.049664	0.000294438	0.000281857	
3.78e-09	124	-0.0150674	-0.00584638	0.999869	0.93186	0.932053	0.0898947	0.0493214	0.000320956	0.000332001	
3.84e-09	126	-0.0138923	0.0164246	0.999769	0.929338	0.930307	0.0455035	0.0708092	0.000340467	0.000297287	
3.9e-09	128	0.0197062	0.0131798	0.999719	0.928447	0.92906	0.055526	0.0622044	0.000316652	0.000305586	
3.96e-09	130	-4.8784e-05	0.000301482	1	0.92829	0.928057	0.0641479	0.0526188	0.000217431	0.000196999	
4.02e-09	132	-0.00324452	0.0157966	0.99987	0.928075	0.926671	0.0495406	0.0420329	0.000291984	0.000306662	
4.08e-09	134	0.0131125	0.000734677	0.999914	0.926393	0.925891	0.0497978	0.0619858	0.000475552	0.000476172	
4.14e-09	136	0.0259733	6.84585e-06	0.999663	0.923092	0.924645	0.0683289	0.0736092	0.000265702	0.000297807	
4.2e-09	138	-0.00541315	0.0013223	0.999984	0.923666	0.923428	0.0652975	0.0437475	0.000271189	0.000284967	
4.26e-09	140	-0.0495442	0.00799564	0.99874	0.923287	0.922365	0.0616809	0.0716015	0.000414783	0.000405076	
4.32e-09	142	0.0207615	0.00268518	0.999781	0.921489	0.921135	0.0670381	0.0391749	0.000248031	0.000221344	
4.38e-09	144	-0.00776168	0.00365278	0.999963	0.918481	0.92045	0.0445986	0.0404955	0.000317943	0.000325183	
4.44e-09	146	0.0502677	-0.00513863	0.998723	0.917407	0.918523	0.0816124	0.0787919	0.000385148	0.000315292	
4.5e-09	148	0.0226348	-0.00392403	0.999736	0.916354	0.917221	0.0781232	0.0853438	0.000332036	0.000252656	
4.56e-09	150	-0.00871122	0.00541768	0.999947	0.915502	0.916597	0.0300412	0.0704058	0.000463835	0.000451481	
4.62e-09	152	0.0127284	-0.0353403	0.999294	0.915145	0.915055	0.0530122	0.0607591	0.000413593	0.000430617	
4.68e-09	154	-0.0265848	-0.00901182	0.999606	0.912387	0.913325	0.0599842	0.0642631	0.000296454	0.000321725	
4.74e-09	156	-0.0360271	0.0133125	0.999262	0.912627	0.912922	0.0435696	0.0658014	0.000369508	0.000383074	
4.8e-09	158	-0.0195558	0.0251801	0.999492	0.912786	0.911659	0.0581463	0.0559119	0.000320747	0.000344668	
4.86e-09	160	0.0113595	0.0105643	0.99988	0.908924	0.910161	0.0741867	0.0580957	0.000281993	0.000222253	
4.92e-09	162	-0.0474552	-0.00893549	0.998833	0.908032	0.909521	0.0656893	0.0628697	0.000327383	0.00029255	
4.98e-09	164	-0.0110233	0.00189061	0.999937	0.907107	0.907911	0.0493768	0.0335911	0.000523362	0.000541801	
5.04e-09	166	-0.0263206	0.0205096	0.999443	0.907065	0.906961	0.0887641	0.127743	0.000462957	0.000362503	
5.1e-09	168	0.00592569	-0.00610965	0.999964	0.90588	0.905682	0.0509173	0.0553682	0.000600395	0.0005881	
5.16e-09	170	0.0150403	-0.0276817	0.999504	0.906909	0.904347	0.0961282	0.0811653	0.000677665	0.000491537	
5.22e-09	172	-0.00485813	0.0192851	0.999802	0.902031	0.90299	0.0453281	0.0651196	0.000490298	0.000464528	
5.28e-09	174	0.0359989	0.00931927	0.999308	0.902694	0.901384	0.0618013	0.056429	0.000378226	0.000396639	
5.34e-09	176	-0.0191433	-0.0128243	0.999735	0.89884	0.900564	0.0494427	0.0612481	0.000575127	0.000531403	
5.4e-09	178	-0.0186906	-0.00434758	0.999816	0.901965	0.899735	0.101585	0.0593794	0.000533672	0.000480313	
5.46e-09	180	-0.0446496	-0.00669513	0.99898	0.900528	0.897836	0.0821176	0.0687268	0.000686836	0.000593957	
5.52e-09	182	0.0167782	0.00108506	0.999859	0.896337	0.896824	0.0462549	0.0660784	0.000445329	0.000454477	
5.58e-09	184	-0.011725	-0.0023499	0.999928	0.894086	0.895919	0.0388444	0.0406852	0.000286676	0.000312178	
5.64e-09	186	-0.018044	-0.0133853	0.999748	0.893656	0.894793	0.0515545	0.0725482	0.000521245	0.00046832	
5.7e-09	188	-0.0203431	-0.0223798	0.999543	0.896846	0.892517	0.0720415	0.0740487	0.000801702	0.000727802	
5.76e-09	190	0.0094135	0.0140676	0.999857	0.889825	0.891792	0.0719984	0.0392963	0.000524133	0.000515523	
5.82e-09	192	0.0113034	-0.0201465	0.999733	0.890078	0.890656	0.0423279	0.090235	0.000413214	0.00039248	
5.88e-09	194	-0.00363369	0.00256179	0.99999	0.889852	0.889057	0.049527	0.0429161	0.000433064	0.000344771	
5.94e-09	196	-0.00900954	-0.0148741	0.999849	0.887531	0.887504	0.0522207	0.0323659	0.000651744	0.000615388	
6e-09	198	-0.0458246	0.0111081	0.998888	0.885933	0.886765	0.0706661	0.0922473	0.000557519	0.000518203	
6.06e-09	200	-0.0293391	-0.00591506	0.999552	0.88338	0.885184	0.0554132	0.0895384	0.000457674	0.000396551	
6.12e-09	202	0.0107549	-0.0170205	0.999797	0.884929	0.883835	0.0632699	0.0637619	0.000621869	0.0005103	
6.18e-09	204	-0.00563622	0.00309552	0.999979	0.882846	0.882857	0.0548664	0.0610515	0.000870847	0.000724782	
6.24e-09	206	-0.0044021	-0.00358094	0.999984	0.883113	0.882516	0.0695653	0.100235	0.00033023	0.000289276	
6.3e-09	208	-0.0040508	-0.00696822	0.999968	0.880725	0.880666	0.0380607	0.0586508	0.000656895	0.000647118	
6.36e-09	210	0.0149363	0.0235632	0.999611	0.882201	0.879564	0.0566547	0.07625	0.000518874	0.000538314	
6.42e-09	212	-0.0253009	0.0059544	0.999662	0.876249	0.877354	0.0645986	0.0736599	0.000625982	0.000462538	
6.48e-09	214	-0.00133226	-0.0460088	0.99894	0.877499	0.876489	0.0448856	0.125927	0.000569254	0.000628253	
6.54e-09	216	-0.0112431	0.0229625	0.999673	0.87577	0.875236	0.061714	0.0783477	0.000657933	0.000672184	
6.6e-09	218	0.003451	-0.0480811	0.998837	0.871527	0.873745	0.0332375	0.048992	0.000566837	0.000557014	
6.66e-09	220	0.00849014	0.0410265	0.999122	0.873303	0.872079	0.0596202	0.0441296	0.000779325	0.000696484	
6.72e-09	222	-0.0015287	0.0368598	0.999319	0.870093	0.871729	0.0982896	0.0563718	0.000783548	0.000775181	
6.78e-09	224	0.0188645	0.0121301	0.999748	0.867479	0.869325	0.047796	0.0442285	0.000449024	0.00041952	
6.84e-09	226	-0.0423723	0.018382	0.998933	0.869019	0.867726	0.0799591	0.118551	0.000593045	0.000452592	
6.9e-09	228	0.0271652	0.0157317	0.999507	0.865438	0.866757	0.0694531	0.0753721	0.00079464	0.000721748	
6.96e-09	230	0.0661865	0.0393027	0.997033	0.865592	0.86592	0.125157	0.0635175	0.000796264	0.000760195	
7.02e-09	232	-0.0542091	-0.0413208	0.997674	0.859054	0.865369	0.068648	0.0330516	0.000917875	0.000760178	
7.08e-09	234	0.0501455	0.0414362	0.997882	0.868998	0.863384	0.0502123	0.0857318	0.000613919	0.000641989	
7.14e-09	236	0.0330105	-0.00912283	0.999413	0.861924	0.861593	0.0429741	0.0454525	0.000482316	0.000499722	
7.2e-09	238	-0.0206604	-0.0181473	0.999622	0.858911	0.86042	0.0526467	0.0529546	0.000619763	0.000683511	
7.26e-09	240	-0.0215298	-0.0207508	0.999553	0.858971	0.859802	0.0726715	0.0866412	0.000709386	0.000691925	
7.32e-09	242	-0.0179765	-0.012522	0.99976	0.864237	0.857487	0.053867	0.0769893	0.00128922	0.00115225	
7.38e-09	244	0.0107551	0.0091259	0.999901	0.854478	0.856973	0.0671499	0.0457757	0.000425782	0.000382733	
7.44e-09	246	-0.00998605	-0.000599607	0.99995	0.860274	0.855786	0.0495842	0.0507754	0.000872875	0.000834033	
7.5e-09	248	0.0203601	0.0418463	0.998917	0.853542	0.853765	0.0545385	0.0491441	0.000786706	0.000747564	
7.56e-09	250	-0.018152	-0.0159743	0.999708	0.852753	0.852478	0.0630329	0.0494686	0.000867807	0.000766723	
7.62e-09	252	0.00658916	-0.0147214	0.99987	0.854786	0.851565	0.0687497	0.0835588	0.000816236	0.000702246	
7.68e-09	254	0.0352739	0.00400163	0.99937	0.853048	0.84954	0.0933981	0.072004	0.00108675	0.000802645	
7.74e-09	256	0.00877064	0.0158305	0.999836	0.84939	0.848517	0.0569854	0.056307	0.000635841	0.000515433	
7.8e-09	258	-0.0154187	0.00724722	0.999855	0.8458	0.847234	0.0601588	0.068044	0.000906564	0.000783074	
7.86e-09	260	-0.0283855	0.026813	0.999237	0.844017	0.845664	0.0575524	0.0500581	0.00093951	0.000810551	
7.92e-09	262	-0.0288733	-0.0376113	0.998875	0.847917	0.844794	0.0410871	0.0551364	0.00077072	0.000728564	
7.98e-09	264	0.0109029	-0.0131425	0.999854	0.838426	0.842983	0.0515845	0.0583909	0.00101926	0.000923658	
8.04e-09	266	-0.0144162	-0.0219745	0.999655	0.839817	0.84164	0.0676631	0.0546363	0.000676958	0.000656756	
8.1e-09	268	-0.0347757	-0.0235348	0.999118	0.842422	0.840525	0.0707266	0.0757373	0.000793984	0.00075588	
8.16e-09	270	-0.00709869	-0.0745399	0.997193	0.836283	0.838666	0.0983347	0.0632744	0.000769733	0.000709907	
8.22e-09	272	-0.0033223	-0.0522836	0.998627	0.836056	0.83759	0.0717251	0.0641242	0.00111352	0.00100166	
8.28e-09	274	-0.0166785	0.00716091	0.999835	0.836871	0.836613	0.0824997	0.0553154	0.00158532	0.00132935	
8.34e-09	276	-0.0081195	-0.0140964	0.999868	0.832522	0.834682	0.0531211	0.0800786	0.000724084	0.000666301	
8.4e-09	278	0.0184992	0.0317972	0.999323	0.835955	0.83451	0.08204	0.0609983	0.000560434	0.000573605	
8.46e-09	280	-0.0181827	0.0499392	0.998587	0.831319	0.831286	0.0735462	0.0538905	0.000604751	0.000665159	
8.52e-09	282	-0.039817	0.0698851	0.99676	0.829724	0.830756	0.144333	0.0520585	0.00116347	0.000747729	
8.58e-09	284	-0.00452011	0.0149745	0.999878	0.830455	0.829184	0.0439821	0.047667	0.00111132	0.00104024	
8.64e-09	286	-0.0451581	-0.0011373	0.998979	0.826755	0.827178	0.0565628	0.0555346	0.000693459	0.000636477	
8.7e-09	288	-0.00712192	0.0190521	0.999793	0.826497	0.826186	0.0490883	0.0585812	0.0012462	0.00122124	
8.76e-09	290	-0.0338277	-0.0245209	0.999127	0.826658	0.82556	0.0587699	0.0387439	0.000718825	0.000700134	
8.82e-09	292	0.0102423	0.0453654	0.998918	0.826079	0.822924	0.091029	0.0972036	0.00104578	0.000776696	
8.88e-09	294	-0.0114076	0.00342982	0.999929	0.82356	0.822448	0.0752546	0.077802	0.00125407	0.00103851	
8.94e-09	296	-0.00103581	-0.0269611	0.999636	0.820798	0.820321	0.0600888	0.0440607	0.000594109	0.000616191	
9e-09	298	-0.00920938	-0.0115937	0.99989	0.819413	0.819039	0.0608656	0.0675449	0.00115425	0.000924989	
9.06e-09	300	-0.0673457	0.0172021	0.997581	0.817381	0.816476	0.0443198	0.0568995	0.000931003	0.000929446	
9.12e-09	302	-0.00497235	0.0306058	0.999519	0.820427	0.815697	0.0552336	0.0782054	0.000825403	0.000792786	
9.18e-09	304	0.00762667	0.0381434	0.999243	0.819552	0.814821	0.0376627	0.0933132	0.00125563	0.00122642	
9.24e-09	306	-0.0204223	-0.0240816	0.999501	0.80573	0.813079	0.0530002	0.0566666	0.00123634	0.0012179	
9.3e-09	308	0.0147447	-0.0108717	0.999832	0.811254	0.810759	0.0956792	0.0477173	0.00109649	0.00102398	
9.36e-09	310	0.0205841	0.0124686	0.99971	0.81468	0.811172	0.0747078	0.0879374	0.00120903	0.0011252	
9.42e-09	312	-0.00437446	-0.0217499	0.999754	0.804239	0.808435	0.0708414	0.0716941	0.00121859	0.00107008	
9.48e-09	314	0.0143286	0.0626248	0.997934	0.805821	0.807017	0.0776377	0.114416	0.00111633	0.000709343	
9.54e-09	316	0.00152116	0.0214448	0.999769	0.802224	0.807287	0.0380154	0.0718316	0.000945764	0.00090919	
9.6e-09	318	0.0243031	0.00884373	0.999666	0.806459	0.803932	0.0722265	0.0606848	0.0013238	0.0011361	
9.66e-09	320	-0.00686297	-0.0315762	0.999478	0.805972	0.80201	0.0858603	0.0389421	0.00138942	0.00115194	
9.72e-09	322	-0.0548655	0.0131689	0.998407	0.799086	0.801653	0.0609585	0.0801527	0.00189985	0.00158425	
9.78e-09	324	-0.0161471	-0.0437763	0.998911	0.801143	0.798756	0.0590624	0.091491	0.00109183	0.00112858	
9.84e-09	326	0.00360823	-0.0026417	0.99999	0.794459	0.797303	0.0421151	0.0345689	0.00139979	0.0012868	
9.9e-09	328	0.0105074	0.0508266	0.998652	0.799575	0.797271	0.0782613	0.121278	0.00114102	0.000909566	
9.96e-09	330	0.00990283	-0.0597151	0.998166	0.795547	0.796338	0.0703018	0.0653209	0.00104714	0.00110108	
1.002e-08	332	-0.00171137	0.0312714	0.999509	0.79705	0.79312	0.0666828	0.0862112	0.0018098	0.00161474	
1.008e-08	334	0.0127913	-0.0630428	0.997929	0.789908	0.791926	0.0697076	0.064984	0.00088248	0.000755256	
1.014e-08	336	-0.0210025	-0.000531212	0.999779	0.793654	0.790656	0.0843839	0.0813325	0.000950702	0.000886349	
1.02e-08	338	-0.0495505	-0.0377001	0.99806	0.784411	0.789096	0.0711886	0.0575954	0.00140687	0.0012692	
1.026e-08	340	0.0399197	-0.016933	0.999059	0.789395	0.787322	0.0476559	0.0630036	0.00135128	0.00135593	
1.032e-08	342	0.0141723	0.000878178	0.999899	0.78483	0.786062	0.0699302	0.0939523	0.00133465	0.00109962	
1.038e-08	344	0.0482101	0.0207873	0.998621	0.789743	0.783127	0.0494029	0.0652212	0.000593817	0.000730414	
1.044e-08	346	-0.00467606	-0.037862	0.999272	0.782422	0.783302	0.086809	0.08729	0.000856928	0.000884924	
1.05e-08	348	0.0268138	-0.112668	0.993271	0.782604	0.780119	0.0530511	0.115779	0.00162903	0.0015313	
1.056e-08	350	-0.0372361	-0.00290867	0.999302	0.786327	0.779791	0.0570187	0.0656872	0.00150872	0.00148301	
1.062e-08	352	-0.0481842	-0.00457113	0.998828	0.774901	0.776155	0.0567356	0.0607462	0.00162451	0.00155332	
1.068e-08	354	0.0729701	-0.00165507	0.997333	0.774961	0.776457	0.0767392	0.0713875	0.00170191	0.0013894	
1.074e-08	356	-0.0487282	0.00611237	0.998793	0.778638	0.774301	0.0692326	0.0698255	0.00124692	0.00122573	
1.08e-08	358	0.0271958	-0.0246077	0.999327	0.772541	0.772466	0.0549597	0.0946708	0.00143371	0.00149107	
1.086e-08	360	0.0150044	-0.0692339	0.997488	0.767208	0.77155	0.0457131	0.0517924	0.00221823	0.00207329	
1.092e-08	362	-0.0327797	-0.0528732	0.998063	0.774493	0.769711	0.0609259	0.0766423	0.00170719	0.00164734	
1.098e-08	364	0.0693134	0.0610756	0.995724	0.757894	0.767763	0.115673	0.0777404	0.0013384	0.00107332	
1.104e-08	366	-0.0220596	0.0659645	0.997578	0.75854	0.763862	0.0741938	0.0979126	0.00171574	0.00163798	
1.11e-08	368	0.00129048	0.00450358	0.999989	0.766188	0.764657	0.0667469	0.0673202	0.00161196	0.00158829	
1.116e-08	370	0.0163058	0.0350791	0.999252	0.766429	0.762744	0.0500393	0.0668861	0.00069822	0.000760384	
1.122e-08	372	0.0237923	-0.00761378	0.999688	0.755491	0.759857	0.0444845	0.0629307	0.00198494	0.00215037	
1.128e-08	374	0.00957435	-0.0127819	0.999872	0.751171	0.759717	0.0623492	0.0530804	0.00234021	0.0024793	
1.134e-08	376	-0.0166846	-0.010685	0.999804	0.755463	0.757262	0.040705	0.0574831	0.00171303	0.00166917	
1.14e-08	378	0.0283299	0.0286741	0.999187	0.752366	0.755996	0.0692633	0.0783335	0.00174581	0.00153505	
1.146e-08	380	0.00206381	-0.00560194	0.999982	0.75746	0.75539	0.0699101	0.060819	0.000977778	0.000882781	
1.152e-08	382	-0.00955183	-0.0604897	0.998123	0.757628	0.753351	0.0741386	0.0636613	0.00142321	0.00133725	
1.158e-08	384	-0.0359123	0.107263	0.993582	0.752857	0.75168	0.0405303	0.0615193	0.00114333	0.00105015	
1.164e-08	386	-0.00141276	0.00988418	0.99995	0.745105	0.748386	0.0995582	0.0515855	0.00248732	0.00212398	
1.17e-08	388	0.0527377	-0.0715182	0.996044	0.750335	0.746966	0.0906666	0.0611826	0.00192937	0.0017516	
1.176e-08	390	0.0154278	-0.0367628	0.999205	0.739719	0.746213	0.0820762	0.0359258	0.00265676	0.0025849	
1.182e-08	392	0.0396127	-0.0477176	0.998075	0.738291	0.744468	0.0818951	0.0599221	0.002189	0.00193551	
1.188e-08	394	0.0596854	0.0751381	0.995385	0.735561	0.74246	0.0794778	0.0602197	0.00220999	0.00212889	
1.194e-08	396	0.0702493	-0.0148009	0.99742	0.737678	0.739737	0.0431742	0.147254	0.00221119	0.00205551	
1.2e-08	398	0.0230593	-0.0567224	0.998124	0.729639	0.738018	0.0583693	0.0593366	0.00193467	0.00201003	
1.206e-08	400	-0.0435042	-0.0402532	0.998242	0.734974	0.738109	0.097852	0.104744	0.00166132	0.00132273	
1.212e-08	402	-0.0113656	-0.0196185	0.999743	0.734094	0.734292	0.100403	0.0816579	0.00163841	0.00145107	
1.218e-08	404	-0.0326442	0.0386561	0.998719	0.732142	0.733806	0.0545172	0.0614892	0.00160032	0.00153672	
1.224e-08	406	-0.0130028	-0.0286687	0.999504	0.730809	0.731791	0.0862432	0.0605293	0.00160929	0.00163738	
1.23e-08	408	-0.0103716	-0.051744	0.998607	0.722182	0.731039	0.0590579	0.0789069	0.00132468	0.00133202	
1.236e-08	410	0.0204701	-0.0805676	0.996539	0.734333	0.727287	0.0360936	0.0507174	0.00283037	0.00255996	
1.242e-08	412	0.0447622	0.0380369	0.998273	0.72797	0.725935	0.0765599	0.0752966	0.00134657	0.00124727	
1.248e-08	414	0.0674353	-0.0277086	0.997339	0.723519	0.723665	0.0504176	0.0495077	0.00211541	0.0020009	
1.254e-08	416	0.0589096	-0.0560912	0.996686	0.727448	0.72202	0.061554	0.0688639	0.00257877	0.00194981	
1.26e-08	418	-0.040983	0.0514309	0.997835	0.718902	0.721116	0.0791089	0.0620089	0.00142844	0.0016477	
1.266e-08	420	-0.0546151	-0.0193454	0.99832	0.725514	0.71895	0.113782	0.0864264	0.00208914	0.00184917	
1.272e-08	422	-0.0581686	0.0830659	0.994845	0.716787	0.715918	0.0958165	0.0750495	0.00232711	0.00160765	
1.278e-08	424	-0.0370429	0.0065949	0.999292	0.714596	0.716707	0.0880004	0.073065	0.00226199	0.00195902	
1.284e-08	426	0.00902824	-0.030746	0.999486	0.707203	0.712379	0.0425999	0.109601	0.00265162	0.00213011	
1.29e-08	428	-0.00532164	0.0845067	0.996409	0.710393	0.709974	0.0748588	0.0721785	0.00129898	0.00116435	
1.296e-08	430	-0.00271115	-0.00205919	0.999994	0.713104	0.709588	0.0645503	0.0515067	0.00244014	0.00267129	
1.302e-08	432	-0.00477388	-0.0786435	0.996891	0.70408	0.706094	0.0651396	0.0869447	0.00212068	0.0019112	
1.308e-08	434	0.0426168	0.0181804	0.998926	0.70515	0.70515	0.0748116	0.126434	0.00139538	0.0013763	
1.314e-08	436	0.0389722	0.00160834	0.999239	0.710167	0.702165	0.104996	0.0615331	0.00158796	0.00133831	
1.32e-08	438	-0.0172362	-0.00400494	0.999843	0.702841	0.703352	0.0542725	0.061996	0.00207506	0.00200829	
1.326e-08	440	-0.0364152	0.0307827	0.998863	0.70034	0.698839	0.0607369	0.0775391	0.00337768	0.00277054	
1.332e-08	442	-0.00775907	-0.0266681	0.999614	0.702305	0.694963	0.114976	0.0466403	0.00317562	0.00299422	
1.338e-08	444	-0.0299567	0.0117915	0.999482	0.688328	0.694841	0.145537	0.0835268	0.0022746	0.00277198	
1.344e-08	446	0.0167707	0.0082896	0.999825	0.693308	0.693305	0.0902216	0.049318	0.00313598	0.00253843	
1.35e-08	448	0.0913365	0.00759401	0.995791	0.697361	0.693748	0.100904	0.0495339	0.00235175	0.0022145	
1.356e-08	450	-0.014459	0.00305217	0.999891	0.692853	0.688606	0.10118	0.0749968	0.00246185	0.00199566	
1.362e-08	452	0.049643	0.026126	0.998425	0.691438	0.688779	0.0657305	0.0755778	0.00186732	0.00186065	
1.368e-08	454	-0.00834414	-0.0252346	0.999647	0.69342	0.684965	0.0975531	0.0738494	0.00230685	0.00196526	
1.374e-08	456	-0.0453545	0.00662598	0.998949	0.68776	0.682527	0.0519373	0.0424212	0.00133978	0.00141998	
1.38e-08	458	0.0955199	-0.0317375	0.994921	0.670283	0.679602	0.0800127	0.0681275	0.00281951	0.00270582	
1.386e-08	460	-0.0379353	0.0337512	0.99871	0.689845	0.679664	0.0908377	0.0325004	0.00323292	0.00280746	
1.392e-08	462	-0.0129649	-0.000969631	0.999915	0.679034	0.674656	0.0952999	0.0685919	0.00388167	0.00331173	
1.398e-08	464	0.00105053	0.0434763	0.999054	0.674339	0.674111	0.0900617	0.0705029	0.00325083	0.00283676	
1.404e-08	466	0.0148716	0.117465	0.992966	0.663926	0.671108	0.0584558	0.0779415	0.00183258	0.00199373	
1.41e-08	468	0.119064	-0.00134515	0.992886	0.664458	0.66988	0.0890994	0.084448	0.00168842	0.00140518	
1.416e-08	470	-0.101324	-0.08186	0.99148	0.665734	0.66792	0.102267	0.0827405	0.00583541	0.00401035	
1.422e-08	472	0.00465279	-0.0631382	0.997994	0.674978	0.664656	0.0748725	0.0600099	0.00378702	0.00402074	
1.428e-08	474	0.0230546	0.00153272	0.999733	0.658712	0.663976	0.0551393	0.0963123	0.00256436	0.00243614	
1.434e-08	476	0.00621639	0.00981158	0.999933	0.663316	0.660162	0.0693953	0.0829001	0.00381297	0.00326642	
1.44e-08	478	-0.0329312	-0.032513	0.998929	0.664593	0.657701	0.0926034	0.0645523	0.00424659	0.00304939	
1.446e-08	480	-0.0158106	0.0219357	0.999634	0.65297	0.656437	0.0341708	0.0475703	0.0035021	0.00338601	
1.452e-08	482	0.0508167	-0.127948	0.990478	0.656659	0.655184	0.0644109	0.0670326	0.00240971	0.00219534	
1.458e-08	484	0.0911173	-0.0615343	0.993937	0.654653	0.652727	0.0623256	0.0697779	0.00370993	0.00354704	
1.464e-08	486	0.063069	-0.0680627	0.995686	0.649556	0.649168	0.0808132	0.0950551	0.00144323	0.00133072	
1.47e-08	488	0.120177	-0.00168936	0.992751	0.659736	0.6492	0.0714557	0.112048	0.00279508	0.00288476	
1.476e-08	490	-0.0213846	0.0392578	0.999	0.63033	0.64261	0.0499649	0.0738761	0.00307381	0.00311984	
1.482e-08	492	0.0394053	0.0206223	0.99901	0.635677	0.641404	0.0503661	0.101065	0.00426024	0.00363609	
1.488e-08	494	-0.0112548	-0.0232082	0.999667	0.646544	0.639232	0.0909424	0.0835024	0.00280749	0.00294207	
1.494e-08	496	-0.0488441	0.0588851	0.997069	0.629659	0.639621	0.0897811	0.0736431	0.00336217	0.00319216	
1.5e-08	498	0.0216898	0.0451232	0.998746	0.627051	0.634735	0.0682435	0.0913189	0.00176747	0.00174722	
1.506e-08	500	-0.0427373	0.0757195	0.996213	0.631087	0.631643	0.0494736	0.0522397	0.00317779	0.00287478	
1.512e-08	502	0.0642343	-0.00406069	0.997927	0.631294	0.630088	0.0833932	0.0691823	0.00267897	0.00229209	
1.518e-08	504	0.0177496	0.0448955	0.998834	0.625962	0.626719	0.0525515	0.0655511	0.00333085	0.00325677	
1.524e-08	506	-0.0236207	0.00671755	0.999698	0.619647	0.625553	0.0809635	0.046052	0.00412501	0.00399429	
1.53e-08	508	0.106511	-0.0183831	0.994142	0.617774	0.624175	0.0752519	0.0764162	0.0051705	0.00352154	
1.536e-08	510	-0.0168813	0.0722347	0.997245	0.620006	0.622878	0.0857747	0.0903107	0.0025752	0.0021819	
1.542e-08	512	-0.105921	-0.0183561	0.994205	0.614509	0.617741	0.0585545	0.0808614	0.0034366	0.00340134	
1.548e-08	514	-0.0880563	-0.0400922	0.995308	0.618706	0.616953	0.0949814	0.047909	0.0038534	0.00330936	
1.554e-08	516	-0.0836095	-0.027639	0.996115	0.611601	0.61244	0.0761291	0.0741299	0.00404731	0.00371239	
1.56e-08	518	0.115254	0.0434438	0.992386	0.610927	0.607435	0.0709312	0.0678898	0.00406985	0.00409227	
1.566e-08	520	-0.0755673	0.0604949	0.995304	0.603721	0.607903	0.0932222	0.0703061	0.00531626	0.00481963	
1.572e-08	522	-0.0247336	0.01117	0.999632	0.601581	0.606199	0.0877021	0.0804752	0.00514666	0.00486038	
1.578e-08	524	-0.072546	-0.0674321	0.995083	0.61117	0.602513	0.0772825	0.0424347	0.00213671	0.00223833	
1.584e-08	526	-0.069301	0.00439799	0.997586	0.605608	0.599417	0.0749967	0.0932505	0.00282082	0.00214111	
1.59e-08	528	0.0256765	0.00575478	0.999654	0.593529	0.595973	0.120202	0.0414163	0.00294694	0.00298823	
1.596e-08	530	-0.039083	0.065989	0.997055	0.601196	0.595806	0.0752777	0.0512986	0.00566081	0.0052434	
1.602e-08	532	-0.00953675	0.0207605	0.999739	0.58537	0.592535	0.0813646	0.0724326	0.00377091	0.00365204	
1.608e-08	534	-0.10839	-0.083424	0.990602	0.577024	0.588766	0.111345	0.100236	0.00591521	0.00495846	
1.614e-08	536	0.00113854	-0.112979	0.993597	0.57136	0.586501	0.0854898	0.0569274	0.00487257	0.0042474	
1.62e-08	538	-0.00260823	-0.023594	0.999718	0.588916	0.588221	0.104244	0.0654385	0.00574583	0.00545057	
1.626e-08	540	-0.0389925	-0.102416	0.993977	0.578546	0.58138	0.0739907	0.0800341	0.0062398	0.00488315	
1.632e-08	542	0.038316	0.0783906	0.996186	0.591891	0.578782	0.0744791	0.0844518	0.00569297	0.0044169	
1.638e-08	544	0.0374764	-0.0804492	0.996054	0.580718	0.57493	0.0936222	0.0892396	0.005564	0.00444745	
1.644e-08	546	-0.108806	-0.0930088	0.989702	0.56195	0.569604	0.0808264	0.0657332	0.00618135	0.00585402	
1.65e-08	548	-0.0374301	0.141845	0.989181	0.571832	0.569162	0.0915269	0.11304	0.00501746	0.003566	
1.656e-08	550	-0.0092705	0.0829356	0.996512	0.539526	0.565624	0.0990339	0.161877	0.0071239	0.00654963	
1.662e-08	552	-0.0191324	-0.0486524	0.998633	0.548624	0.561226	0.0721488	0.0486572	0.00550837	0.0049136	
1.668e-08	554	-0.0591999	0.0516287	0.99691	0.572331	0.560794	0.0883467	0.0608709	0.00502622	0.00446032	
1.674e-08	556	-0.0085328	-0.169228	0.98554	0.569958	0.552739	0.0990628	0.0647378	0.00477624	0.00557518	
1.68e-08	558	-0.0289521	-0.0534078	0.998153	0.542818	0.552192	0.113966	0.0935547	0.00420527	0.00298765	
1.686e-08	560	0.0236132	0.0315407	0.999223	0.56559	0.551163	0.0865018	0.0600452	0.00702831	0.00610035	
1.692e-08	562	-0.0502231	0.023857	0.998453	0.532496	0.547081	0.0618817	0.080071	0.00412752	0.00400318	
1.698e-08	564	0.0575179	0.0125739	0.998265	0.545138	0.545605	0.0814853	0.162472	0.00752349	0.0068833	
1.704e-08	566	-0.0436221	0.0123919	0.998971	0.530532	0.538099	0.0659676	0.0909882	0.00497917	0.00454465	
1.71e-08	568	0.060503	-0.00376851	0.998161	0.555018	0.538764	0.0767101	0.0707928	0.00702182	0.00612538	
1.716e-08	570	-0.029085	0.0494893	0.998351	0.523844	0.533348	0.0708963	0.0752461	0.00861784	0.00868625	
1.722e-08	572	-0.0880823	0.000568356	0.996113	0.523157	0.528792	0.117725	0.0829458	0.00488476	0.0046337	
1.728e-08	574	0.0118772	0.0219655	0.999688	0.522879	0.523349	0.0538639	0.0660437	0.00511674	0.00506755	
1.734e-08	576	0.0519823	-0.134999	0.989481	0.527809	0.5232	0.111892	0.0798825	0.00450842	0.00453482	
1.74e-08	578	-0.0948981	-0.0804445	0.992231	0.53908	0.52091	0.0839054	0.0831167	0.0036884	0.0041525	
1.746e-08	580	0.00367644	0.0501527	0.998735	0.524459	0.518003	0.10466	0.0950515	0.00419021	0.00409771	
1.752e-08	582	0.196314	0.0776654	0.97746	0.501102	0.509235	0.059965	0.116035	0.00504149	0.0051036	
1.758e-08	584	0.0900388	0.0752383	0.993092	0.492831	0.505257	0.0759673	0.0874334	0.00779243	0.00652784	
1.764e-08	586	0.0359493	-0.00411484	0.999345	0.507607	0.503641	0.0727759	0.073754	0.00816014	0.00713209	
1.77e-08	588	0.0889101	-0.000291555	0.99604	0.510315	0.499906	0.145668	0.0805437	0.00662834	0.00527177	
1.776e-08	590	0.147351	0.0199115	0.988884	0.4924	0.495722	0.106093	0.062559	0.00635865	0.00563032	
1.782e-08	592	-0.0933365	-0.0596865	0.993844	0.511676	0.497138	0.0884504	0.0805037	0.00972632	0.0103123	
1.788e-08	594	-0.171011	0.0266334	0.984909	0.48489	0.487363	0.0535224	0.0839181	0.00366019	0.00336253	
1.794e-08	596	0.0903065	0.106753	0.990176	0.505777	0.485202	0.0942281	0.0760336	0.0136217	0.0117035	
1.8e-08	598	0.163807	0.0258117	0.986155	0.495728	0.48418	0.0673114	0.11761	0.0116979	0.0109534	
1.806e-08	600	0.00702333	0.283326	0.958998	0.47387	0.473708	0.104517	0.105335	0.00732159	0.00655641	
1.812e-08	602	-0.0631166	-0.175312	0.982488	0.479238	0.470036	0.0638924	0.0964112	0.00633761	0.00606242	
1.818e-08	604	-0.177963	0.0412347	0.983173	0.479825	0.47119	0.0852763	0.0612635	0.00821508	0.00909258	
1.824e-08	606	-0.0406336	-0.0288959	0.998756	0.486658	0.465492	0.151111	0.111884	0.013033	0.0110507	
1.83e-08	608	-0.148525	0.147453	0.977854	0.467744	0.457434	0.0807864	0.105844	0.012805	0.0108823	
1.836e-08	610	-0.0519861	0.00397847	0.99864	0.476516	0.457441	0.0533148	0.049858	0.0117721	0.0106766	
1.842e-08	612	-0.107865	0.0351012	0.993546	0.441801	0.453316	0.0837	0.0654267	0.00820079	0.00906216	
1.848e-08	614	-0.0188938	-0.092315	0.995551	0.445613	0.444285	0.132362	0.101818	0.0134277	0.00943586	
1.854e-08	616	-0.15812	-0.0690185	0.985005	0.431788	0.441571	0.086651	0.0976156	0.0134048	0.0115454	
1.86e-08	618	-0.124626	0.0204824	0.991992	0.436574	0.434747	0.0754006	0.134493	0.00736483	0.00520727	
1.866e-08	620	-0.133159	0.0539044	0.989628	0.407351	0.42783	0.0858436	0.107604	0.0163385	0.0157482	
1.872e-08	622	-0.0420603	0.0313866	0.998622	0.431902	0.424917	0.0661521	0.058544	0.00953542	0.00901163	
1.878e-08	624	-0.0341189	-0.057218	0.997779	0.434336	0.416185	0.0810378	0.0654287	0.0148317	0.0145794	
1.884e-08	626	-0.0525516	-0.0378945	0.997899	0.410515	0.420631	0.0772362	0.0849922	0.0161991	0.0149324	
1.89e-08	628	0.0570233	0.000213895	0.998373	0.400947	0.410227	0.075419	0.0729903	0.00801814	0.0063876	
1.896e-08	630	0.0415173	-0.0845881	0.995551	0.403545	0.410332	0.104642	0.0778979	0.00864159	0.00896619	
1.902e-08	632	-0.0181821	0.0656702	0.997676	0.393269	0.403884	0.0698884	0.119008	0.0131936	0.0115438	
1.908e-08	634	-0.116495	0.0761901	0.990265	0.401794	0.398102	0.0683088	0.14004	0.0124394	0.010504	
1.914e-08	636	-0.202546	0.0687303	0.976858	0.396712	0.392234	0.167545	0.081225	0.0177725	0.0122795	
1.92e-08	638	-0.00601641	0.109354	0.993985	0.381064	0.388917	0.088458	0.100258	0.0132832	0.01136	
1.926e-08	640	-0.0795211	-0.165177	0.983053	0.385103	0.385085	0.0873236	0.128002	0.020312	0.0158379	
1.932e-08	642	-0.116985	-0.180065	0.976673	0.401647	0.377565	0.0335445	0.120976	0.0108707	0.00959373	
1.938e-08	644	-0.123831	0.154267	0.980239	0.386092	0.373192	0.0877707	0.0758571	0.0220665	0.0225809	
1.944e-08	646	0.0951742	0.0120477	0.995388	0.376671	0.361709	0.0749444	0.135614	0.022862	0.0190077	
1.95e-08	648	-0.289154	-0.112276	0.950676	0.312732	0.352448	0.112843	0.146177	0.0242513	0.0160809	
1.956e-08	650	-0.0128686	-0.290213	0.956876	0.313394	0.342563	0.112507	0.141336	0.0327565	0.0273511	
1.962e-08	652	-0.0790444	-0.170378	0.982203	0.352383	0.348393	0.0522728	0.148797	0.0186866	0.0168947	
1.968e-08	654	-0.18317	0.126192	0.974948	0.33639	0.331717	0.105072	0.0749121	0.030522	0.0245558	
1.974e-08	656	0.18682	0.00484213	0.982382	0.342432	0.334598	0.114234	0.0731876	0.0396007	0.0329072	
1.98e-08	658	-0.075116	0.168049	0.982913	0.28591	0.321109	0.102572	0.0883537	0.0436629	0.0308188	
1.986e-08	660	0.0265806	-0.0487359	0.998458	0.316413	0.318708	0.107809	0.0775678	0.0167908	0.0131473	
1.992e-08	662	-0.188915	0.28013	0.94119	0.307461	0.305359	0.0728941	0.0984555	0.0257556	0.0228744	
1.998e-08	664	0.113828	-0.228071	0.966968	0.307427	0.302519	0.109765	0.145566	0.0274072	0.0262422	
2.004e-08	666	-0.00696678	-0.0666407	0.997753	0.326428	0.297482	0.147307	0.150744	0.043936	0.0237413	
2.01e-08	668	0.121319	0.165647	0.978694	0.271286	0.273988	0.140933	0.075267	0.0822853	0.071327	
2.016e-08	670	-0.00272357	-0.135283	0.990803	0.314415	0.284451	0.105417	0.0922674	0.0263989	0.0215439	
2.022e-08	672	0.0112346	0.180359	0.983537	0.271773	0.262723	0.12768	0.116609	0.0639193	0.0413517	
2.028e-08	674	0.416323	0.907207	0.0604101	0.110655	0.250543	0.0889657	0.120639	0.147824	0.0798885	
2.034e-08	676	0.238656	-0.0267983	-0.970734	0.284534	0.242918	0.11648	0.0939981	0.0583571	0.0476778	
2.04e-08	678	-0.401689	0.0333992	-0.915167	0.0930827	0.237676	0.0501186	0.0817144	0.0767356	0.068954	
2.046e-08	680	-0.264686	0.330645	0.905878	0.183206	0.229752	0.114312	0.144036	0.101187	0.0652845	
2.052e-08	682	0.433795	-0.433474	-0.789887	0.0960605	0.201291	0.153708	0.0864247	0.557335	0.109991	
2.058e-08	684	-0.20137	-0.22028	-0.954425	0.241513	0.214311	0.109003	0.158266	0.121195	0.0474301	
2.064e-08	686	0.358004	0.40816	0.839785	0.208525	0.158392	0.0829022	0.10233	0.977919	0.103454	
2.07e-08	688	0.370853	-0.906443	-0.202062	0.0814878	0.173192	0.0962578	0.0730577	0.137704	0.0961585	
2.076e-08	690	0.757794	0.647933	-0.0770078	0.122379	0.135534	0.12695	0.133344	0.501483	0.0718046	
2.082e-08	692	0.236427	0.0140931	0.971547	0.151114	0.125442	0.0943224	0.0609956	0.556467	0.1059	
2.088e-08	694	-0.0912497	-0.008593	0.995791	0.143263	0.12686	0.114219	0.0951318	0.40272	0.0852245	
2.094e-08	696	0.282011	-0.138159	-0.949411	0.181171	0.112189	0.100127	0.100239	0.399039	0.0804683	
2.1e-08	698	0.679134	0.413027	0.606783	0.117816	0.0983994	0.119567	0.0987987	0.241042	0.0649302	
2.106e-08	700	-0.0485165	0.297149	-0.953598	0.103693	0.108303	0.0929446	0.151651	0.279626	0.068391	
2.112e-08	702	-0.413431	0.885567	-0.211767	0.0698151	0.0813784	0.0645579	0.110738	0.121617	0.0402682	
2.118e-08	704	0.291864	-0.216334	-0.931673	0.0551333	0.0849309	0.117098	0.0702456	0.116431	0.0440304	
2.124e-08	706	-0.176671	0.954082	-0.241897	0.054391	0.0871724	0.0516079	0.0777493	0.114533	0.0395714	
2.13e-08	708	0.794632	0.409039	-0.448606	0.0663888	0.080901	0.083997	0.0766092	0.165655	0.0600388	
2.136e-08	710	-0.249196	0.3192	-0.914337	0.0816706	0.0712063	0.0309265	0.0372705	0.158672	0.0272006	
2.142e-08	712	-0.227742	0.660464	0.715486	0.0947236	0.0707971	0.0489842	0.0654532	0.120364	0.047658	
2.148e-08	714	-0.318592	0.320007	0.892241	0.05476	0.063422	0.03616	0.064692	0.11804	0.0532688	
2.154e-08	716	0.652707	-0.560677	-0.509524	0.0675594	0.0562121	0.0287891	0.0603459	0.0505228	0.0186865	
2.16e-08	718	-0.944324	-0.0637143	0.322788	0.0775198	0.0634749	0.048018	0.0392725	0.123697	0.0500407	
2.166e-08	720	-0.0249582	0.669666	0.742243	0.0889801	0.0559355	0.025439	0.0485427	0.0740147	0.0210076	
2.172e-08	722	0.647628	-0.354668	-0.67438	0.0806063	0.0589347	0.0494758	0.0600073	0.0464638	0.0233147	
2.178e-08	724	0.584277	0.80441	0.107442	0.0561084	0.0577944	0.0597304	0.0456302	0.0526821	0.0236829	
2.184e-08	726	0.876162	-0.423399	0.230378	0.0240447	0.0577988	0.0331844	0.0506185	0.0586928	0.0232476	
2.19e-08	728	0.97805	-0.012604	0.207988	0.0362595	0.0541074	0.0359572	0.0380801	0.0481623	0.0153228	
2.196e-08	730	0.923046	-0.384594	-0.00862736	0.0412454	0.050043	0.0361005	0.0270139	0.0458114	0.0139742	
2.202e-08	732	-0.419362	0.0266785	-0.907427	0.0434388	0.0562585	0.0431493	0.031484	0.060259	0.0140586	
2.208e-08	734	-0.0875212	-0.872259	0.481149	0.0509077	0.0492237	0.0338082	0.0339051	0.0356955	0.0104989	
2.214e-08	736	0.0437237	-0.335875	0.940891	0.104089	0.0492929	0.0331476	0.0269987	0.0391079	0.0110334	
2.22e-08	738	-0.310196	-0.33107	0.891163	0.0553033	0.0418754	0.0188567	0.0209635	0.0360837	0.0093076	
2.226e-08	740	-0.327324	0.609058	-0.722431	0.0858628	0.047617	0.0252788	0.0326434	0.0414288	0.0109968	
2.232e-08	742	0.0300477	-0.94199	0.334294	0.0306488	0.0464665	0.0317123	0.0296375	0.0373459	0.0135541	
2.238e-08	744	-0.960009	0.0427561	-0.276686	0.0457871	0.0431993	0.0287469	0.0217634	0.0268794	0.00968398	
2.244e-08	746	0.789625	0.300739	0.534835	0.0313574	0.0390464	0.0163203	0.0240486	0.0307072	0.0137005	
2.25e-08	748	0.115787	-0.522234	-0.844906	0.0702766	0.046695	0.0253976	0.0274713	0.0441884	0.0127698	
2.256e-08	750	0.611131	-0.551085	-0.568176	0.0649317	0.0383781	0.0137011	0.0222252	0.0320627	0.0101336	
2.262e-08	752	-0.595355	-0.777399	0.202984	0.034509	0.0372572	0.0188474	0.0249029	0.0243378	0.0148836	
2.268e-08	754	0.922638	-0.373649	0.0955286	0.0527939	0.0397702	0.0216186	0.0195616	0.0306668	0.0103486	
2.274e-08	756	0.721873	-0.276524	0.634376	0.0156765	0.0436658	0.0266289	0.0240407	0.0282309	0.0110076	
2.28e-08	758	-0.25878	-0.861776	0.43632	0.080285	0.0350709	0.0218249	0.0134372	0.022171	0.0104335	
2.286e-08	760	-0.63917	-0.207885	0.740436	0.0493513	0.0396256	0.0185515	0.0177918	0.0272935	0.00733913	
2.292e-08	762	0.215727	0.316328	0.923796	0.056003	0.0376635	0.0107969	0.0237704	0.0322198	0.0118638	
2.298e-08	764	-0.277627	0.894817	-0.349609	0.0173068	0.0337788	0.012655	0.0209305	0.0183953	0.00941724	
2.304e-08	766	-0.520446	-0.134049	0.843307	0.0309308	0.0363382	0.0100366	0.0217427	0.022217	0.00542572	
2.31e-08	768	-0.820219	0.426952	-0.380726	0.0251308	0.0351104	0.0194302	0.0140895	0.0177055	0.00512296	
2.316e-08	770	0.321621	-0.829314	0.456945	0.0631826	0.0378432	0.0205154	0.0225967	0.0206174	0.0121318	
2.322e-08	772	0.623953	-0.0214985	-0.781166	0.0329304	0.036595	0.0157004	0.0110992	0.0316756	0.00801472	
2.328e-08	774	-0.0693306	-0.943927	0.322793	0.0131724	0.031638	0.0143512	0.0156551	0.0148941	0.00688964	
2.334e-08	776	-0.64643	0.762924	-0.00870953	0.00885712	0.0309155	0.0155549	0.0154002	0.0138498	0.00877666	
2.34e-08	778	0.146552	-0.654889	0.741379	0.0292414	0.0362684	0.0135908	0.0179211	0.0240177	0.0075466	
2.346e-08	780	-0.0110694	-0.779932	0.625766	0.0338285	0.0340776	0.0164455	0.0136083	0.0203958	0.00702831	
2.352e-08	782	0.231652	-0.904865	0.357152	0.017382	0.0314317	0.012804	0.0164908	0.0115253	0.00794177	
2.358e-08	784	-0.0433044	0.342628	0.938472	0.0416983	0.0327995	0.0103707	0.0160553	0.0209663	0.0070286	
2.364e-08	786	-0.299495	-0.866184	-0.400035	0.0356422	0.0332691	0.00933176	0.0141212	0.020304	0.00430714	
2.37e-08	788	-0.286643	0.770624	-0.569187	0.0337881	0.030788	0.0107372	0.0147412	0.015595	0.00613088	
2.376e-08	790	-0.559726	0.798999	-0.219788	0.0233125	0.0317237	0.0118251	0.0171956	0.014514	0.00734884	
2.382e-08	792	-0.971838	-0.0112694	0.23538	0.0438151	0.0293395	0.0141893	0.0130477	0.00863381	0.00411889	
2.388e-08	794	-0.291328	-0.46428	0.836404	0.0455067	0.0305117	0.00749981	0.0088915	0.0236157	0.00647095	
2.394e-08	796	-0.869581	0.0140445	0.493591	0.0197526	0.0302033	0.0137637	0.0102113	0.0157842	0.00651516	
2.4e-08	798	-0.425028	0.437812	-0.792257	0.0240644	0.0303644	0.0189744	0.00771218	0.0109491	0.0051388	
2.406e-08	800	-0.706905	0.589157	-0.391381	0.0335544	0.02917	0.0127254	0.00663617	0.0154773	0.00458191	
2.412e-08	802	0.0190909	0.602317	0.798029	0.0303135	0.0288964	0.0130296	0.008044	0.0155033	0.00591245	
2.418e-08	804	-0.0789141	0.995226	-0.0574276	0.0256152	0.0281989	0.0127534	0.00997032	0.0100094	0.0042039	
2.424e-08	806	-0.197183	-0.577632	-0.792124	0.0114269	0.0277503	0.0107092	0.00996374	0.0125527	0.00515083	
2.43e-08	808	0.891224	-0.359645	0.27636	0.0230991	0.0256796	0.00819105	0.0117844	0.0103827	0.00741109	
2.436e-08	810	-0.365028	0.372009	-0.853442	0.0316171	0.0262607	0.00924047	0.00885404	0.0108149	0.00384125	
2.442e-08	812	0.570662	0.170026	0.803391	0.0406391	0.0302698	0.011882	0.0138191	0.0132382	0.00692742	
2.448e-08	814	0.943729	0.0895888	0.318356	0.0164104	0.0268567	0.0150099	0.0070604	0.00695675	0.00336738	
2.454e-08	816	-0.984158	-0.123798	0.126913	0.0374214	0.028579	0.0139826	0.00950004	0.00964328	0.00473294	
2.46e-08	818	-0.353909	-0.815111	-0.45863	0.0126545	0.0236559	0.00713072	0.00936183	0.00512478	0.0037716	
2.466e-08	820	0.0721483	0.993029	-0.0932058	0.0126267	0.0280842	0.00963112	0.0124054	0.00999746	0.00417703	
2.472e-08	822	-0.604903	0.432959	-0.66831	0.0131528	0.0262712	0.0083781	0.00632836	0.0136154	0.00411947	
2.478e-08	824	-0.00206291	0.999938	-0.0109773	0.0184873	0.026388	0.00793768	0.00815536	0.0105365	0.00347514	
2.484e-08	826	-0.149011	-0.860755	0.48672	0.0184165	0.0279207	0.00968761	0.0080464	0.00960606	0.00385398	
2.49e-08	828	0.474486	-0.880203	0.0102463	0.0200721	0.0268133	0.00836133	0.0132394	0.00753098	0.00362721	
2.496e-08	830	0.0193269	-0.951927	0.305714	0.0281207	0.0268887	0.00738553	0.00905351	0.0117423	0.00340809	
2.502e-08	832	0.753438	-0.464555	0.465317	0.0391665	0.0240298	0.00712078	0.00629057	0.00890626	0.00262261	
2.508e-08	834	-0.345386	0.547061	-0.762517	0.0347824	0.0278815	0.0074951	0.0114739	0.0132449	0.0054551	
2.514e-08	836	-0.31691	-0.237756	-0.918172	0.0145795	0.0225481	0.00427508	0.0095071	0.0074475	0.00507532	
2.52e-08	838	0.396084	-0.909804	-0.123993	0.0463827	0.0240078	0.00700632	0.011471	0.00620573	0.00457084	
2.526e-08	840	-0.647963	0.760706	-0.0383447	0.0246999	0.0226398	0.00597005	0.00648101	0.00963145	0.00421822	
2.532e-08	842	0.487931	-0.783654	0.38446	0.0296114	0.0232083	0.00569024	0.00725669	0.00841139	0.00291644	
2.538e-08	844	-0.846902	0.524668	-0.0864906	0.024225	0.0236425	0.010306	0.00580097	0.0059709	0.00331799	
2.544e-08	846	-0.433457	-0.783199	0.445774	0.0146609	0.0244909	0.00853905	0.00500496	0.0116382	0.00426047	
2.55e-08	848	0.305132	-0.560707	0.769741	0.00494503	0.0250194	0.00597414	0.00932709	0.009257	0.00359097	
2.556e-08	850	-0.276187	0.631056	0.724906	0.0161642	0.0234761	0.00730157	0.00692861	0.0072859	0.00249644	
2.562e-08	852	0.0233579	-0.526069	-0.850121	0.0230892	0.0224698	0.00787059	0.0045564	0.00697188	0.00333882	
2.568e-08	854	-0.360666	0.778014	0.514407	0.0137364	0.020358	0.00466895	0.00548142	0.00621801	0.00300214	
2.574e-08	856	-0.350469	-0.101037	0.931108	0.0182181	0.0233784	0.00859066	0.00707017	0.00652088	0.00372233	
2.58e-08	858	0.30905	-0.668716	-0.676245	0.018706	0.0250412	0.00955818	0.0106175	0.00739621	0.00640653	
2.586e-08	860	-0.941327	0.283654	-0.182876	0.0381789	0.0233214	0.00763775	0.0061329	0.00707908	0.0023687	
2.592e-08	862	-0.849609	-0.468049	0.243094	0.0314487	0.0214528	0.00374127	0.00928813	0.00541955	0.00345584	
2.598e-08	864	0.479773	0.841451	0.248551	0.0409139	0.0233961	0.00791039	0.00556136	0.00714012	0.00246347	
2.604e-08	866	-0.136142	-0.891987	0.431073	0.0223256	0.0213257	0.00466017	0.00644192	0.00594573	0.00195219	
2.61e-08	868	0.214386	-0.201416	0.955757	0.0518825	0.0245131	0.0068411	0.00709956	0.0102444	0.0052226	
2.616e-08	870	-0.290552	0.542702	-0.78807	0.0174069	0.0218256	0.00668589	0.00490129	0.0067249	0.0034252	
2.622e-08	872	-0.0382757	-0.419327	-0.907028	0.0172551	0.0223071	0.00589024	0.00673977	0.00683965	0.00291853	
2.628e-08	874	-0.96256	-0.128877	0.238473	0.0298162	0.0217058	0.00783875	0.00488838	0.0056794	0.00278033	
2.634e-08	876	-0.888334	-0.160147	-0.430366	0.0126577	0.0227242	0.0067668	0.00547442	0.00713504	0.00283252	
2.64e-08	878	-0.93155	-0.35014	0.0980642	0.0201257	0.0241222	0.00689018	0.0104505	0.00493144	0.00369898	
2.646e-08	880	-0.816411	-0.0345458	-0.576437	0.00661406	0.0216556	0.00444398	0.00771481	0.00782228	0.00431428	
2.652e-08	882	-0.246474	0.853268	0.459548	0.0158388	0.0221639	0.00437063	0.00764374	0.00630731	0.00195704	
2.658e-08	884	0.485384	-0.694803	-0.530708	0.0250952	0.0199772	0.00658076	0.00394622	0.00520854	0.00241678	
2.664e-08	886	0.431103	0.630753	0.645214	0.0348788	0.019892	0.00509349	0.00720424	0.00421009	0.00341399	
2.67e-08	888	0.15068	0.987987	0.0343218	0.0136169	0.0207378	0.00482801	0.00610795	0.00651551	0.00364039	
2.676e-08	890	-0.388576	0.281898	0.877235	0.017043	0.0217374	0.00581905	0.00618448	0.00521586	0.00193318	
2.682e-08	892	-0.551954	0.833768	-0.0133432	0.0321028	0.022059	0.00546653	0.00526102	0.00774301	0.0030317	
2.688e-08	894	0.553474	-0.293601	0.7794	0.0183872	0.0197044	0.00537489	0.00537361	0.0039341	0.00200567	
2.694e-08	896	0.597685	-0.196702	0.777226	0.0168617	0.022066	0.00566834	0.00587508	0.0063231	0.00232355	
2.7e-08	898	-0.80968	-0.0974569	-0.578724	0.0370847	0.0213497	0.00636778	0.00315171	0.00715956	0.00238483	
2.706e-08	900	0.04574	0.558274	-0.828394	0.0215229	0.0208723	0.0066922	0.00498668	0.00366843	0.00205813	
