#----------------------------------------------------------------------------------------------------------------------------------------------------------
# Output file for vampire simulation
#   time       : 2024-08-29 04:52:57     process id : 2643090
#   hostname   : node106.viking2.yor.alces.network
#   path       : /users/ky883/parameter/WS_dia5/AI_Dataset/size_2.0_2.0_5.0/Temp_900/random_1
#----------------------------------------------------------------------------------------------------------------------------------------------------------
6e-11	0	0.000567897	0.0235194	0.999723	0.999986	0.999979	0	0	0	0	
1.2e-10	2	0.0297915	-0.00960902	0.99951	0.998838	0.998816	0.0549089	0.0352143	8.87368e-06	5.60595e-06	
1.8e-10	4	-0.0132126	0.00430764	0.999903	0.997796	0.997626	0.0457564	0.0350991	2.57196e-05	1.05469e-05	
2.4e-10	6	-0.002778	-0.0104877	0.999941	0.996305	0.996401	0.0314058	0.0726784	2.91926e-05	1.24944e-05	
3e-10	8	0.0282677	-0.0271569	0.999231	0.994714	0.99518	0.0349555	0.074902	3.89508e-05	1.8554e-05	
3.6e-10	10	-0.0132575	-0.00485084	0.9999	0.993967	0.994024	0.0285375	0.0313988	2.56257e-05	1.59866e-05	
4.2e-10	12	0.0236792	0.0338151	0.999148	0.992145	0.992504	0.0656296	0.054087	4.81062e-05	3.32747e-05	
4.8e-10	14	-0.0168477	-0.0225868	0.999603	0.991743	0.99151	0.0614823	0.0227433	4.0077e-05	1.47399e-05	
5.4e-10	16	-0.00296875	0.0313715	0.999503	0.990888	0.990238	0.0589885	0.0764363	8.3446e-05	3.97845e-05	
6e-10	18	0.00535111	0.0116472	0.999918	0.989244	0.989056	0.0340875	0.0277625	5.49108e-05	3.40458e-05	
6.6e-10	20	-0.00837923	0.0107502	0.999907	0.988265	0.987731	0.0686292	0.0431594	0.000115523	6.10461e-05	
7.2e-10	22	-0.014565	-0.0141771	0.999793	0.986833	0.986523	0.0510921	0.0424236	8.34858e-05	5.1767e-05	
7.8e-10	24	0.0290328	-0.0288626	0.999162	0.986206	0.985357	0.0675073	0.043584	0.000146678	7.20463e-05	
8.4e-10	26	0.0354922	0.0878002	0.995506	0.98403	0.984151	0.0523176	0.0758897	0.000150577	7.91032e-05	
9e-10	28	0.00635263	-0.0186743	0.999805	0.979864	0.982831	0.0500767	0.0690999	0.000167785	0.000112028	
9.6e-10	30	-0.0443365	-0.0401153	0.998211	0.980907	0.982059	0.0658361	0.0695961	0.000225765	5.5015e-05	
1.02e-09	32	-0.0427644	-0.12166	0.99165	0.976545	0.980362	0.0495372	0.082183	0.000408677	9.22224e-05	
1.08e-09	34	0.0618809	0.00232175	0.998081	0.978476	0.97885	0.062764	0.0539071	0.000166245	8.92412e-05	
1.14e-09	36	0.0200029	0.0488176	0.998607	0.975214	0.978112	0.0347814	0.0448146	0.000129573	8.25561e-05	
1.2e-09	38	0.000194392	0.040884	0.999164	0.976136	0.976806	0.0469663	0.0595105	0.000215852	8.29611e-05	
1.26e-09	40	0.0415986	-0.0366532	0.998462	0.973939	0.975944	0.0578393	0.0453407	0.000193981	9.04393e-05	
1.32e-09	42	-0.0424198	0.041158	0.998252	0.976532	0.974828	0.0474378	0.0464104	0.000222209	0.000102134	
1.38e-09	44	-0.110223	-0.047519	0.99277	0.975213	0.973601	0.0868402	0.075243	0.000348039	0.000101741	
1.44e-09	46	0.100414	-0.0490117	0.993738	0.967571	0.971481	0.0556073	0.0365088	0.000260426	0.00014405	
1.5e-09	48	0.0656823	0.0115126	0.997774	0.970987	0.970642	0.0239086	0.0880298	0.000333288	0.000107816	
1.56e-09	50	0.0102502	-0.0723316	0.997328	0.968906	0.968552	0.0422419	0.0506773	0.000342413	0.000151852	
1.62e-09	52	0.00354809	-0.00147656	0.999993	0.966222	0.967829	0.0674025	0.0532225	0.000203243	0.000142576	
1.68e-09	54	-0.0167169	-0.053032	0.998453	0.967991	0.966707	0.062004	0.0466516	0.000314492	0.000181669	
1.74e-09	56	0.0283457	0.045065	0.998582	0.966563	0.965692	0.0497615	0.0392215	0.00018568	0.000118017	
1.8e-09	58	0.0339475	0.0464337	0.998344	0.968788	0.964953	0.0680215	0.0401919	0.000335736	0.000105479	
1.86e-09	60	0.0292525	-0.0411773	0.998724	0.965228	0.962228	0.0369452	0.0369128	0.000327774	0.000265443	
1.92e-09	62	0.0302745	0.00293784	0.999537	0.958921	0.96165	0.048858	0.0550117	0.000323526	0.000198962	
1.98e-09	64	-0.0164418	-0.113292	0.993426	0.963445	0.960278	0.0345605	0.0398367	0.000222613	0.000196067	
2.04e-09	66	0.0159479	-0.0704349	0.997389	0.963376	0.958878	0.0495179	0.0751106	0.000383795	0.000247753	
2.1e-09	68	0.0814184	-0.00915213	0.996638	0.957206	0.957431	0.059179	0.0414957	0.000266277	0.000131211	
2.16e-09	70	-0.0940062	-0.0755015	0.992705	0.956066	0.956736	0.0455547	0.0765826	0.00052314	0.000188267	
2.22e-09	72	-0.0666002	0.0472679	0.996659	0.953167	0.955198	0.0408698	0.128783	0.000875842	0.000228149	
2.28e-09	74	0.0857676	0.00231153	0.996312	0.956605	0.953631	0.069309	0.0274902	0.000290661	0.000245124	
2.34e-09	76	-0.0485316	0.0146229	0.998715	0.957235	0.953245	0.0816228	0.06933	0.000374777	0.000137145	
2.4e-09	78	0.0131605	-0.0171059	0.999767	0.955772	0.952426	0.0664618	0.0558031	0.000718974	0.000214212	
2.46e-09	80	-0.021457	0.0882562	0.995867	0.941924	0.949936	0.02991	0.0541262	0.000303221	0.000224328	
2.52e-09	82	-0.0639623	-0.155985	0.985686	0.943519	0.948607	0.0607821	0.0643804	0.000536642	0.00024993	
2.58e-09	84	-0.156816	-0.0546105	0.986117	0.937324	0.946399	0.0683549	0.0513227	0.000741898	0.000294966	
2.64e-09	86	0.0104303	-0.027485	0.999568	0.946934	0.946813	0.103628	0.0516581	0.000717281	0.00027684	
2.7e-09	88	0.0117849	-0.0438118	0.99897	0.940023	0.945028	0.06134	0.0437894	0.000204371	0.000212077	
2.76e-09	90	-0.0113214	-0.0139939	0.999838	0.929494	0.943573	0.0653228	0.0391096	0.000462399	0.000377255	
2.82e-09	92	-0.077657	0.00728753	0.996953	0.940579	0.94107	0.0740054	0.0410508	0.000652137	0.00042459	
2.88e-09	94	-0.0204739	-0.0193742	0.999603	0.935259	0.9419	0.0678713	0.0430199	0.000314421	0.000165446	
2.94e-09	96	-0.050192	-0.0166511	0.998601	0.942211	0.940806	0.0566842	0.0762983	0.000481542	0.000265495	
3e-09	98	0.0133742	0.105363	0.994344	0.942567	0.938795	0.0455977	0.0721831	0.000545299	0.000200424	
3.06e-09	100	-0.0387264	-0.124249	0.991495	0.9338	0.936524	0.0650019	0.0640301	0.00105995	0.000358772	
3.12e-09	102	-0.0194682	0.0336246	0.999245	0.937275	0.934033	0.0922455	0.0462552	0.000875812	0.000389302	
3.18e-09	104	-0.0950334	0.0401803	0.994663	0.934849	0.934653	0.0444221	0.0620982	0.000651954	0.000287924	
3.24e-09	106	-0.00887699	0.0136599	0.999867	0.929351	0.933555	0.0530864	0.0665569	0.000824865	0.000334725	
3.3e-09	108	0.00770478	-0.0160323	0.999842	0.935979	0.931775	0.0861291	0.0571459	0.000900633	0.000366315	
3.36e-09	110	-0.0365482	-0.0285645	0.998924	0.944678	0.929954	0.0348888	0.0851312	0.000479186	0.00030145	
3.42e-09	112	-0.024204	-0.0355624	0.999074	0.925775	0.929972	0.0702385	0.0510954	0.000848998	0.000503477	
3.48e-09	114	0.171133	-0.021981	0.985003	0.932489	0.92806	0.0942979	0.0452672	0.00103613	0.000333453	
3.54e-09	116	-0.00887769	0.0968553	0.995259	0.928013	0.92695	0.0428971	0.0411043	0.000289213	0.000194473	
3.6e-09	118	-0.0579404	-0.087224	0.994502	0.926423	0.925011	0.02993	0.0767256	0.00107708	0.000411029	
3.66e-09	120	-0.0249742	0.0126059	0.999609	0.926798	0.922535	0.0739891	0.0617383	0.000822808	0.000327581	
3.72e-09	122	0.0346506	-0.0262818	0.999054	0.919513	0.921092	0.0482291	0.109997	0.00123036	0.000364107	
3.78e-09	124	0.0322633	-0.0569272	0.997857	0.925182	0.920944	0.0404194	0.0177041	0.000475967	0.00037228	
3.84e-09	126	0.0388693	0.0338391	0.998671	0.915342	0.917552	0.0358856	0.0657224	0.000785581	0.000466837	
3.9e-09	128	-0.00124795	0.0772634	0.99701	0.909972	0.91631	0.0408114	0.0550711	0.000601002	0.000319278	
3.96e-09	130	0.0322095	0.0696516	0.997051	0.919883	0.918628	0.101268	0.0502547	0.00150386	0.000350104	
4.02e-09	132	-0.0847802	-0.0677015	0.994097	0.919265	0.915723	0.0524317	0.0512397	0.000668234	0.000298823	
4.08e-09	134	-0.0145339	0.0880248	0.996012	0.899178	0.913795	0.0622182	0.0538562	0.000635322	0.000353004	
4.14e-09	136	-0.0154997	0.00399094	0.999872	0.908726	0.911807	0.0865677	0.0440317	0.00149792	0.000476763	
4.2e-09	138	0.00660579	-0.0841417	0.996432	0.90891	0.911347	0.0498587	0.0524464	0.000902035	0.000416145	
4.26e-09	140	-0.0622287	-0.119606	0.990869	0.916412	0.911805	0.0576048	0.0715593	0.000698143	0.000266785	
4.32e-09	142	0.147885	-0.200233	0.968523	0.91333	0.908699	0.0549263	0.0536151	0.000836684	0.00049569	
4.38e-09	144	0.0918582	0.0478699	0.994621	0.906107	0.905732	0.0732522	0.0898377	0.00169666	0.000582977	
4.44e-09	146	-0.0437518	0.0200272	0.998842	0.902745	0.906919	0.0366114	0.0622616	0.000771073	0.000411764	
4.5e-09	148	-0.135131	-0.0935067	0.986406	0.916143	0.902816	0.0491127	0.0652159	0.00152616	0.000764988	
4.56e-09	150	-0.0204305	0.16954	0.985312	0.904609	0.902083	0.0615553	0.0623881	0.000692043	0.000435728	
4.62e-09	152	-0.0563731	0.0867314	0.994635	0.914873	0.903675	0.0385398	0.0832679	0.000985742	0.000486277	
4.68e-09	154	-0.128179	-0.149892	0.980358	0.901004	0.900601	0.0667656	0.0672616	0.00090638	0.000305171	
4.74e-09	156	0.0415273	-0.26227	0.964101	0.903682	0.900227	0.0273711	0.0756569	0.00112208	0.000477987	
4.8e-09	158	0.0883288	0.0375452	0.995384	0.876109	0.897184	0.0614151	0.0556817	0.00127392	0.000742369	
4.86e-09	160	-0.153568	0.085461	0.984436	0.887542	0.895904	0.0952321	0.0548092	0.00138686	0.000521737	
4.92e-09	162	-0.0920335	-0.0855291	0.992076	0.881617	0.894584	0.0744671	0.0622703	0.00134715	0.000560751	
4.98e-09	164	0.0818325	0.09368	0.992234	0.890217	0.892046	0.0774923	0.0408177	0.0013669	0.000488824	
5.04e-09	166	0.0436111	0.0218724	0.998809	0.876097	0.890152	0.0611881	0.0388585	0.00111494	0.000731597	
5.1e-09	168	-0.0445616	0.0720843	0.996403	0.903783	0.887692	0.0614412	0.0296058	0.00186546	0.000656861	
5.16e-09	170	0.0519187	0.0213593	0.998423	0.888773	0.888567	0.0373351	0.0680576	0.00145066	0.000763594	
5.22e-09	172	0.0772001	0.046084	0.99595	0.87249	0.885004	0.0750478	0.061657	0.00146354	0.000877246	
5.28e-09	174	0.123249	-0.0999373	0.987331	0.897446	0.884826	0.0450769	0.0491096	0.000834959	0.000601546	
5.34e-09	176	0.170903	0.00115593	0.985287	0.895989	0.883603	0.0565521	0.0283822	0.00134479	0.000763814	
5.4e-09	178	0.0744103	-0.0948517	0.992707	0.889038	0.881809	0.0668111	0.0377825	0.0018267	0.000886409	
5.46e-09	180	0.11217	-0.0820845	0.990293	0.888893	0.879745	0.03517	0.0433522	0.0015444	0.000952359	
5.52e-09	182	0.0341874	0.0705354	0.996923	0.872177	0.878587	0.0688912	0.0824651	0.00182972	0.000647856	
5.58e-09	184	0.186617	0.0158035	0.982306	0.871624	0.876199	0.0563872	0.051135	0.00133825	0.000633589	
5.64e-09	186	0.11647	-0.0508376	0.991892	0.886943	0.877146	0.0583222	0.0395311	0.000856683	0.000468191	
5.7e-09	188	-0.0410924	0.00980667	0.999107	0.875986	0.876534	0.0529967	0.0733889	0.000893495	0.000508774	
5.76e-09	190	0.0332143	-0.187369	0.981728	0.858836	0.873159	0.0630608	0.0798438	0.00114654	0.000545724	
5.82e-09	192	-0.0337893	-0.149282	0.988217	0.888634	0.872811	0.0427159	0.0687713	0.00112913	0.000524128	
5.88e-09	194	0.0823711	0.186538	0.978989	0.87332	0.870221	0.065413	0.05889	0.00127884	0.000635894	
5.94e-09	196	-0.025302	-0.163131	0.98628	0.879805	0.870069	0.0689784	0.0387112	0.00129227	0.000778169	
6e-09	198	-0.112244	0.0649094	0.991558	0.894331	0.867691	0.0646368	0.0520406	0.00179248	0.000855737	
6.06e-09	200	0.196196	0.159617	0.967486	0.835862	0.867992	0.0719166	0.0877122	0.00180293	0.000595865	
6.12e-09	202	0.00667666	0.0424023	0.999078	0.895425	0.861728	0.0466292	0.0713797	0.0019287	0.00129875	
6.18e-09	204	0.210415	0.14261	0.967154	0.873746	0.863648	0.0726403	0.0636761	0.0012896	0.000480168	
6.24e-09	206	0.147303	0.0204583	0.98888	0.854045	0.86429	0.102974	0.0433477	0.00147502	0.000396152	
6.3e-09	208	0.153407	0.0216569	0.987926	0.87312	0.855742	0.053853	0.0706975	0.00176353	0.000882608	
6.36e-09	210	-0.0341068	-0.415974	0.908737	0.869618	0.861308	0.0423657	0.0866772	0.00202023	0.000768076	
6.42e-09	212	0.0160715	0.10383	0.994465	0.8678	0.859784	0.0962278	0.0848094	0.00175091	0.000572474	
6.48e-09	214	-0.0110079	-0.049943	0.998691	0.852204	0.854129	0.055817	0.0457093	0.00137302	0.00101161	
6.54e-09	216	0.0224934	0.0891045	0.995768	0.870474	0.853787	0.0333805	0.0645624	0.0013758	0.000956665	
6.6e-09	218	-0.0888968	-0.0691523	0.993637	0.86016	0.850135	0.0507145	0.0782729	0.0019647	0.000664881	
6.66e-09	220	0.161919	-0.175627	0.97105	0.837073	0.85162	0.042526	0.0710353	0.00203333	0.000622011	
6.72e-09	222	0.134776	0.00145771	0.990875	0.850426	0.849077	0.0380119	0.0723566	0.00222973	0.00119389	
6.78e-09	224	-0.225205	0.0158476	0.974182	0.833265	0.852343	0.0582294	0.0812984	0.00125409	0.000672981	
6.84e-09	226	0.224755	0.132852	0.965316	0.852627	0.847276	0.0598507	0.0591793	0.00210533	0.000877302	
6.9e-09	228	-0.16496	0.217863	0.961938	0.833019	0.841017	0.0579899	0.095812	0.00461937	0.00303027	
6.96e-09	230	0.00733356	0.204119	0.978919	0.861235	0.841304	0.0568006	0.148721	0.00237799	0.000831481	
7.02e-09	232	-0.0673711	0.0417482	0.996854	0.843355	0.841759	0.0762856	0.0518757	0.0025985	0.00131123	
7.08e-09	234	0.127637	-0.0819402	0.98843	0.835704	0.843926	0.0414429	0.0581429	0.00149197	0.000823256	
7.14e-09	236	0.235024	0.0701706	0.969453	0.83486	0.838851	0.0355949	0.0828759	0.00225264	0.000530043	
7.2e-09	238	-0.0445241	-0.0696529	0.996577	0.853553	0.838591	0.0602903	0.0815816	0.00189324	0.000713124	
7.26e-09	240	-0.0875173	-0.0119126	0.996092	0.839914	0.834426	0.0654164	0.0682745	0.00178969	0.00111302	
7.32e-09	242	-0.0248573	0.319751	0.947176	0.844511	0.833136	0.091396	0.0818876	0.00292747	0.000687699	
7.38e-09	244	-0.202495	0.0278432	0.978887	0.835879	0.832407	0.0427155	0.0528407	0.00165424	0.00055957	
7.44e-09	246	0.0633455	-0.233218	0.970359	0.815024	0.830228	0.0872192	0.0466448	0.00249992	0.000914344	
7.5e-09	248	0.125255	-0.130973	0.983442	0.842432	0.831595	0.0291106	0.0522228	0.00129522	0.000864868	
7.56e-09	250	0.365744	0.10704	0.92454	0.811794	0.824365	0.0615273	0.0597332	0.00261401	0.00113766	
7.62e-09	252	0.00488964	-0.110335	0.993882	0.807168	0.823805	0.0458331	0.0622647	0.00236575	0.000824282	
7.68e-09	254	-0.142588	0.112921	0.98332	0.834266	0.825611	0.0817991	0.0674914	0.00306938	0.00106678	
7.74e-09	256	0.0933141	0.0359634	0.994987	0.822427	0.818485	0.0740523	0.0375719	0.00250984	0.0010405	
7.8e-09	258	0.120639	-0.10711	0.986901	0.819295	0.82001	0.0665987	0.0494909	0.00274846	0.00157241	
7.86e-09	260	-0.193083	-0.210997	0.958227	0.845157	0.81872	0.0488608	0.0667015	0.00189669	0.000922075	
7.92e-09	262	-0.217446	-0.101414	0.97079	0.837388	0.818127	0.0611465	0.0346132	0.0020548	0.00138213	
7.98e-09	264	0.0679958	-0.134569	0.988569	0.81931	0.818047	0.0596411	0.0877323	0.00232131	0.00090782	
8.04e-09	266	-0.231419	-0.0355191	0.972205	0.812475	0.815831	0.0514358	0.0530547	0.00118767	0.000883577	
8.1e-09	268	-0.210271	0.247795	0.945719	0.782004	0.8028	0.0626691	0.0992591	0.00193607	0.000763957	
8.16e-09	270	0.366302	0.094531	0.925682	0.805071	0.807902	0.115758	0.0502689	0.00514631	0.00157289	
8.22e-09	272	0.00725771	0.0445458	0.998981	0.819599	0.809419	0.0348502	0.0616669	0.00223354	0.000981345	
8.28e-09	274	0.188056	0.134866	0.972854	0.803121	0.802834	0.0852816	0.0504797	0.00553882	0.00114577	
8.34e-09	276	0.143528	0.039602	0.988854	0.791245	0.798449	0.0821113	0.0547616	0.00284103	0.00129142	
8.4e-09	278	0.449751	0.0541477	0.891511	0.767707	0.805986	0.0711394	0.0758163	0.00581502	0.00136092	
8.46e-09	280	-0.155694	-0.0774516	0.984764	0.793299	0.799002	0.064669	0.0863686	0.00254252	0.000879578	
8.52e-09	282	0.148781	0.110633	0.982662	0.781052	0.799801	0.0837412	0.0614446	0.00318793	0.00189241	
8.58e-09	284	-0.275477	-0.0813026	0.957863	0.797112	0.796783	0.0807193	0.055941	0.00284959	0.00124541	
8.64e-09	286	0.0890725	-0.335367	0.937867	0.812937	0.797129	0.0709098	0.123193	0.00422175	0.00133563	
8.7e-09	288	-0.212405	0.144924	0.966375	0.763114	0.796132	0.0930438	0.0816839	0.00599454	0.0016494	
8.76e-09	290	-0.0317354	-0.0166892	0.999357	0.804577	0.793235	0.0796049	0.061107	0.00366553	0.00160546	
8.82e-09	292	0.059617	0.0667427	0.995988	0.798821	0.798433	0.0506314	0.0835924	0.00311959	0.000733191	
8.88e-09	294	-0.190074	0.0532509	0.980325	0.795598	0.783003	0.0548689	0.0439131	0.00291475	0.00150059	
8.94e-09	296	-0.101071	-0.169286	0.980371	0.761199	0.788787	0.060732	0.0410624	0.00209136	0.00122988	
9e-09	298	0.184372	-0.0406974	0.982014	0.745693	0.782916	0.0510909	0.103555	0.00306344	0.000793438	
9.06e-09	300	0.152261	0.0829912	0.98485	0.784154	0.78335	0.0709811	0.084514	0.00623744	0.00212902	
9.12e-09	302	0.329675	-0.0603658	0.942162	0.771997	0.785375	0.0973653	0.0318324	0.00149675	0.000795895	
9.18e-09	304	-0.358792	-0.0157103	0.933285	0.767057	0.782776	0.0708525	0.0774656	0.003578	0.0010855	
9.24e-09	306	0.148213	0.117849	0.981909	0.758656	0.77768	0.0557186	0.094612	0.00562638	0.0013194	
9.3e-09	308	-0.0902515	0.0472795	0.994796	0.777696	0.779036	0.0688451	0.0513568	0.00265802	0.001064	
9.36e-09	310	-0.00108067	-0.0955346	0.995426	0.804512	0.775214	0.0619027	0.0649479	0.00421333	0.00116053	
9.42e-09	312	-0.375421	0.166652	0.911749	0.75059	0.778705	0.0959882	0.0589754	0.00422095	0.00136566	
9.48e-09	314	0.0102822	0.0125583	0.999868	0.762024	0.773729	0.068682	0.0457	0.00219712	0.00113846	
9.54e-09	316	-0.0506594	-0.169763	0.984182	0.77167	0.764643	0.089848	0.100649	0.00535289	0.00205498	
9.6e-09	318	0.375265	0.0143198	0.926807	0.75305	0.761427	0.0627081	0.11758	0.00673925	0.00142059	
9.66e-09	320	0.19728	0.149158	0.968934	0.734917	0.766736	0.0788785	0.0577884	0.00643845	0.00169066	
9.72e-09	322	-0.0814399	0.109558	0.990638	0.779534	0.767852	0.0456798	0.0726389	0.00212959	0.00135586	
9.78e-09	324	0.296292	0.234617	0.925833	0.745114	0.766894	0.0560523	0.0392629	0.00261812	0.00163201	
9.84e-09	326	0.0433324	0.0192338	0.998876	0.740099	0.759955	0.0748001	0.0567229	0.00443386	0.00155224	
9.9e-09	328	0.125919	-0.107968	0.986148	0.7345	0.756001	0.0965201	0.0679997	0.00684982	0.00196326	
9.96e-09	330	0.280612	-0.173803	0.943954	0.766474	0.749005	0.0964929	0.0911494	0.00519219	0.0014381	
1.002e-08	332	-0.0448793	0.0732491	0.996303	0.74523	0.752033	0.102768	0.0411374	0.00409208	0.00158141	
1.008e-08	334	-0.097466	-0.144695	0.984664	0.755063	0.753018	0.057989	0.0937297	0.0063766	0.00119137	
1.014e-08	336	0.0695617	0.0835361	0.994074	0.762455	0.741457	0.0488308	0.0689407	0.00247873	0.0013693	
1.02e-08	338	-0.175228	0.155769	0.972127	0.746571	0.747576	0.0746102	0.0727004	0.00636352	0.00156887	
1.026e-08	340	0.00150356	0.05249	0.99862	0.703525	0.746147	0.068164	0.129394	0.00797275	0.00136883	
1.032e-08	342	0.354366	-0.03023	0.934618	0.762542	0.73878	0.0701789	0.0664792	0.00364601	0.00287254	
1.038e-08	344	0.0552109	-0.319612	0.945939	0.709405	0.742635	0.0544682	0.124893	0.00517804	0.00170605	
1.044e-08	346	0.0797167	0.0194501	0.996628	0.747016	0.732379	0.0537412	0.0686444	0.0032345	0.0016351	
1.05e-08	348	0.105203	-0.0425955	0.993538	0.740919	0.736987	0.141223	0.0741358	0.00595041	0.00156048	
1.056e-08	350	0.0988991	0.198984	0.975	0.754578	0.735076	0.0714526	0.0401966	0.00285186	0.0019763	
1.062e-08	352	-0.315879	0.398399	0.861103	0.691209	0.722888	0.122466	0.0852237	0.0118751	0.00293214	
1.068e-08	354	0.119808	0.00813412	0.992764	0.70282	0.727809	0.0682414	0.039036	0.00296649	0.0021089	
1.074e-08	356	-0.44236	0.233464	0.865917	0.727738	0.727752	0.106558	0.103682	0.00918097	0.00220315	
1.08e-08	358	-0.00648393	-0.455865	0.890025	0.721528	0.715099	0.105963	0.0760064	0.00986761	0.00292172	
1.086e-08	360	-0.0526727	-0.0685224	0.996258	0.743167	0.729017	0.0764638	0.0260853	0.00360509	0.0011356	
1.092e-08	362	0.0444679	0.125949	0.99104	0.721898	0.716441	0.05107	0.0777049	0.00478571	0.00205183	
1.098e-08	364	0.273056	0.453783	0.848246	0.651674	0.718804	0.0692986	0.0864032	0.00567269	0.00217211	
1.104e-08	366	-0.344374	-0.100092	0.933482	0.724758	0.724251	0.0485037	0.0704608	0.00249294	0.00171066	
1.11e-08	368	-0.334208	0.199021	0.921247	0.714177	0.717251	0.0726672	0.0710267	0.00453701	0.00142286	
1.116e-08	370	0.264294	0.1618	0.950773	0.735809	0.710628	0.0587878	0.0886202	0.00683907	0.00174323	
1.122e-08	372	-0.00474264	0.146619	0.989182	0.70758	0.711197	0.0566669	0.0511421	0.00422827	0.00105363	
1.128e-08	374	-0.0755743	0.109017	0.991163	0.707379	0.707653	0.0831528	0.0982305	0.00867263	0.00265344	
1.134e-08	376	-0.0658225	-0.0137591	0.997736	0.683154	0.705817	0.0922593	0.0678055	0.00746715	0.00348298	
1.14e-08	378	-0.27546	0.295249	0.914849	0.67651	0.710733	0.0821554	0.0887441	0.00800121	0.00197604	
1.146e-08	380	-0.359978	0.0141974	0.932853	0.688296	0.710644	0.103173	0.0885331	0.00582984	0.00102958	
1.152e-08	382	0.102566	0.0592121	0.992962	0.717963	0.701395	0.0722073	0.0585723	0.00502979	0.00209285	
1.158e-08	384	0.26033	0.334132	0.905861	0.664731	0.697449	0.0508674	0.0780964	0.00443822	0.00160954	
1.164e-08	386	0.223321	-0.31261	0.923256	0.712758	0.70106	0.0978701	0.0644443	0.00584882	0.00164649	
1.17e-08	388	-0.402849	0.0969317	0.910119	0.718424	0.696573	0.100077	0.0814022	0.00457475	0.00277352	
1.176e-08	390	-0.182313	-0.215754	0.959277	0.749084	0.704196	0.0888489	0.0507755	0.00649282	0.00218489	
1.182e-08	392	0.410593	0.115886	0.904424	0.67329	0.691712	0.101134	0.0636016	0.00778824	0.00182098	
1.188e-08	394	-0.0706875	0.543913	0.836159	0.663405	0.696972	0.0842057	0.0731463	0.00706955	0.00196485	
1.194e-08	396	-0.260712	-0.110502	0.959072	0.724377	0.680106	0.0798	0.0629138	0.0069337	0.00269235	
1.2e-08	398	0.067031	0.0452687	0.996723	0.683778	0.687394	0.0850635	0.0546053	0.00708386	0.00187194	
1.206e-08	400	-0.114157	0.0668385	0.991212	0.709482	0.68728	0.045032	0.0612555	0.00596604	0.00294026	
1.212e-08	402	-0.2259	0.207805	0.951728	0.718079	0.689394	0.0900887	0.0658214	0.00958844	0.00217993	
1.218e-08	404	0.0542751	0.179887	0.982189	0.72592	0.679535	0.0573712	0.0438126	0.00385394	0.00276413	
1.224e-08	406	0.100182	-0.203425	0.973952	0.677808	0.670012	0.056746	0.0876335	0.0080998	0.0023198	
1.23e-08	408	-0.196749	-0.0232299	0.980179	0.709564	0.676597	0.0536159	0.102472	0.0117373	0.00324062	
1.236e-08	410	-0.369294	-0.0663211	0.926943	0.699685	0.670049	0.103315	0.0617089	0.0130106	0.0027562	
1.242e-08	412	-0.238223	0.152633	0.959142	0.669621	0.661319	0.0696965	0.0759616	0.00504292	0.00244591	
1.248e-08	414	0.0606078	-0.0416974	0.99729	0.70841	0.66512	0.133816	0.073206	0.0303009	0.00244783	
1.254e-08	416	0.0134344	0.573369	0.819187	0.670427	0.661712	0.076777	0.07557	0.00864778	0.00348772	
1.26e-08	418	0.0544192	-0.0595965	-0.996738	0.644485	0.6702	0.0585799	0.0667786	0.00772908	0.0036102	
1.266e-08	420	0.0330566	0.0781222	-0.996396	0.601523	0.661514	0.102533	0.0857657	0.0102854	0.00369599	
1.272e-08	422	-0.0803062	0.200844	0.976326	0.649868	0.651133	0.134558	0.0654685	0.632509	0.00300944	
1.278e-08	424	0.234191	-0.198149	0.951783	0.585813	0.657846	0.0598867	0.063004	0.00883128	0.00177532	
1.284e-08	426	-0.283994	-0.15771	0.945767	0.678976	0.656674	0.086236	0.0635706	0.00875584	0.00310901	
1.29e-08	428	0.434298	0.0030056	0.900764	0.597481	0.641449	0.081881	0.0704011	0.0134608	0.00353599	
1.296e-08	430	-0.429786	-0.286782	0.856178	0.685727	0.644901	0.0581061	0.070426	0.00570171	0.00307574	
1.302e-08	432	-0.147903	0.193532	0.969882	0.654348	0.646438	0.0673779	0.0967112	0.00643423	0.00337077	
1.308e-08	434	-0.450969	-0.603109	0.657942	0.589027	0.642438	0.113376	0.0937433	0.021563	0.00412583	
1.314e-08	436	0.530819	-0.35759	0.768349	0.647953	0.630455	0.129736	0.113203	0.020338	0.00224671	
1.32e-08	438	0.271974	0.43797	0.856862	0.652784	0.645317	0.0703599	0.100825	0.0200939	0.00330271	
1.326e-08	440	0.050498	0.66577	0.744446	0.649318	0.638356	0.0996925	0.120662	0.0136621	0.00367124	
1.332e-08	442	0.0689049	0.0576613	0.995955	0.603562	0.631757	0.0745558	0.0719206	0.0127523	0.00347759	
1.338e-08	444	0.161521	0.00872252	0.986831	0.649762	0.631152	0.0855097	0.0522861	0.0216766	0.00304764	
1.344e-08	446	-0.150296	0.780877	0.606335	0.594156	0.632152	0.0470804	0.119088	0.0187441	0.00315358	
1.35e-08	448	-0.0630113	-0.180502	0.981554	0.646413	0.624065	0.135027	0.0998518	0.034657	0.0040749	
1.356e-08	450	-0.116427	0.24325	0.962951	0.644604	0.617196	0.086472	0.0977403	0.0105742	0.00370141	
1.362e-08	452	0.165854	-0.178083	0.969938	0.634145	0.607251	0.0663188	0.0703244	0.00701343	0.00452209	
1.368e-08	454	0.541887	-0.238519	0.805895	0.582966	0.594344	0.0539953	0.0971395	0.00833331	0.00285987	
1.374e-08	456	0.122651	-0.251977	0.959929	0.638653	0.615991	0.0850178	0.0778445	0.0246213	0.00393208	
1.38e-08	458	0.422812	-0.635321	-0.646218	0.566081	0.615496	0.154051	0.0738445	0.605908	0.00634488	
1.386e-08	460	-0.0200508	-0.667364	-0.744462	0.613742	0.602364	0.0610772	0.12134	0.017893	0.0043577	
1.392e-08	462	0.0916484	0.293911	-0.951429	0.563938	0.597095	0.0819795	0.038756	0.00919044	0.0030329	
1.398e-08	464	-0.272238	0.00360937	-0.962223	0.606044	0.605523	0.0938854	0.0741591	0.0234787	0.00328218	
1.404e-08	466	-0.257378	-0.474589	-0.841737	0.573068	0.589294	0.0728977	0.0991714	0.00762839	0.00346312	
1.41e-08	468	0.184351	-0.294294	-0.937766	0.565223	0.593946	0.154194	0.135926	0.0645501	0.00344772	
1.416e-08	470	-0.0854905	0.370965	-0.924703	0.577508	0.59872	0.0522975	0.136895	0.0173381	0.00327551	
1.422e-08	472	-0.00315203	-0.0847251	-0.996399	0.59392	0.58582	0.0883149	0.10659	0.0318841	0.00439162	
1.428e-08	474	-0.349558	-0.174666	-0.920489	0.551547	0.58025	0.064118	0.053445	0.00804832	0.00511809	
1.434e-08	476	-0.434958	0.148715	-0.888086	0.517728	0.581966	0.0687591	0.0886869	0.0148906	0.00293434	
1.44e-08	478	-0.364711	0.583707	-0.725446	0.559589	0.583609	0.0903975	0.100064	0.0178016	0.00259206	
1.446e-08	480	-0.412969	-0.626839	0.660704	0.592199	0.574176	0.0486993	0.100487	0.574331	0.00357921	
1.452e-08	482	-0.271974	0.178198	-0.945661	0.631387	0.58184	0.128827	0.0589019	0.0217299	0.00251329	
1.458e-08	484	0.535906	0.0596955	0.842165	0.5194	0.553748	0.100096	0.11667	0.460673	0.00516511	
1.464e-08	486	-0.301456	0.360703	0.88262	0.587551	0.570449	0.101552	0.112803	0.0165928	0.00407353	
1.47e-08	488	0.310424	-0.104791	-0.944805	0.595172	0.567587	0.0754793	0.112521	0.0244656	0.00804378	
1.476e-08	490	0.336701	-0.497073	0.799719	0.483239	0.5543	0.11339	0.101607	0.221758	0.00741821	
1.482e-08	492	-0.038271	0.226055	-0.973362	0.595653	0.540694	0.0777309	0.0932119	0.58772	0.00820247	
1.488e-08	494	-0.230116	-0.227336	-0.946237	0.56164	0.561628	0.0948624	0.0626972	0.0147621	0.00417723	
1.494e-08	496	0.618148	0.575525	0.53541	0.467011	0.550538	0.116535	0.0797476	0.463924	0.00605301	
1.5e-08	498	0.81303	0.198853	-0.547212	0.541132	0.537554	0.101515	0.0617887	0.389446	0.00438377	
1.506e-08	500	-0.279191	0.922401	0.266887	0.541691	0.538408	0.081734	0.130947	0.0454694	0.0057118	
1.512e-08	502	0.0689255	0.971026	0.228817	0.438102	0.537357	0.0708524	0.113465	0.027501	0.00499233	
1.518e-08	504	-0.252794	0.0891911	-0.9634	0.565364	0.519979	0.118718	0.103829	0.0465168	0.0150265	
1.524e-08	506	0.0131918	0.805591	0.592325	0.514474	0.528901	0.103753	0.0600612	0.0143536	0.00389764	
1.53e-08	508	0.451155	-0.184402	0.873187	0.484944	0.5242	0.0698281	0.0916395	0.0230449	0.00625785	
1.536e-08	510	0.436126	0.747532	-0.500988	0.538461	0.520608	0.123705	0.12147	0.354913	0.00800237	
1.542e-08	512	-0.177895	-0.153473	-0.972008	0.56839	0.527632	0.10275	0.0598059	0.0378595	0.00473219	
1.548e-08	514	-0.304284	-0.226411	0.925283	0.508719	0.505372	0.1201	0.0982244	0.306369	0.00578178	
1.554e-08	516	0.608635	-0.166809	-0.775718	0.490946	0.503714	0.149422	0.0645509	0.263385	0.00641511	
1.56e-08	518	0.136604	-0.473248	-0.870273	0.414786	0.501477	0.147383	0.0701752	0.351428	0.00788729	
1.566e-08	520	0.965567	-0.0607443	0.252965	0.44013	0.512625	0.108051	0.112694	0.31202	0.00618478	
1.572e-08	522	0.125443	-0.0274529	0.991721	0.578412	0.508438	0.0966324	0.124909	0.341814	0.00869416	
1.578e-08	524	0.49201	-0.472569	0.731167	0.507011	0.511721	0.110379	0.128076	0.189639	0.00330046	
1.584e-08	526	-0.113922	-0.490416	-0.86401	0.441796	0.498439	0.0598708	0.130815	0.192416	0.00720832	
1.59e-08	528	0.337596	0.551556	0.762768	0.518036	0.517379	0.158876	0.100261	0.226315	0.00746491	
1.596e-08	530	0.0131762	-0.258965	-0.965797	0.510467	0.47932	0.100525	0.0630834	0.120178	0.00592413	
1.602e-08	532	-0.217881	-0.124045	-0.96806	0.502263	0.472211	0.0778304	0.0559647	0.305112	0.00712544	
1.608e-08	534	-0.536764	0.446614	0.715836	0.482383	0.472482	0.149915	0.0944391	0.272763	0.0109863	
1.614e-08	536	0.354767	0.185714	0.916325	0.542766	0.462575	0.0729276	0.125804	0.258495	0.00818549	
1.62e-08	538	-0.039802	0.99071	0.130036	0.50275	0.470924	0.103093	0.0949958	0.303753	0.00960359	
1.626e-08	540	-0.298422	-0.223738	-0.927839	0.5086	0.454746	0.0944986	0.0785147	0.247971	0.00471868	
1.632e-08	542	0.122222	0.26572	0.956271	0.498113	0.459403	0.0694069	0.0654051	0.328301	0.00867243	
1.638e-08	544	-0.595082	-0.313013	-0.740203	0.309054	0.451664	0.0840173	0.0566617	0.0233724	0.00662448	
1.644e-08	546	-0.362153	0.263185	-0.894192	0.418481	0.444169	0.0619897	0.0990268	0.243065	0.00911163	
1.65e-08	548	-0.17155	0.835314	-0.522324	0.442963	0.447086	0.0996275	0.103345	0.217122	0.00625322	
1.656e-08	550	0.268275	-0.581036	0.768392	0.550769	0.440453	0.11479	0.0888845	0.229937	0.0101926	
1.662e-08	552	0.108122	0.951911	0.286661	0.372328	0.433205	0.0728857	0.100758	0.228064	0.00662546	
1.668e-08	554	0.266711	0.125751	-0.955538	0.445252	0.430983	0.0922884	0.0381043	0.279562	0.0136305	
1.674e-08	556	-0.0777482	-0.356802	-0.930939	0.443309	0.433163	0.0897485	0.0815944	0.187717	0.00632433	
1.68e-08	558	0.610266	0.485804	-0.625755	0.399297	0.42439	0.0888351	0.0708169	0.16267	0.00877998	
1.686e-08	560	0.235442	0.35291	0.90555	0.535876	0.435042	0.0905204	0.0849011	0.249591	0.00957018	
1.692e-08	562	-0.268802	0.531807	0.803074	0.38323	0.437693	0.112395	0.0849226	0.240077	0.00984909	
1.698e-08	564	0.152152	0.341581	-0.927455	0.514627	0.435477	0.0438061	0.0783382	0.244749	0.00869492	
1.704e-08	566	0.776129	0.274448	-0.567716	0.388035	0.408447	0.0899642	0.0883859	0.0853404	0.0100271	
1.71e-08	568	0.31272	-0.906315	-0.284253	0.395922	0.395755	0.0603525	0.0862128	0.176965	0.0190244	
1.716e-08	570	-0.0567436	-0.519409	0.85264	0.197256	0.373551	0.0605393	0.0850742	0.177598	0.0243023	
1.722e-08	572	-0.326819	-0.0443922	-0.944044	0.413762	0.409932	0.0600226	0.105159	0.154972	0.00708343	
1.728e-08	574	0.135389	0.108594	-0.984823	0.319191	0.403507	0.123698	0.0600373	0.148221	0.00686	
1.734e-08	576	0.928694	0.309799	-0.203842	0.423822	0.372984	0.0681663	0.0755099	0.160212	0.0169843	
1.74e-08	578	0.536294	-0.815582	-0.217289	0.38071	0.3844	0.0659519	0.0854849	0.13363	0.00982793	
1.746e-08	580	0.811477	0.0391753	-0.58307	0.427567	0.39639	0.0641922	0.0781129	0.186218	0.00602041	
1.752e-08	582	-0.663572	-0.637445	-0.391582	0.316664	0.35361	0.0656104	0.0761302	0.132471	0.0170089	
1.758e-08	584	0.830249	0.22116	0.51164	0.35706	0.348573	0.0991351	0.0392375	0.115689	0.0143223	
1.764e-08	586	-0.643053	-0.200045	-0.739233	0.385121	0.358334	0.0385405	0.0806021	0.150122	0.010103	
1.77e-08	588	0.0236539	-0.132755	-0.990867	0.399182	0.372286	0.07107	0.0657827	0.118595	0.0190024	
1.776e-08	590	0.954293	-0.298856	0.003061	0.288084	0.351207	0.0958693	0.0449288	0.11134	0.0144042	
1.782e-08	592	0.186719	-0.741676	-0.644245	0.35461	0.358537	0.0856664	0.0532758	0.138184	0.0160279	
1.788e-08	594	0.837859	0.130611	-0.530031	0.294199	0.342641	0.0545691	0.0816187	0.117296	0.0105236	
1.794e-08	596	-0.323587	0.926814	-0.190543	0.43148	0.353473	0.0337584	0.0725206	0.140875	0.0114122	
1.8e-08	598	-0.109529	-0.178393	-0.977844	0.372479	0.301369	0.0344479	0.0412028	0.127569	0.0118679	
1.806e-08	600	-0.304224	-0.707655	-0.637709	0.345755	0.31465	0.0470974	0.0633927	0.0863548	0.011676	
1.812e-08	602	0.977982	0.181043	0.103798	0.299778	0.336364	0.0616463	0.0730638	0.109461	0.00933706	
1.818e-08	604	-0.179331	-0.607243	-0.774013	0.350176	0.308104	0.0527198	0.0692183	0.0827562	0.019817	
1.824e-08	606	-0.136256	-0.588134	0.797203	0.325788	0.308593	0.0402538	0.0552009	0.114906	0.015176	
1.83e-08	608	0.985703	0.150258	-0.0762367	0.329605	0.305466	0.0557888	0.0540955	0.083918	0.0137782	
1.836e-08	610	-0.546317	-0.784979	-0.292141	0.3173	0.306521	0.0665136	0.0732536	0.0633074	0.0100178	
1.842e-08	612	-0.615603	0.456485	-0.642381	0.289283	0.284598	0.0486346	0.0558052	0.0695747	0.0129508	
1.848e-08	614	0.77493	-0.449769	-0.444063	0.42923	0.295686	0.0832012	0.0391076	0.0655449	0.013186	
1.854e-08	616	0.220183	-0.166865	-0.96108	0.298413	0.273027	0.0489845	0.0462239	0.0681082	0.010991	
1.86e-08	618	-0.0958361	-0.117435	-0.988446	0.34049	0.283956	0.036423	0.0533736	0.0834327	0.00961933	
1.866e-08	620	-0.681826	-0.240965	-0.690688	0.303107	0.255074	0.0406346	0.042093	0.060692	0.0164242	
1.872e-08	622	0.617634	0.289777	0.731134	0.324259	0.293686	0.0454628	0.0457088	0.0941761	0.0133856	
1.878e-08	624	-0.891642	0.214634	-0.39863	0.164887	0.27851	0.0403166	0.0460912	0.0758556	0.0083342	
1.884e-08	626	0.947829	-0.145382	0.283699	0.17513	0.282182	0.0352903	0.0541771	0.0723263	0.00977546	
1.89e-08	628	0.00403109	0.195543	-0.980687	0.303925	0.252906	0.0557235	0.0355519	0.0561577	0.0199754	
1.896e-08	630	0.745736	-0.127438	-0.65394	0.318072	0.266615	0.0341788	0.0531014	0.059381	0.0100239	
1.902e-08	632	0.188028	-0.180959	0.965349	0.125872	0.268651	0.0392194	0.0339807	0.0701119	0.0078966	
1.908e-08	634	-0.551045	-0.489258	0.675999	0.317385	0.257857	0.0476249	0.039815	0.054847	0.00928819	
1.914e-08	636	0.506016	0.862379	-0.0158562	0.247894	0.261792	0.0451499	0.0347509	0.0647347	0.0103828	
1.92e-08	638	-0.223375	-0.907086	0.35679	0.257104	0.244694	0.0374817	0.0296675	0.0568187	0.0129295	
1.926e-08	640	-0.476873	0.809538	0.342404	0.319132	0.244009	0.038194	0.0347371	0.059476	0.0158838	
1.932e-08	642	0.0925083	-0.744485	-0.661199	0.3091	0.24822	0.0321711	0.0355687	0.0566299	0.0115567	
1.938e-08	644	-0.459923	-0.00953555	0.887908	0.341057	0.23185	0.0301657	0.0285765	0.0629365	0.0169105	
1.944e-08	646	-0.222203	-0.948959	-0.223837	0.14701	0.22273	0.0356391	0.0319077	0.0327466	0.0101472	
1.95e-08	648	-0.746203	0.000215894	-0.665718	0.106722	0.208772	0.0267921	0.0302227	0.0376972	0.0125932	
1.956e-08	650	0.107158	0.782631	-0.613194	0.130773	0.236289	0.0465107	0.0315002	0.0439658	0.0168355	
1.962e-08	652	0.702865	0.563583	0.433998	0.285183	0.234581	0.0365924	0.0300295	0.0500038	0.0140111	
1.968e-08	654	0.0680964	0.978059	-0.196885	0.214233	0.205604	0.0261843	0.0397797	0.0263683	0.01169	
1.974e-08	656	0.782198	0.408801	0.470157	0.221343	0.217746	0.0217945	0.0340445	0.0323957	0.00739266	
1.98e-08	658	0.512023	-0.588235	-0.625949	0.12444	0.188446	0.020918	0.0148846	0.0371429	0.0082552	
1.986e-08	660	-0.593916	0.166706	0.787066	0.23883	0.228787	0.0250735	0.0404844	0.0397951	0.0130937	
1.992e-08	662	0.984074	-0.0103956	-0.177457	0.0962423	0.16949	0.0221354	0.0133804	0.0259145	0.00738913	
1.998e-08	664	0.617569	-0.287459	-0.732104	0.195483	0.225938	0.0313487	0.0320461	0.0384647	0.00768609	
2.004e-08	666	-0.311772	-0.731125	0.60684	0.192603	0.18384	0.0183624	0.0209145	0.0340562	0.0100568	
2.01e-08	668	-0.190099	-0.0907422	0.977562	0.236945	0.207043	0.019636	0.0279242	0.0313752	0.00701861	
2.016e-08	670	-0.604198	0.301446	-0.737614	0.149581	0.195117	0.0206023	0.0277515	0.0307437	0.0103848	
2.022e-08	672	-0.25411	-0.36308	0.896438	0.38879	0.201935	0.020433	0.0311941	0.0357309	0.0114655	
2.028e-08	674	0.771428	0.462665	0.436853	0.222177	0.191099	0.0216651	0.0179806	0.0338582	0.00655429	
2.034e-08	676	-0.715156	0.549781	-0.431617	0.192127	0.201706	0.017659	0.0248408	0.0387566	0.0059685	
2.04e-08	678	-0.997362	-0.0520519	0.0506	0.29302	0.178834	0.0219191	0.0178149	0.0249252	0.00721251	
2.046e-08	680	0.875706	0.108645	-0.470462	0.0522941	0.155971	0.0156056	0.0117376	0.02284	0.00888968	
2.052e-08	682	0.73207	-0.385043	0.561974	0.0917632	0.179489	0.0228584	0.0244577	0.0196576	0.00776403	
2.058e-08	684	-0.961811	-0.152265	-0.227452	0.122143	0.192763	0.022327	0.0112317	0.0419613	0.00802344	
2.064e-08	686	0.916892	-0.071658	-0.392651	0.151041	0.166786	0.00949561	0.0118063	0.0301864	0.00487692	
2.07e-08	688	0.223392	-0.033316	0.974159	0.168936	0.175283	0.0217707	0.0169372	0.0241104	0.00801329	
2.076e-08	690	-0.599537	-0.799855	0.0280686	0.127731	0.15775	0.0149305	0.0169397	0.014338	0.00399137	
2.082e-08	692	-0.802675	-0.411121	-0.432079	0.161151	0.183368	0.0331428	0.0127727	0.0263286	0.0115547	
2.088e-08	694	0.146995	-0.471979	0.869269	0.203019	0.188326	0.0161314	0.0168016	0.0332989	0.00470041	
2.094e-08	696	-0.453544	-0.0237072	0.890918	0.0994344	0.167531	0.0151659	0.0203978	0.0201091	0.00600388	
2.1e-08	698	-0.372493	0.304148	-0.87678	0.0601382	0.156718	0.0164332	0.00963324	0.0259825	0.00740599	
2.106e-08	700	0.383113	0.0546451	0.922083	0.114844	0.160589	0.0144981	0.016763	0.0198428	0.00486712	
2.112e-08	702	-0.754786	0.201773	-0.624168	0.273319	0.15438	0.0171282	0.0154828	0.0181576	0.00771864	
2.118e-08	704	-0.0616906	-0.351234	-0.934253	0.135586	0.164206	0.00849159	0.0145963	0.0304831	0.00638869	
2.124e-08	706	0.930813	-0.0810991	-0.356385	0.109765	0.160152	0.0167879	0.0160167	0.0185278	0.0060886	
2.13e-08	708	-0.0239827	0.503837	0.863466	0.247941	0.169223	0.0198618	0.0208346	0.0195292	0.009316	
2.136e-08	710	0.64058	-0.024442	-0.767502	0.103428	0.15987	0.0146173	0.0159533	0.0218031	0.0069258	
2.142e-08	712	0.785556	0.0531437	0.616504	0.221789	0.148167	0.00952928	0.0145209	0.0206001	0.0062684	
2.148e-08	714	-0.316886	-0.0598647	-0.946572	0.0714376	0.173058	0.0183594	0.0159925	0.0226402	0.00554384	
2.154e-08	716	0.0410487	0.665328	0.745421	0.176723	0.127483	0.00937626	0.00946348	0.0142054	0.00602779	
2.16e-08	718	-0.218602	-0.931957	-0.289255	0.0362879	0.153731	0.0129363	0.0154368	0.0211047	0.00807999	
2.166e-08	720	0.2954	0.868279	-0.398535	0.136444	0.146297	0.0150992	0.0130277	0.0128329	0.00383889	
2.172e-08	722	0.632564	0.672122	0.384857	0.0777734	0.134084	0.00878297	0.0105023	0.0169002	0.00516855	
2.178e-08	724	-0.0115328	0.805712	-0.592196	0.128652	0.148682	0.0114821	0.0135964	0.0180008	0.00480481	
2.184e-08	726	0.0472772	0.993914	0.0994964	0.0856762	0.137752	0.0127961	0.0107644	0.0121537	0.00450755	
2.19e-08	728	-0.659253	0.744539	0.105111	0.198468	0.127223	0.0102534	0.00881657	0.0146273	0.00613279	
2.196e-08	730	0.601324	0.770307	-0.212218	0.103625	0.137852	0.0123911	0.0110216	0.0138161	0.00459433	
2.202e-08	732	-0.746813	-0.388716	0.539602	0.148829	0.123043	0.00841516	0.00909173	0.00975654	0.00285802	
2.208e-08	734	-0.65954	-0.66463	0.351104	0.174093	0.139102	0.00728554	0.0118842	0.0192785	0.00592588	
2.214e-08	736	0.210729	0.289474	0.933701	0.0112361	0.133392	0.0108851	0.0115861	0.0108673	0.00513133	
2.22e-08	738	-0.916042	-0.341259	-0.210736	0.158957	0.145138	0.0136325	0.0119828	0.012581	0.00287226	
2.226e-08	740	-0.78186	-0.0520235	0.62128	0.213959	0.13519	0.0141054	0.00979612	0.0130706	0.00600043	
2.232e-08	742	0.453428	0.870993	-0.189138	0.120625	0.123408	0.00721077	0.0119597	0.0110099	0.00471488	
2.238e-08	744	-0.742792	-0.00786623	0.669476	0.0466959	0.127012	0.0112741	0.00882954	0.0115779	0.00514985	
2.244e-08	746	0.85523	0.199972	-0.478113	0.0767312	0.139403	0.0101878	0.0115036	0.0144949	0.00400397	
2.25e-08	748	-0.204957	-0.700885	0.683193	0.105651	0.142529	0.014361	0.0114021	0.0120342	0.00425172	
2.256e-08	750	0.837664	-0.214543	-0.502284	0.11275	0.131772	0.0162569	0.00545775	0.0103189	0.00314725	
2.262e-08	752	-0.249727	-0.968253	-0.011057	0.09245	0.111953	0.00919608	0.0105633	0.00457114	0.00353083	
2.268e-08	754	0.217308	-0.479547	0.850183	0.0918525	0.111741	0.00820725	0.00887872	0.00666578	0.00307059	
2.274e-08	756	0.365166	-0.314934	-0.876054	0.0200456	0.104835	0.00690512	0.00631915	0.00864458	0.0055859	
2.28e-08	758	0.922408	0.229569	-0.310584	0.167497	0.127321	0.0115169	0.00624595	0.0136032	0.00481595	
2.286e-08	760	0.0530712	0.457578	-0.887584	0.123888	0.112287	0.0088111	0.00731555	0.00904211	0.00419179	
2.292e-08	762	0.209607	0.960266	-0.184265	0.107573	0.106177	0.00490008	0.0083292	0.00656741	0.00207098	
2.298e-08	764	-0.337124	-0.218736	-0.915697	0.0781619	0.107302	0.00757699	0.00432155	0.00876242	0.00229868	
2.304e-08	766	0.249835	-0.432266	-0.866446	0.0589529	0.12602	0.00675032	0.014675	0.00742857	0.0025926	
2.31e-08	768	-0.142698	0.980683	-0.133788	0.145133	0.126368	0.0132435	0.00870033	0.00707211	0.00411028	
2.316e-08	770	-0.797705	-0.0373666	-0.601889	0.14552	0.117823	0.00569136	0.00721934	0.00995872	0.00307724	
2.322e-08	772	-0.841081	-0.213989	-0.496781	0.145714	0.115635	0.00916491	0.00699568	0.0083782	0.0032753	
2.328e-08	774	0.643649	0.212934	0.735102	0.113906	0.121342	0.00967487	0.00704595	0.00909717	0.00289332	
2.334e-08	776	0.771352	-0.634639	-0.0474319	0.0887385	0.109379	0.00646758	0.00586049	0.00803448	0.00143593	
2.34e-08	778	-0.428722	-0.617573	0.659394	0.134565	0.104963	0.00475002	0.00659017	0.00677782	0.00317756	
2.346e-08	780	0.875542	0.451582	-0.171757	0.0843083	0.10992	0.0075584	0.00552923	0.00853977	0.00257754	
2.352e-08	782	0.736386	-0.0321132	-0.675799	0.159274	0.100579	0.0059362	0.00353602	0.00825511	0.00204653	
2.358e-08	784	0.737623	-0.332747	0.587529	0.087019	0.106005	0.00824882	0.00766094	0.00638514	0.00447082	
2.364e-08	786	0.0390091	0.866787	-0.497151	0.166895	0.10942	0.00687487	0.00654182	0.00632775	0.00188963	
2.37e-08	788	0.729022	-0.48453	0.483485	0.129078	0.112294	0.00607102	0.00686095	0.00898162	0.00302713	
2.376e-08	790	0.951925	0.304254	0.035608	0.113178	0.11569	0.00651872	0.00853125	0.0107833	0.00444619	
2.382e-08	792	0.0891162	0.418568	-0.903802	0.143071	0.127711	0.00704469	0.010574	0.0112765	0.00314198	
2.388e-08	794	0.464303	0.501299	0.730152	0.0754466	0.101863	0.00679809	0.00414844	0.00745606	0.00217722	
2.394e-08	796	-0.0475491	0.00635968	0.998849	0.0381842	0.10643	0.00581229	0.00649812	0.00842023	0.00321467	
2.4e-08	798	0.416606	0.670986	-0.613365	0.0398755	0.101985	0.00737125	0.00701648	0.00438674	0.00294857	
2.406e-08	800	0.298933	0.791981	0.532358	0.102284	0.114066	0.00633513	0.00758912	0.0107936	0.00458102	
2.412e-08	802	0.431905	-0.09959	-0.896404	0.0880893	0.095168	0.00604014	0.00335425	0.00673404	0.00193522	
2.418e-08	804	-0.0590116	0.548987	0.833745	0.0191636	0.119517	0.0114689	0.0061962	0.00864648	0.00390791	
2.424e-08	806	-0.0183404	-0.254329	-0.966944	0.159197	0.116305	0.00980071	0.00566111	0.00791999	0.00353265	
2.43e-08	808	0.914146	-0.266338	0.305615	0.0510337	0.100217	0.00551661	0.00482882	0.00803651	0.00272389	
2.436e-08	810	-0.316424	0.920168	0.23058	0.113982	0.102573	0.00377422	0.00693415	0.00716745	0.00164346	
2.442e-08	812	-0.411636	0.818161	-0.401459	0.096022	0.0978034	0.00408656	0.00444735	0.00756601	0.00128251	
2.448e-08	814	0.0493229	-0.98485	-0.166245	0.138066	0.115142	0.00519987	0.00901	0.00832828	0.00263811	
2.454e-08	816	0.40632	-0.792791	0.454298	0.108325	0.0911437	0.00442187	0.00601792	0.00379947	0.00148512	
2.46e-08	818	-0.841793	0.358029	0.403979	0.111156	0.107641	0.00557205	0.00496162	0.00753732	0.00301855	
2.466e-08	820	0.918975	-0.0549998	0.390462	0.109528	0.0973754	0.00486212	0.00646434	0.00739869	0.00428617	
2.472e-08	822	-0.372456	0.872901	-0.315152	0.0470875	0.095293	0.00605882	0.00535629	0.00535077	0.00315144	
2.478e-08	824	-0.621175	0.0644122	0.78102	0.180641	0.093605	0.00527523	0.00228207	0.00649866	0.00178539	
2.484e-08	826	-0.805776	-0.189138	0.561205	0.0979262	0.0894914	0.00403443	0.00436913	0.00548084	0.00179512	
2.49e-08	828	0.00958595	-0.82872	0.559581	0.085108	0.0909672	0.00673063	0.00366795	0.00418531	0.00224422	
2.496e-08	830	0.16873	0.977661	-0.125338	0.0629006	0.0930492	0.00372351	0.00496041	0.00657698	0.00342643	
2.502e-08	832	0.131795	0.715876	0.685676	0.0859831	0.105066	0.00840686	0.00426108	0.00701727	0.00323174	
2.508e-08	834	-0.993486	0.0982928	0.0576584	0.0995353	0.0982405	0.00614578	0.00363889	0.0056658	0.00165117	
2.514e-08	836	0.754422	0.549685	-0.35874	0.0314618	0.0782976	0.00286399	0.00283484	0.00485299	0.00146212	
2.52e-08	838	0.954048	0.201413	0.221865	0.123679	0.111391	0.00881822	0.00532297	0.00675052	0.00248687	
2.526e-08	840	0.115896	-0.375508	0.919544	0.0792835	0.0852634	0.00532855	0.00304774	0.00377483	0.00214865	
2.532e-08	842	0.692436	-0.696623	0.187744	0.157917	0.0963217	0.00515421	0.00315613	0.00771118	0.00227408	
2.538e-08	844	0.821605	0.385096	0.420317	0.117812	0.0962078	0.00625768	0.00460766	0.0038069	0.00153711	
2.544e-08	846	-0.204198	-0.282335	0.937331	0.129093	0.103345	0.00417989	0.00711618	0.00746986	0.00287952	
2.55e-08	848	0.66217	0.335185	-0.67021	0.0435317	0.109829	0.00696035	0.00577421	0.00711474	0.00248906	
2.556e-08	850	-0.29289	-0.396477	0.87007	0.102424	0.104595	0.00436315	0.00659636	0.00671134	0.00173875	
2.562e-08	852	-0.42895	0.864959	-0.260474	0.0924043	0.0906162	0.00369286	0.00642136	0.00398821	0.00244415	
2.568e-08	854	-0.889696	0.423059	0.171645	0.0691217	0.0945991	0.00539288	0.00363403	0.00592248	0.00280333	
2.574e-08	856	0.756281	0.60185	-0.256546	0.0844395	0.0768428	0.00329423	0.00251528	0.00385884	0.00117627	
2.58e-08	858	0.799558	-0.385265	-0.460736	0.117734	0.0846495	0.00421174	0.00371085	0.00413011	0.00151735	
2.586e-08	860	-0.313128	0.784927	0.534641	0.115226	0.0953779	0.00687906	0.00389148	0.00451299	0.00206268	
2.592e-08	862	-0.603015	0.13783	-0.785733	0.109205	0.0851001	0.00307725	0.0029447	0.00668929	0.00219554	
2.598e-08	864	0.70199	-0.422671	0.573201	0.0933881	0.0913686	0.00603848	0.0045652	0.0039697	0.00244272	
2.604e-08	866	0.590483	-0.209612	-0.779354	0.0324907	0.0925446	0.00711899	0.00219902	0.00489546	0.00186435	
2.61e-08	868	-0.948223	-0.276836	-0.155678	0.0860561	0.0979746	0.00643974	0.00474067	0.00562448	0.0027861	
2.616e-08	870	0.670282	0.741699	0.0245638	0.0648548	0.0856445	0.00437483	0.00207768	0.00512307	0.00153938	
2.622e-08	872	-0.747996	0.0337233	0.662846	0.125148	0.0882288	0.00374941	0.0036509	0.00490525	0.00150241	
2.628e-08	874	-0.965713	0.194306	0.172171	0.0783775	0.103707	0.00536864	0.00857685	0.00425312	0.00286675	
2.634e-08	876	0.00145613	-0.953213	-0.302294	0.107661	0.0856829	0.0029818	0.003218	0.00592506	0.00163223	
2.64e-08	878	-0.712906	0.384714	-0.58631	0.0349932	0.0840199	0.00399163	0.00382553	0.00351405	0.00145554	
2.646e-08	880	0.789516	0.234758	0.567057	0.135815	0.0897952	0.00349623	0.00558032	0.00301107	0.001537	
2.652e-08	882	0.377896	0.593209	-0.710844	0.0626616	0.0808634	0.00201837	0.00396106	0.00394447	0.0014122	
2.658e-08	884	-0.0979978	-0.658716	0.745983	0.063163	0.0852751	0.00277517	0.0029825	0.00570718	0.0021057	
2.664e-08	886	0.494555	0.753914	-0.432469	0.0896265	0.0979802	0.00516249	0.00638919	0.0049582	0.00291504	
2.67e-08	888	-0.12608	0.43079	-0.893602	0.0792547	0.0762316	0.00170357	0.00253044	0.00539656	0.00189657	
2.676e-08	890	0.635249	0.109961	0.76444	0.0984725	0.0942952	0.00451878	0.00407386	0.00533083	0.00154181	
2.682e-08	892	-0.267039	-0.283712	0.920977	0.0812838	0.0783797	0.00291928	0.00359023	0.00303247	0.00173725	
2.688e-08	894	-0.626905	-0.556033	0.545727	0.0863371	0.0948395	0.00624412	0.00344366	0.00440691	0.0016506	
2.694e-08	896	0.0532872	-0.206252	-0.977047	0.0960061	0.0854197	0.0032744	0.00473331	0.00337097	0.00139012	
2.7e-08	898	-0.470606	-0.541935	0.696302	0.0905624	0.0724059	0.00307548	0.00319152	0.00210604	0.00127019	
2.706e-08	900	0.70571	-0.508142	-0.493726	0.070767	0.0775632	0.00337577	0.00242876	0.00386358	0.00124068	
