#----------------------------------------------------------------------------------------------------------------------------------------------------------
# Output file for vampire simulation
#   time       : 2024-08-29 04:53:07     process id : 388579
#   hostname   : node115.viking2.yor.alces.network
#   path       : /users/ky883/parameter/WS_dia5/AI_Dataset/size_3.0_3.0_5.0/Temp_900/random_1
#----------------------------------------------------------------------------------------------------------------------------------------------------------
6e-11	0	0.0236531	0.0174476	0.999568	0.999997	0.999994	0	0	0	0	
1.2e-10	2	-0.0106427	0.00468841	0.999932	0.998877	0.998847	0.0433714	0.0227985	5.52968e-06	4.47773e-06	
1.8e-10	4	0.00489907	0.00791557	0.999957	0.997672	0.997685	0.043092	0.0707921	2.72813e-05	1.00525e-05	
2.4e-10	6	-0.00228414	0.00199244	0.999995	0.996537	0.996526	0.0275385	0.0396497	1.58925e-05	1.37168e-05	
3e-10	8	0.0200881	0.0145097	0.999693	0.995755	0.995431	0.0605175	0.0771423	2.00442e-05	1.31218e-05	
3.6e-10	10	-0.0190519	-0.0173553	0.999668	0.993839	0.994294	0.0544386	0.0458404	3.97292e-05	2.30031e-05	
4.2e-10	12	-0.0190423	-0.0347154	0.999216	0.992399	0.993036	0.0542063	0.0685201	6.17926e-05	4.43815e-05	
4.8e-10	14	-0.00571367	-0.00883244	0.999945	0.992407	0.991807	0.0340226	0.0357776	3.78284e-05	3.38092e-05	
5.4e-10	16	-0.0297042	0.00386858	0.999551	0.989947	0.99067	0.0767728	0.0437197	0.000105368	4.17154e-05	
6e-10	18	0.00911863	0.0038619	0.999951	0.990402	0.989454	0.0609882	0.0577088	6.44122e-05	5.47692e-05	
6.6e-10	20	-0.0116644	0.012738	0.999851	0.987497	0.988398	0.0286803	0.0505901	7.32215e-05	5.14459e-05	
7.2e-10	22	0.0282219	-0.0294063	0.999169	0.987633	0.987166	0.0408822	0.0376271	7.254e-05	5.60518e-05	
7.8e-10	24	0.0197317	0.00857897	0.999769	0.985629	0.986193	0.0343146	0.0591466	8.68953e-05	4.77091e-05	
8.4e-10	26	-0.029618	-0.0225038	0.999308	0.985137	0.984718	0.0440606	0.0661471	9.65923e-05	6.92475e-05	
9e-10	28	-0.0310049	-0.0186741	0.999345	0.983952	0.983714	0.0551044	0.0512687	9.40165e-05	8.1491e-05	
9.6e-10	30	-0.00045619	-0.00303109	0.999995	0.982164	0.982651	0.0620705	0.0763794	0.000111629	9.48741e-05	
1.02e-09	32	-0.0169694	-0.00804935	0.999824	0.982157	0.981202	0.0679655	0.0331626	0.000110597	7.17276e-05	
1.08e-09	34	-0.0151021	-0.0184014	0.999717	0.976484	0.980054	0.0465663	0.0521082	0.000106282	8.47039e-05	
1.14e-09	36	-0.0128731	0.001789	0.999916	0.977999	0.978954	0.0354086	0.0645988	7.09379e-05	5.39044e-05	
1.2e-09	38	0.0299688	-0.0310943	0.999067	0.977758	0.977784	0.0350638	0.0383737	9.91536e-05	6.23933e-05	
1.26e-09	40	0.00956807	-0.0188035	0.999777	0.977325	0.97655	0.038248	0.0577373	0.000102361	6.11354e-05	
1.32e-09	42	0.00554556	0.0165908	0.999847	0.975478	0.974963	0.0313949	0.0407462	0.00013763	0.000118475	
1.38e-09	44	0.0198675	-0.00899046	0.999762	0.975584	0.974178	0.0500019	0.0267505	0.000107483	9.09219e-05	
1.44e-09	46	0.0441503	-0.0378937	0.998306	0.972156	0.973411	0.0529164	0.0470904	9.44549e-05	6.42855e-05	
1.5e-09	48	-0.0409777	0.0172395	0.999011	0.973814	0.972059	0.0809402	0.0599987	0.000176198	7.35552e-05	
1.56e-09	50	0.00970389	0.0369588	0.99927	0.971224	0.970448	0.0577291	0.0478647	0.000252043	0.000135319	
1.62e-09	52	0.0384956	-0.0610307	0.997393	0.967229	0.969076	0.0375252	0.0376198	0.000164362	0.000129029	
1.68e-09	54	0.00346337	-0.00225814	0.999991	0.967519	0.968043	0.0468001	0.0574431	0.000183486	0.000154825	
1.74e-09	56	0.0373263	-0.00779353	0.999273	0.966049	0.967285	0.0302558	0.0575137	0.000145598	9.4287e-05	
1.8e-09	58	0.0130079	0.0397408	0.999125	0.964234	0.965176	0.0537099	0.0384417	0.000138588	0.000104168	
1.86e-09	60	0.0249003	0.0210411	0.999468	0.965904	0.964769	0.0517633	0.0594875	0.000250037	0.000129859	
1.92e-09	62	-0.064714	-0.00594391	0.997886	0.962791	0.9633	0.0884752	0.0464456	0.000286861	0.000247136	
1.98e-09	64	0.00282112	0.0393446	0.999222	0.96117	0.962224	0.0425772	0.0851718	0.000320391	0.000255563	
2.04e-09	66	0.0422997	0.00805514	0.999072	0.961534	0.960829	0.0222527	0.033735	0.000162798	0.000146851	
2.1e-09	68	-0.0318202	0.02815	0.999097	0.95638	0.959376	0.0343904	0.0515019	0.000278665	0.000176764	
2.16e-09	70	0.0065347	0.00225783	0.999976	0.959137	0.958211	0.0422562	0.0758601	0.000269865	0.000190769	
2.22e-09	72	0.0990262	0.0292626	0.994654	0.959783	0.957302	0.0444177	0.0612367	0.000196942	0.000152716	
2.28e-09	74	-0.0653799	-0.0226288	0.997604	0.956019	0.956808	0.0590954	0.0431717	0.000146834	7.3533e-05	
2.34e-09	76	0.00180616	0.0929307	0.995671	0.955912	0.955252	0.0549723	0.047118	0.000255767	0.000133125	
2.4e-09	78	0.0299414	-0.0852532	0.995909	0.957083	0.953964	0.0756011	0.0538508	0.000526857	0.000343429	
2.46e-09	80	0.0196617	-0.0180922	0.999643	0.946488	0.951748	0.0827941	0.0488125	0.000480568	0.000245238	
2.52e-09	82	-0.0267805	-0.052335	0.99827	0.952108	0.949971	0.0495384	0.0689789	0.000327608	0.000208788	
2.58e-09	84	-0.00217928	-0.109494	0.993985	0.949294	0.949543	0.0709536	0.0711928	0.000308244	0.000134053	
2.64e-09	86	0.0235503	0.0284544	0.999318	0.942605	0.948325	0.056452	0.0484649	0.0002189	0.000169456	
2.7e-09	88	-0.101532	-0.0507227	0.993538	0.948794	0.947393	0.0357346	0.0550259	0.000284755	0.000216079	
2.76e-09	90	-0.0190227	-0.0508359	0.998526	0.94706	0.945929	0.0464997	0.0877802	0.000320974	0.00020891	
2.82e-09	92	-0.0485221	0.0309462	0.998343	0.94287	0.944083	0.0344707	0.0578367	0.00030411	0.000194259	
2.88e-09	94	-0.0170281	0.00117933	0.999854	0.942852	0.943115	0.0477925	0.0640959	0.00038617	0.000233287	
2.94e-09	96	0.00919401	-0.0188724	0.99978	0.941387	0.942007	0.0508946	0.0514241	0.00019285	0.000180735	
3e-09	98	-0.0381401	0.102237	0.994029	0.941398	0.941671	0.0494209	0.0540817	0.000329382	0.000187065	
3.06e-09	100	0.0368556	-0.0124165	0.999243	0.943463	0.939826	0.0577962	0.0524622	0.000373531	0.000153621	
3.12e-09	102	-0.023249	-0.0768469	0.996772	0.937201	0.938051	0.0329739	0.0532049	0.000446781	0.000211142	
3.18e-09	104	-0.116239	0.0913058	0.989016	0.934432	0.93723	0.037619	0.0464193	0.000434068	0.000379394	
3.24e-09	106	-0.0912516	0.0959367	0.991196	0.93588	0.934895	0.0797364	0.06157	0.000439829	0.000376936	
3.3e-09	108	0.00324098	-0.0470207	0.998889	0.937939	0.934318	0.0593719	0.0474356	0.000372287	0.000270333	
3.36e-09	110	-0.0637683	0.0431996	0.997029	0.937607	0.932861	0.0641402	0.072426	0.000351251	0.000233129	
3.42e-09	112	0.000262766	-0.0543627	0.998521	0.932784	0.931062	0.0436465	0.107446	0.00105041	0.000569059	
3.48e-09	114	-0.0254687	0.0482387	0.998511	0.929183	0.930838	0.0720344	0.0571964	0.000761666	0.000633712	
3.54e-09	116	-0.0182044	0.0254513	0.99951	0.933365	0.929635	0.0639316	0.0310338	0.000290612	0.00011902	
3.6e-09	118	0.107422	-0.0442274	0.993229	0.931759	0.92931	0.0503903	0.0581723	0.000331897	0.000196279	
3.66e-09	120	0.0427205	-0.00805422	0.999055	0.917236	0.926805	0.0614473	0.065798	0.000682179	0.000504743	
3.72e-09	122	0.0418515	-0.0334684	0.998563	0.919273	0.92657	0.0488146	0.049339	0.000530835	0.000388402	
3.78e-09	124	-0.0957428	-0.019373	0.995218	0.92491	0.924756	0.0784086	0.0406932	0.000276992	0.000284039	
3.84e-09	126	-0.030866	0.00317693	0.999518	0.916758	0.923721	0.0667323	0.0556719	0.000458723	0.000288111	
3.9e-09	128	-0.0198672	-0.0560368	0.998231	0.923976	0.919375	0.0496616	0.0487401	0.000456079	0.000296402	
3.96e-09	130	-0.0801027	0.0056596	0.996771	0.92165	0.920841	0.0766414	0.0544494	0.000655599	0.000375275	
4.02e-09	132	0.0246191	0.0181623	0.999532	0.924113	0.919811	0.0449688	0.0217621	0.000486947	0.000387573	
4.08e-09	134	0.00367841	-0.075816	0.997115	0.914195	0.918187	0.0799229	0.0728572	0.000448946	0.000336228	
4.14e-09	136	0.0694983	0.0468584	0.996481	0.917996	0.91649	0.0768066	0.0450854	0.000349067	0.000207013	
4.2e-09	138	-0.0101561	-0.066779	0.997716	0.913432	0.915009	0.064255	0.0561996	0.000545033	0.000336775	
4.26e-09	140	-0.17318	-0.118607	0.977722	0.913079	0.91336	0.073827	0.0593813	0.000706495	0.000327239	
4.32e-09	142	0.0538281	0.0602826	0.996729	0.905834	0.911743	0.0535773	0.0478166	0.000738431	0.000592132	
4.38e-09	144	-0.0267965	0.00806377	0.999608	0.910555	0.912716	0.0739483	0.0806391	0.000957424	0.000496994	
4.44e-09	146	-0.0479894	0.0144121	0.998744	0.914526	0.909307	0.0653444	0.0673845	0.00077492	0.000438024	
4.5e-09	148	-0.0826232	-0.0297486	0.996137	0.910341	0.907151	0.0517309	0.0436756	0.00042451	0.000337014	
4.56e-09	150	0.0110775	0.0803719	0.996703	0.919468	0.906364	0.0250182	0.0325862	0.000657196	0.000655918	
4.62e-09	152	-0.0438795	-0.077552	0.996022	0.906005	0.906573	0.0753366	0.050589	0.000620537	0.000477555	
4.68e-09	154	0.0227703	-0.0521864	0.998378	0.905264	0.905653	0.047028	0.0695338	0.000470861	0.000326619	
4.74e-09	156	0.0280738	-0.0482865	0.998439	0.896543	0.902907	0.0333364	0.0528081	0.000453041	0.000507108	
4.8e-09	158	0.0288122	-0.00574016	0.999568	0.903473	0.900922	0.0356266	0.051341	0.000904194	0.000370844	
4.86e-09	160	-0.0471925	0.0885694	0.994951	0.899659	0.899805	0.0473415	0.0974221	0.00102344	0.000595393	
4.92e-09	162	0.0194745	0.0520453	0.998455	0.886071	0.899321	0.0507486	0.0477041	0.000572235	0.000366252	
4.98e-09	164	0.0349933	0.00704162	0.999363	0.894145	0.897537	0.0369335	0.061312	0.000828344	0.000468814	
5.04e-09	166	-0.0797781	-0.0415205	0.995948	0.894485	0.897732	0.0634756	0.0595394	0.000634058	0.000364954	
5.1e-09	168	-0.097959	0.0282873	0.994788	0.888063	0.89481	0.0446531	0.0454345	0.000437318	0.000295751	
5.16e-09	170	0.0137022	-0.0177515	0.999749	0.899374	0.894348	0.0660903	0.0609815	0.000564925	0.000317993	
5.22e-09	172	-0.0205204	-0.106195	0.994134	0.878471	0.890353	0.0427719	0.0821795	0.000473562	0.000411904	
5.28e-09	174	-0.00790581	-0.0127138	0.999888	0.887396	0.890256	0.035129	0.0546043	0.000750594	0.000647798	
5.34e-09	176	-0.17533	-0.00182474	0.984508	0.897089	0.891028	0.0559559	0.0981288	0.000879623	0.000435891	
5.4e-09	178	0.0168471	-0.0334381	0.999299	0.887806	0.886642	0.0555084	0.0551093	0.00087516	0.000520977	
5.46e-09	180	-0.0303133	0.0810508	0.996249	0.879799	0.885727	0.0477166	0.0619521	0.00114945	0.000883335	
5.52e-09	182	-0.0501495	0.0124346	0.998664	0.888541	0.882809	0.0587833	0.0482533	0.000932696	0.00101134	
5.58e-09	184	-0.0471701	-0.0237275	0.998605	0.880803	0.884582	0.0448226	0.0626839	0.00137048	0.000712503	
5.64e-09	186	0.0550145	-0.095021	0.993954	0.881627	0.879841	0.0800087	0.0471757	0.000648023	0.000411451	
5.7e-09	188	-0.0148666	-0.013211	0.999802	0.877112	0.876303	0.0328568	0.0451576	0.00142784	0.00089688	
5.76e-09	190	0.0146686	-0.00515872	0.999879	0.869071	0.879253	0.0494785	0.0711258	0.000683398	0.000412117	
5.82e-09	192	0.0291791	-0.205587	0.978204	0.872357	0.877912	0.0294119	0.0774803	0.00101163	0.000827172	
5.88e-09	194	-0.0342916	0.100358	0.99436	0.878636	0.877627	0.0747006	0.034616	0.000854847	0.000512094	
5.94e-09	196	-0.0127795	-0.165874	0.986064	0.872422	0.872891	0.0462911	0.0659051	0.00106925	0.000625052	
6e-09	198	0.104198	0.0456787	0.993507	0.87017	0.874112	0.0489157	0.0527999	0.000829717	0.000450546	
6.06e-09	200	-0.148604	0.127162	0.980687	0.880161	0.872225	0.0467745	0.0579579	0.000687127	0.000666885	
6.12e-09	202	0.00190221	0.0294728	0.999564	0.879839	0.870452	0.0571694	0.0620596	0.00212881	0.00109812	
6.18e-09	204	0.015026	0.0432485	0.998951	0.860834	0.870496	0.139965	0.0531058	0.00102784	0.000701193	
6.24e-09	206	-0.0490022	0.0205278	0.998588	0.874845	0.869432	0.0434082	0.062535	0.000977944	0.000789154	
6.3e-09	208	-0.109673	-0.0449196	0.992952	0.858378	0.864637	0.0452403	0.0790117	0.00106585	0.000954051	
6.36e-09	210	0.0649252	0.0407924	0.997056	0.877391	0.865345	0.0624211	0.0664064	0.000951749	0.000471182	
6.42e-09	212	0.00146374	0.00515962	0.999986	0.86364	0.864328	0.0372481	0.0604216	0.000921672	0.000606532	
6.48e-09	214	0.0533603	-0.01932	0.998388	0.863813	0.862186	0.0662615	0.0534471	0.000891436	0.000631119	
6.54e-09	216	-0.0368449	0.123745	0.99163	0.867443	0.861512	0.107232	0.0602765	0.00125437	0.000742943	
6.6e-09	218	-0.000208478	-0.0368183	0.999322	0.863147	0.859574	0.0356935	0.0475642	0.00151584	0.000736521	
6.66e-09	220	-0.0440421	-0.0392766	0.998257	0.870864	0.858445	0.0571718	0.0487544	0.0013673	0.000968529	
6.72e-09	222	-0.123702	0.0282577	0.991917	0.866448	0.857317	0.0435388	0.0474167	0.000553955	0.00059257	
6.78e-09	224	0.0318577	0.12551	0.991581	0.846409	0.85422	0.0724869	0.0875801	0.00235157	0.000686654	
6.84e-09	226	0.0794518	0.117545	0.989884	0.861801	0.854583	0.0550606	0.0632179	0.00122253	0.000831274	
6.9e-09	228	0.13109	-0.0066108	0.991348	0.854799	0.853388	0.0818725	0.0451229	0.000639825	0.000578665	
6.96e-09	230	-0.0232966	-0.00108179	0.999728	0.846837	0.852556	0.0619689	0.0580565	0.00152689	0.000905045	
7.02e-09	232	0.0166812	-0.118273	0.992841	0.853367	0.846043	0.0712657	0.0538966	0.00157205	0.000587524	
7.08e-09	234	0.0469485	-0.0848392	0.995288	0.854248	0.84722	0.0621745	0.0812996	0.00149786	0.000767766	
7.14e-09	236	0.00478105	0.137981	0.990423	0.845486	0.84862	0.0490789	0.0730313	0.00117105	0.000576583	
7.2e-09	238	-0.0157396	-0.037109	0.999187	0.848721	0.844216	0.0453902	0.0473887	0.000949605	0.000496205	
7.26e-09	240	-0.0065266	0.0368551	0.999299	0.848423	0.842894	0.0395977	0.0530351	0.00113077	0.00103735	
7.32e-09	242	-0.17021	-0.132239	0.976494	0.846374	0.843388	0.0634957	0.056699	0.00145333	0.000651597	
7.38e-09	244	0.139295	0.0535272	0.988803	0.825322	0.839833	0.0660712	0.0385537	0.00145468	0.000780079	
7.44e-09	246	0.0825113	-0.1232	0.988946	0.842405	0.839926	0.0613259	0.0414599	0.0015769	0.00126577	
7.5e-09	248	-0.0798637	0.0712603	0.994255	0.835746	0.837096	0.0525217	0.0674065	0.00129916	0.000787082	
7.56e-09	250	-0.0341685	0.149514	0.988169	0.824026	0.837746	0.0462734	0.0863808	0.00155355	0.000721428	
7.62e-09	252	-0.0537606	-0.0366446	0.997881	0.841338	0.836512	0.0420189	0.068905	0.00146196	0.000691185	
7.68e-09	254	0.128127	0.0278932	0.991366	0.826347	0.83356	0.0778568	0.0485202	0.00204831	0.000478568	
7.74e-09	256	0.0439711	0.0574641	0.997379	0.832569	0.831789	0.0596153	0.0601251	0.000963047	0.000633083	
7.8e-09	258	0.0757606	0.00936176	0.997082	0.838125	0.827613	0.0932748	0.087232	0.00194203	0.000990458	
7.86e-09	260	0.103811	0.155735	0.982329	0.828653	0.830181	0.0592549	0.0854523	0.00212195	0.000649399	
7.92e-09	262	-0.136798	0.0126475	0.990518	0.832563	0.823474	0.0631787	0.060982	0.00132784	0.000840486	
7.98e-09	264	-0.188373	0.08812	0.978136	0.832674	0.824699	0.0828925	0.0556188	0.00119719	0.000732195	
8.04e-09	266	0.0649282	0.0562939	0.996301	0.831334	0.823085	0.075098	0.0745626	0.00207913	0.000738641	
8.1e-09	268	0.0839752	0.093241	0.992096	0.83319	0.821595	0.0753154	0.0416132	0.00158499	0.00117185	
8.16e-09	270	0.101093	0.138787	0.985149	0.820441	0.820073	0.0405454	0.0499392	0.00100645	0.000728891	
8.22e-09	272	0.084347	-0.098128	0.991593	0.821937	0.819202	0.0834723	0.102415	0.00340616	0.00146915	
8.28e-09	274	0.142399	-0.0644365	0.98771	0.810267	0.818773	0.0513909	0.0527244	0.00179714	0.000586077	
8.34e-09	276	0.0620249	0.107372	0.992282	0.818066	0.813677	0.082416	0.0857589	0.00207268	0.00106164	
8.4e-09	278	0.103548	-0.246369	0.963629	0.821989	0.815032	0.0979461	0.080596	0.00186876	0.00121293	
8.46e-09	280	-0.00213275	-0.0550826	0.99848	0.813245	0.810141	0.0803727	0.0373738	0.00250303	0.00101185	
8.52e-09	282	-0.0275783	-0.00870506	0.999582	0.805289	0.8101	0.040284	0.0606791	0.00206086	0.00153379	
8.58e-09	284	0.0460413	0.0259276	0.998603	0.77359	0.807737	0.0759497	0.0852612	0.00316314	0.00156862	
8.64e-09	286	-0.00175534	-0.0466284	0.998911	0.804453	0.806831	0.0666664	0.0364532	0.0018422	0.000983485	
8.7e-09	288	0.0252624	-0.0414935	0.998819	0.816663	0.804391	0.0487945	0.0542312	0.00167075	0.00118664	
8.76e-09	290	-0.0999294	-0.0718598	0.992396	0.787258	0.803377	0.0351281	0.0633787	0.00179639	0.00129023	
8.82e-09	292	-0.078468	0.161993	0.983667	0.79162	0.80311	0.03505	0.0729476	0.0010679	0.000594366	
8.88e-09	294	0.0662312	-0.12981	0.989324	0.805661	0.800539	0.0666552	0.0973992	0.0036427	0.00102188	
8.94e-09	296	0.129898	-0.17318	0.976287	0.789129	0.798038	0.0573936	0.048039	0.0011066	0.00095854	
9e-09	298	0.196642	-0.0550124	0.978931	0.793792	0.792462	0.0738534	0.0657328	0.00240639	0.00144384	
9.06e-09	300	-0.0859117	-0.166545	0.982284	0.791259	0.794303	0.0451272	0.0934976	0.00176922	0.0014282	
9.12e-09	302	-0.126769	-0.0267099	0.991573	0.78609	0.795167	0.0836759	0.0531685	0.00142357	0.000988796	
9.18e-09	304	-0.0382394	0.111036	0.99308	0.803412	0.793699	0.0575153	0.0712789	0.00262106	0.00105083	
9.24e-09	306	0.0476437	-0.265808	0.962848	0.780029	0.78839	0.0322275	0.0672852	0.00211065	0.00131576	
9.3e-09	308	0.128622	-0.0107628	0.991635	0.769776	0.786481	0.056625	0.099719	0.00351506	0.00168123	
9.36e-09	310	-0.00109829	-0.124385	0.992233	0.779854	0.785696	0.0655511	0.0854525	0.00217271	0.000988844	
9.42e-09	312	0.178781	-0.0457945	0.982823	0.792113	0.785466	0.0505986	0.0706144	0.00219834	0.00160761	
9.48e-09	314	-0.203228	-0.0891887	0.975061	0.785381	0.785355	0.0731056	0.06354	0.00146829	0.00109043	
9.54e-09	316	-0.213429	-0.393085	0.894389	0.793219	0.781773	0.0702047	0.100851	0.00355771	0.00134069	
9.6e-09	318	-0.106087	0.047151	0.993238	0.76655	0.777609	0.0803309	0.123232	0.00392944	0.00146386	
9.66e-09	320	-0.240943	-0.0633127	0.968472	0.793164	0.780779	0.130586	0.030933	0.00405519	0.000947231	
9.72e-09	322	0.165821	-0.0211773	0.985928	0.788071	0.777869	0.0696263	0.0467075	0.00195627	0.00127127	
9.78e-09	324	0.0512925	0.347248	0.936369	0.780859	0.776411	0.0666749	0.07792	0.00303515	0.001587	
9.84e-09	326	-0.0031865	-0.183496	0.983015	0.777961	0.779667	0.0582535	0.0630143	0.00310226	0.00147964	
9.9e-09	328	-0.00886945	0.109172	0.993983	0.763927	0.767181	0.0470798	0.100924	0.00513969	0.00234354	
9.96e-09	330	0.0358411	0.0377815	0.998643	0.775699	0.771488	0.0597102	0.0506754	0.00257493	0.00123026	
1.002e-08	332	0.0561269	0.11953	0.991243	0.755342	0.769533	0.0361215	0.054584	0.00167389	0.00164855	
1.008e-08	334	0.0307065	-0.220913	0.97481	0.769458	0.768002	0.0781573	0.0688536	0.00111863	0.000959743	
1.014e-08	336	-0.0756494	0.158238	0.984499	0.772207	0.766452	0.0701478	0.062288	0.00214806	0.00135158	
1.02e-08	338	-0.131134	-0.0643604	0.989273	0.733865	0.761252	0.0841458	0.0834857	0.00341644	0.00151804	
1.026e-08	340	-0.0842164	0.059175	0.994689	0.761398	0.764039	0.0528434	0.0627776	0.00340134	0.00253644	
1.032e-08	342	0.0100695	0.300921	0.953596	0.763261	0.765787	0.106476	0.073414	0.00280729	0.00113647	
1.038e-08	344	-0.0113269	-0.102679	0.99465	0.761964	0.754423	0.0880271	0.0906085	0.00342315	0.0011432	
1.044e-08	346	0.182189	0.13215	0.974343	0.783888	0.758223	0.0631006	0.102381	0.00486397	0.0022841	
1.05e-08	348	-0.324877	-0.165668	0.931133	0.757294	0.753519	0.0870959	0.0803395	0.00240608	0.00102193	
1.056e-08	350	0.10778	-0.159517	0.981294	0.722225	0.749043	0.0773216	0.091941	0.00347443	0.00142053	
1.062e-08	352	0.151149	-0.0719218	0.985891	0.754891	0.750544	0.0524107	0.0576834	0.00242906	0.00160496	
1.068e-08	354	-0.134734	-0.103872	0.985422	0.723612	0.747395	0.0539771	0.0581878	0.00398691	0.00189266	
1.074e-08	356	-0.117087	-0.0643048	0.991038	0.741967	0.747973	0.0776034	0.0600804	0.00218422	0.00115268	
1.08e-08	358	0.25707	-0.113074	0.959755	0.768443	0.74366	0.0570013	0.106013	0.00336662	0.00148366	
1.086e-08	360	-0.0116462	-0.0142843	0.99983	0.741232	0.742261	0.0563171	0.0714792	0.00180619	0.00161795	
1.092e-08	362	0.0551438	-0.0736071	0.995762	0.756029	0.739814	0.0876004	0.06956	0.00375596	0.00233415	
1.098e-08	364	-0.120831	-0.115339	0.98595	0.743282	0.736222	0.0903694	0.0525669	0.00459157	0.00148835	
1.104e-08	366	0.11748	0.0148553	0.992964	0.760053	0.739785	0.0600599	0.0780025	0.00243422	0.00180477	
1.11e-08	368	0.0313808	0.120398	0.99223	0.74181	0.730926	0.0261828	0.0788134	0.00312237	0.00259034	
1.116e-08	370	0.0983188	-0.100993	0.990017	0.734718	0.734539	0.0602122	0.0349197	0.00187214	0.00136742	
1.122e-08	372	-0.154406	0.164517	0.974214	0.711063	0.731176	0.070955	0.0805758	0.00254608	0.0012608	
1.128e-08	374	-0.137283	0.196722	0.970801	0.723483	0.721501	0.1511	0.0510418	0.00372011	0.00246318	
1.134e-08	376	-0.310042	0.121942	0.94287	0.716678	0.726673	0.0694374	0.0898621	0.00592817	0.00184818	
1.14e-08	378	0.145141	0.00785071	0.98938	0.735522	0.725014	0.0798744	0.0846666	0.00483286	0.00190437	
1.146e-08	380	0.00985565	0.20817	0.978043	0.724088	0.727096	0.0858718	0.060981	0.00310622	0.00228176	
1.152e-08	382	-0.02851	-0.166724	0.985591	0.719516	0.717429	0.0708209	0.0713765	0.00285317	0.00157013	
1.158e-08	384	-0.0970772	-0.127275	0.987105	0.705091	0.7248	0.106342	0.10929	0.00488018	0.0016483	
1.164e-08	386	-0.0426751	-0.297394	0.953801	0.712614	0.722041	0.0546001	0.13794	0.004195	0.00133316	
1.17e-08	388	0.164159	0.0710855	0.983869	0.705602	0.711387	0.0745153	0.0636265	0.0042979	0.00378561	
1.176e-08	390	-0.128546	-0.0699478	0.989234	0.723291	0.712969	0.0457329	0.0584122	0.00223863	0.00123648	
1.182e-08	392	0.0430483	0.108582	0.993155	0.694347	0.708134	0.058467	0.087075	0.00296009	0.00193674	
1.188e-08	394	0.114236	0.0902327	0.989347	0.69281	0.70857	0.085148	0.0626427	0.0047111	0.00289928	
1.194e-08	396	0.0287865	-0.230475	0.972652	0.70687	0.709024	0.070073	0.0821964	0.0027629	0.00158225	
1.2e-08	398	-0.071131	0.0977003	0.992671	0.703122	0.700752	0.0666654	0.0566145	0.00377526	0.00169271	
1.206e-08	400	0.0532489	-0.119299	0.991429	0.692047	0.700573	0.055473	0.0644607	0.00276612	0.00164363	
1.212e-08	402	0.259372	0.114233	0.958998	0.729944	0.697335	0.0996919	0.054478	0.00599905	0.00316247	
1.218e-08	404	-0.297746	-0.00579127	0.954628	0.69156	0.699231	0.047001	0.0898986	0.00752553	0.00343142	
1.224e-08	406	0.0164137	-0.219429	0.97549	0.695528	0.699917	0.0701723	0.0858805	0.00350005	0.00185294	
1.23e-08	408	-0.109893	-0.012189	0.993869	0.717877	0.692002	0.132564	0.0677884	0.0180915	0.00283064	
1.236e-08	410	0.15663	-0.0438151	0.986685	0.69927	0.687869	0.0406993	0.0753543	0.00581852	0.00299974	
1.242e-08	412	0.0481403	-0.0285543	0.998432	0.701153	0.690154	0.0509298	0.0772126	0.00583106	0.00358792	
1.248e-08	414	0.0766918	0.0711947	0.99451	0.707605	0.689901	0.0811576	0.0435566	0.00247105	0.00166811	
1.254e-08	416	0.121794	-0.237081	0.963825	0.675599	0.68292	0.0581787	0.067766	0.00299752	0.00222593	
1.26e-08	418	0.284227	-0.168608	0.943815	0.653367	0.690878	0.0542088	0.0715431	0.002948	0.00236136	
1.266e-08	420	-0.186697	-0.0804634	0.979117	0.656636	0.674941	0.0515449	0.0489302	0.00267034	0.00201192	
1.272e-08	422	0.117618	0.0131355	0.992972	0.658991	0.677611	0.150846	0.0554519	0.00528886	0.00241027	
1.278e-08	424	0.141538	0.0989875	0.984971	0.642635	0.671433	0.046044	0.0539778	0.00283157	0.00292674	
1.284e-08	426	-0.0961092	-0.177664	0.979387	0.656736	0.668289	0.0807763	0.0618578	0.00655532	0.00277832	
1.29e-08	428	-0.111908	0.0566844	0.992101	0.653843	0.66628	0.0688135	0.0614057	0.00404006	0.00219401	
1.296e-08	430	0.0108449	0.101198	0.994807	0.694985	0.664728	0.035134	0.0760164	0.00297751	0.00309233	
1.302e-08	432	-0.354616	0.0946621	0.930208	0.659489	0.666688	0.0932185	0.0636096	0.00483466	0.00272154	
1.308e-08	434	-0.0900379	-0.0928095	0.991605	0.635859	0.666658	0.039367	0.0727707	0.00353583	0.00214654	
1.314e-08	436	-0.0193328	-0.111202	0.99361	0.676964	0.66588	0.068268	0.0647442	0.00488045	0.00278286	
1.32e-08	438	-0.0606979	-0.092413	0.993869	0.660496	0.661481	0.0607503	0.133098	0.00898875	0.00258069	
1.326e-08	440	-0.112585	0.198159	0.973682	0.636497	0.660152	0.115227	0.0984088	0.012848	0.00329367	
1.332e-08	442	0.0914274	0.0467189	0.994715	0.698596	0.650435	0.0749196	0.0785584	0.00547619	0.00296632	
1.338e-08	444	0.00556494	-0.0975914	0.995211	0.632091	0.649957	0.0908054	0.07658	0.00971721	0.00460508	
1.344e-08	446	-0.00018541	-0.530088	0.847943	0.684688	0.651656	0.0583408	0.0861	0.00674683	0.00337797	
1.35e-08	448	-0.334571	-0.40023	0.853158	0.647705	0.6459	0.0626089	0.099303	0.00478181	0.00398233	
1.356e-08	450	-0.0393471	-0.121018	0.99187	0.643652	0.64615	0.0698331	0.11529	0.00489309	0.00303632	
1.362e-08	452	0.182912	-0.0256744	0.982794	0.668856	0.646544	0.0741122	0.0664641	0.00556261	0.00269347	
1.368e-08	454	-0.239775	-0.160193	0.957521	0.633275	0.64854	0.064007	0.0592328	0.00542767	0.0031704	
1.374e-08	456	-0.173581	-0.0910369	0.980603	0.632987	0.630868	0.144521	0.0686342	0.0100616	0.00341453	
1.38e-08	458	0.0152258	0.0260776	0.999544	0.648414	0.629084	0.0826122	0.0800366	0.00794786	0.00481984	
1.386e-08	460	-0.45972	0.242276	0.854377	0.636106	0.635561	0.104149	0.047978	0.00997038	0.00256817	
1.392e-08	462	0.0169422	0.10647	0.994172	0.649336	0.631558	0.0841773	0.10681	0.00953281	0.00338568	
1.398e-08	464	-0.18954	0.328217	0.925391	0.614916	0.625725	0.0601429	0.0633074	0.00476493	0.0024962	
1.404e-08	466	-0.216395	0.127037	0.968006	0.604154	0.631346	0.0749862	0.0430618	0.0047824	0.00297497	
1.41e-08	468	0.091021	0.349405	0.93254	0.653996	0.63144	0.0802965	0.0628016	0.00461039	0.0025129	
1.416e-08	470	-0.158567	-0.0214377	0.987115	0.666339	0.622741	0.126046	0.0571816	0.00725703	0.00299313	
1.422e-08	472	0.0170153	-0.0120866	0.999782	0.65362	0.615342	0.0633205	0.0614613	0.00582861	0.00317961	
1.428e-08	474	0.105309	-0.0339139	0.993861	0.641181	0.609652	0.0951668	0.0566237	0.00846754	0.00313552	
1.434e-08	476	-0.154741	-0.0174102	0.987802	0.609875	0.616673	0.0569915	0.0575356	0.0062136	0.00467518	
1.44e-08	478	-0.0918869	0.169818	0.981182	0.643013	0.610087	0.0858561	0.0978151	0.00763031	0.00318347	
1.446e-08	480	-0.211189	0.0916255	0.973141	0.639293	0.599406	0.0870475	0.101222	0.00805732	0.00430969	
1.452e-08	482	0.0576565	-0.266598	0.962082	0.581821	0.606458	0.0493891	0.0548596	0.00459422	0.0031871	
1.458e-08	484	0.47482	-0.314483	0.821977	0.588299	0.601266	0.0634149	0.0604013	0.00573408	0.00230227	
1.464e-08	486	0.0239167	-0.0608687	0.997859	0.604366	0.598647	0.0861285	0.117728	0.00882883	0.00244341	
1.47e-08	488	-0.0835646	-0.294177	0.952091	0.603416	0.601945	0.0752468	0.0513951	0.00475482	0.00274452	
1.476e-08	490	-0.383288	-0.351522	0.854121	0.587022	0.593905	0.0642968	0.0497565	0.00540536	0.00266073	
1.482e-08	492	0.1652	0.192446	0.967302	0.591384	0.59396	0.106048	0.0925894	0.0120763	0.0030816	
1.488e-08	494	0.17431	0.582424	0.793976	0.571321	0.590176	0.0772557	0.0757814	0.0102114	0.00468071	
1.494e-08	496	-0.238764	-0.0113295	0.971012	0.585044	0.585832	0.0763965	0.063942	0.00588423	0.00298891	
1.5e-08	498	-0.111159	-0.361669	0.925656	0.595309	0.585937	0.0844699	0.0756555	0.0193668	0.00375059	
1.506e-08	500	-0.0395913	-0.173118	0.984105	0.563468	0.579994	0.073091	0.0762714	0.00465469	0.00309336	
1.512e-08	502	-0.268097	-0.128029	0.954847	0.595222	0.5775	0.0921584	0.0714792	0.00912569	0.00373694	
1.518e-08	504	-0.097986	-0.359234	0.928089	0.5797	0.567829	0.09024	0.0685973	0.00885869	0.00574991	
1.524e-08	506	-0.331144	-0.446127	0.831453	0.558784	0.566697	0.0869291	0.0905755	0.0108588	0.00623629	
1.53e-08	508	-0.410238	-0.00733105	0.911949	0.594625	0.570771	0.0662779	0.0652272	0.00555746	0.00341784	
1.536e-08	510	0.208294	0.496113	0.842903	0.567078	0.556309	0.0836524	0.0968779	0.00835513	0.00448079	
1.542e-08	512	-0.0918171	-0.3479	0.933025	0.580995	0.569043	0.09825	0.0648371	0.0091296	0.00506421	
1.548e-08	514	-0.1777	-0.363666	0.914423	0.583622	0.561543	0.0849156	0.12446	0.0142661	0.00415451	
1.554e-08	516	-0.271156	0.337281	0.901508	0.597119	0.550413	0.070698	0.074317	0.0120788	0.0058769	
1.56e-08	518	0.151287	0.082474	0.985043	0.572412	0.550342	0.0559965	0.0609079	0.00752021	0.00492126	
1.566e-08	520	-0.0023247	0.0308719	0.999521	0.542994	0.552179	0.0793002	0.0906566	0.00960752	0.00400503	
1.572e-08	522	-0.326995	0.0499563	0.943705	0.549227	0.536566	0.113888	0.0686062	0.009446	0.00362385	
1.578e-08	524	0.000996644	-0.0144137	0.999896	0.539901	0.551542	0.0932336	0.0975393	0.0129168	0.00419116	
1.584e-08	526	-0.0665331	0.0117314	0.997715	0.557432	0.536185	0.0784787	0.139981	0.0111291	0.00464637	
1.59e-08	528	-0.247214	-0.286315	0.925694	0.568831	0.535567	0.0925982	0.116949	0.0299625	0.00343609	
1.596e-08	530	0.107108	-0.303577	0.946768	0.519583	0.529272	0.0390509	0.0757203	0.00823854	0.00742952	
1.602e-08	532	0.0589032	-0.111868	0.991976	0.556244	0.534813	0.0880346	0.139662	0.0176525	0.00528175	
1.608e-08	534	-0.178596	-0.568287	0.803214	0.478434	0.519149	0.0788194	0.123291	0.0159587	0.00516651	
1.614e-08	536	0.0564976	0.0688966	0.996023	0.558321	0.520695	0.108117	0.123458	0.0132237	0.00444864	
1.62e-08	538	-0.0934097	0.111735	0.989338	0.578959	0.524421	0.0434671	0.062411	0.0054265	0.00497226	
1.626e-08	540	0.0928614	0.183249	0.978671	0.50722	0.52149	0.0817919	0.121874	0.017048	0.00446589	
1.632e-08	542	0.170373	0.315659	0.933452	0.468256	0.509319	0.0986978	0.0861816	0.0106102	0.00488354	
1.638e-08	544	0.415487	-0.212051	0.884537	0.564429	0.515997	0.11695	0.0631057	0.0130705	0.00530836	
1.644e-08	546	-0.155109	0.441021	0.883992	0.477987	0.499309	0.0796966	0.183049	0.0291557	0.00693389	
1.65e-08	548	-0.027398	-0.0692191	0.997225	0.484613	0.497594	0.0733952	0.0503855	0.0141739	0.00685979	
1.656e-08	550	0.226556	-0.573311	0.787392	0.434628	0.490711	0.0644404	0.074829	0.01499	0.0066625	
1.662e-08	552	0.117269	0.438792	0.890904	0.479871	0.490229	0.122043	0.184356	0.0427989	0.00555295	
1.668e-08	554	0.615554	0.528197	0.584894	0.524901	0.474268	0.22556	0.190505	0.177451	0.0126799	
1.674e-08	556	-0.0126095	0.55241	0.833477	0.522298	0.487096	0.0621912	0.0555615	0.031939	0.00933784	
1.68e-08	558	-0.0416166	0.294795	0.954654	0.475981	0.485269	0.0752927	0.152385	0.0288468	0.0031208	
1.686e-08	560	0.549848	0.00140808	0.835264	0.416819	0.46036	0.117209	0.0722142	0.0180187	0.0102544	
1.692e-08	562	0.178931	0.105171	0.978224	0.518901	0.481287	0.0991857	0.108146	0.0342895	0.00649511	
1.698e-08	564	0.138372	0.40254	0.904884	0.51135	0.475859	0.095057	0.0506182	0.0129135	0.0064578	
1.704e-08	566	0.26404	0.25196	0.931021	0.473189	0.461345	0.108042	0.0852226	0.0423907	0.00507691	
1.71e-08	568	-0.00181653	0.0349753	0.999387	0.494099	0.454441	0.103771	0.091001	0.0207545	0.00672814	
1.716e-08	570	-0.83957	0.44994	0.304427	0.454251	0.457578	0.140932	0.110599	0.0680923	0.00675533	
1.722e-08	572	0.162995	0.129149	-0.978138	0.432122	0.462347	0.0792257	0.0975352	0.0111277	0.00454737	
1.728e-08	574	-0.0333932	0.352449	0.935235	0.454294	0.455818	0.083304	0.0571828	0.0210629	0.00981918	
1.734e-08	576	0.308244	0.282476	-0.908401	0.476548	0.439651	0.173236	0.0716587	0.403083	0.0100649	
1.74e-08	578	-0.0441318	0.0284544	0.99862	0.382435	0.420311	0.100643	0.0696768	0.543987	0.0120826	
1.746e-08	580	0.0368313	-0.392481	0.919022	0.440331	0.437427	0.0622582	0.16441	0.0599516	0.00991208	
1.752e-08	582	0.211066	0.0847784	0.973788	0.451884	0.424433	0.104744	0.089025	0.0288681	0.00615412	
1.758e-08	584	-0.129598	0.529805	-0.838159	0.442575	0.420054	0.0879777	0.0974504	0.018473	0.00836425	
1.764e-08	586	0.385581	-0.112042	0.915846	0.411456	0.42251	0.0830661	0.0674138	0.0186372	0.00810437	
1.77e-08	588	0.112571	-0.211617	-0.970848	0.364304	0.411226	0.0698898	0.100145	0.593911	0.00788187	
1.776e-08	590	-0.300546	0.070125	0.951186	0.455594	0.415795	0.130517	0.0990338	0.385509	0.0127742	
1.782e-08	592	-0.0474378	0.0316383	0.998373	0.42405	0.408906	0.0831753	0.0615147	0.0203201	0.0098354	
1.788e-08	594	-0.0283363	-0.249091	-0.968065	0.452937	0.396565	0.0596699	0.0856986	0.0230654	0.0119605	
1.794e-08	596	0.0841959	-0.45306	0.887495	0.437463	0.39994	0.112584	0.146125	0.450603	0.00825002	
1.8e-08	598	-0.0479857	0.7512	-0.658328	0.365735	0.37752	0.0862949	0.122173	0.35849	0.0121434	
1.806e-08	600	-0.371439	0.928432	-0.00681179	0.354793	0.381314	0.0780955	0.0788566	0.264044	0.012407	
1.812e-08	602	-0.390914	-0.0343099	-0.919788	0.317443	0.377065	0.113454	0.0615265	0.0384298	0.0076438	
1.818e-08	604	0.437098	-0.512292	-0.739258	0.360143	0.373181	0.109229	0.104493	0.0542449	0.0182317	
1.824e-08	606	0.354139	0.0770189	-0.932016	0.436863	0.361296	0.0801332	0.13084	0.392363	0.0152853	
1.83e-08	608	0.0720632	-0.170858	-0.982657	0.374161	0.359524	0.121223	0.0628215	0.342839	0.0104196	
1.836e-08	610	-0.125147	-0.113892	0.98558	0.397422	0.358384	0.114399	0.0617014	0.0622888	0.0125388	
1.842e-08	612	0.295876	-0.264955	-0.917745	0.432188	0.347358	0.115657	0.0799199	0.3361	0.0179743	
1.848e-08	614	0.48405	-0.0872459	0.87068	0.402715	0.340639	0.0800754	0.109702	0.302738	0.0143624	
1.854e-08	616	0.350711	0.572308	-0.741259	0.383093	0.350897	0.101706	0.0910564	0.0638516	0.0115382	
1.86e-08	618	0.247081	-0.448354	0.859028	0.328594	0.331958	0.0585078	0.11313	0.13099	0.0137341	
1.866e-08	620	-0.323014	-0.29689	0.89862	0.316571	0.326665	0.0568465	0.107281	0.260904	0.015501	
1.872e-08	622	0.392701	0.167936	0.904203	0.370893	0.327602	0.082618	0.0993342	0.0646176	0.0111325	
1.878e-08	624	0.016666	-0.847922	0.52986	0.27617	0.317643	0.0728112	0.119803	0.196188	0.0138819	
1.884e-08	626	-0.234231	0.52318	0.819401	0.303793	0.31226	0.0704898	0.0841184	0.26057	0.0237084	
1.89e-08	628	0.182723	0.0580157	0.981451	0.378329	0.317236	0.0874257	0.123189	0.220854	0.0130268	
1.896e-08	630	0.583061	0.121997	-0.803217	0.320264	0.283939	0.076256	0.0706266	0.144249	0.0150309	
1.902e-08	632	0.556173	-0.561695	0.612511	0.21372	0.295491	0.0757597	0.0635719	0.255512	0.018914	
1.908e-08	634	-0.446106	-0.622435	0.64309	0.318544	0.272729	0.0697797	0.0862944	0.033909	0.0159597	
1.914e-08	636	0.0424025	0.918724	-0.392616	0.176069	0.263641	0.0652739	0.0577218	0.177887	0.0260805	
1.92e-08	638	0.666824	0.740064	-0.0874684	0.280726	0.274872	0.0515271	0.0986713	0.172987	0.013328	
1.926e-08	640	0.663243	0.299401	0.685906	0.231911	0.271143	0.0864203	0.0714072	0.175976	0.0251191	
1.932e-08	642	0.28154	0.589373	-0.757215	0.189701	0.268096	0.0656189	0.098453	0.138235	0.0140783	
1.938e-08	644	0.244427	-0.22099	-0.94415	0.255743	0.250481	0.0625543	0.0373091	0.179513	0.0171782	
1.944e-08	646	0.260382	0.511729	0.81874	0.206341	0.251335	0.0854471	0.0451381	0.150662	0.017173	
1.95e-08	648	-0.00571387	-0.798811	0.601555	0.233433	0.238427	0.0686198	0.08365	0.0971863	0.0141323	
1.956e-08	650	0.657105	-0.0434342	-0.752547	0.247061	0.253332	0.0686525	0.0524888	0.162139	0.0244714	
1.962e-08	652	0.947446	-0.294113	0.125873	0.290638	0.234324	0.0930208	0.0734307	0.0626871	0.0125722	
1.968e-08	654	0.474159	0.243157	-0.846196	0.234174	0.254272	0.0505385	0.0472596	0.18392	0.0200309	
1.974e-08	656	0.106694	0.634905	-0.765188	0.242936	0.229485	0.0473369	0.0670486	0.104622	0.0112337	
1.98e-08	658	-0.920404	0.275244	0.277665	0.181838	0.223752	0.0815209	0.0617088	0.0749875	0.012697	
1.986e-08	660	0.218547	0.560406	0.798863	0.342808	0.21953	0.0538502	0.0648553	0.0915579	0.0171063	
1.992e-08	662	0.444143	-0.877525	0.180796	0.157039	0.197701	0.0543356	0.0507544	0.0837281	0.0287491	
1.998e-08	664	0.813783	0.323665	-0.482699	0.239857	0.212206	0.0504914	0.065642	0.0835695	0.0161024	
2.004e-08	666	-0.809665	-0.483887	0.332107	0.190642	0.217397	0.0428805	0.040556	0.11093	0.0173771	
2.01e-08	668	-0.683139	0.713576	-0.155341	0.305049	0.182701	0.0363196	0.0570165	0.056291	0.0162755	
2.016e-08	670	-0.414683	-0.389654	0.822319	0.233413	0.207927	0.0536278	0.0374556	0.0900158	0.0120854	
2.022e-08	672	-0.700128	-0.531967	0.476268	0.290905	0.180438	0.0515547	0.0322246	0.0534102	0.014755	
2.028e-08	674	0.904198	-0.179377	0.387621	0.185761	0.193032	0.0554703	0.0437637	0.0612851	0.0106853	
2.034e-08	676	-0.176668	0.383788	0.906364	0.20358	0.168305	0.0335113	0.0405867	0.0555005	0.0230229	
2.04e-08	678	0.617826	0.243117	-0.747787	0.257151	0.186071	0.0496321	0.03013	0.0697665	0.0159015	
2.046e-08	680	0.866696	-0.265195	0.422505	0.189649	0.166131	0.0356291	0.0466187	0.0397828	0.0156063	
2.052e-08	682	-0.435459	-0.884864	0.165503	0.21139	0.17136	0.0382885	0.0422649	0.0412173	0.0137985	
2.058e-08	684	-0.563356	0.475722	-0.675514	0.0896424	0.175885	0.0405934	0.0522823	0.0434782	0.0177684	
2.064e-08	686	0.0511824	0.370337	0.927486	0.134996	0.167492	0.0303484	0.0357707	0.0546671	0.0110229	
2.07e-08	688	0.373272	-0.654346	-0.657647	0.141241	0.167272	0.0359037	0.0386686	0.0537239	0.0188659	
2.076e-08	690	0.790135	0.250095	0.559588	0.254976	0.146809	0.0405824	0.0208336	0.0302555	0.011936	
2.082e-08	692	-0.67144	0.715752	0.192011	0.104938	0.151667	0.0328823	0.0313775	0.0396348	0.0155283	
2.088e-08	694	-0.221216	0.772582	-0.59513	0.166163	0.157139	0.0330933	0.0411036	0.0350211	0.0120034	
2.094e-08	696	0.394866	-0.441114	0.805915	0.075849	0.148549	0.034822	0.0253359	0.0367757	0.0124663	
2.1e-08	698	-0.12348	0.253346	-0.959463	0.270067	0.144347	0.028743	0.0223882	0.0397463	0.00938285	
2.106e-08	700	-0.89332	-0.157228	-0.42102	0.131496	0.15251	0.0280213	0.0267484	0.053217	0.0175087	
2.112e-08	702	0.730404	-0.315704	-0.605674	0.0883392	0.145454	0.0343083	0.0314419	0.028432	0.0117624	
2.118e-08	704	0.226579	0.899092	0.374562	0.22009	0.133364	0.0231163	0.0260784	0.0283322	0.00978883	
2.124e-08	706	-0.314027	-0.918442	-0.240525	0.0453968	0.141807	0.0222469	0.0283661	0.0351088	0.0113159	
2.13e-08	708	0.0478478	0.874413	-0.482818	0.0553923	0.139479	0.027119	0.021628	0.0359966	0.0109856	
2.136e-08	710	0.120082	-0.654891	-0.746122	0.18761	0.132796	0.0223584	0.0162688	0.0337877	0.00860367	
2.142e-08	712	0.0770306	0.553738	-0.829121	0.139875	0.140963	0.016477	0.0225108	0.0462137	0.0112497	
2.148e-08	714	0.222705	0.371508	0.901324	0.100204	0.128203	0.0296159	0.0215379	0.0202094	0.0119623	
2.154e-08	716	-0.469457	-0.192491	0.861718	0.188532	0.135695	0.0243281	0.0203176	0.0334039	0.0099583	
2.16e-08	718	-0.0812386	0.262332	-0.961552	0.0412865	0.125818	0.0288247	0.01698	0.0242337	0.0109771	
2.166e-08	720	-0.422422	0.761911	0.49097	0.100792	0.118898	0.0162962	0.0237986	0.0167194	0.00640653	
2.172e-08	722	0.550223	0.0348513	-0.83429	0.0576486	0.131483	0.0187572	0.0232222	0.0304285	0.00845615	
2.178e-08	724	-0.29284	-0.909363	0.295472	0.124568	0.123653	0.0163869	0.0229763	0.0270454	0.00892478	
2.184e-08	726	-0.709611	-0.271839	-0.650043	0.0690007	0.116609	0.0198606	0.0228898	0.0145621	0.0062903	
2.19e-08	728	0.112758	0.992627	0.0444753	0.129223	0.125502	0.021758	0.0223218	0.0255513	0.0116595	
2.196e-08	730	-0.597162	-0.363573	-0.714991	0.111927	0.120219	0.0230213	0.0130044	0.0226519	0.00676781	
2.202e-08	732	-0.475696	-0.77534	0.415404	0.0862153	0.104431	0.0116312	0.0101237	0.023073	0.00614654	
2.208e-08	734	0.0433458	0.0704676	-0.996572	0.198087	0.110924	0.0107216	0.014021	0.0262603	0.00621983	
2.214e-08	736	-0.811839	0.577125	0.0885684	0.0699833	0.116424	0.0121695	0.0149802	0.0274681	0.00486213	
2.22e-08	738	-0.938872	0.254252	-0.232109	0.062426	0.103812	0.0175339	0.0131886	0.0150869	0.00875177	
2.226e-08	740	0.313356	0.160344	0.936001	0.0560902	0.113252	0.020201	0.0166872	0.0174819	0.00699635	
2.232e-08	742	0.597194	-0.499963	0.627213	0.0705375	0.102671	0.0129117	0.00986134	0.0197368	0.00480142	
2.238e-08	744	-0.668964	-0.529246	0.521906	0.015057	0.105857	0.0109497	0.00955023	0.0270545	0.00760989	
2.244e-08	746	-0.168128	0.411347	-0.895838	0.0860934	0.117596	0.0119898	0.0131646	0.0280521	0.00587883	
2.25e-08	748	0.722067	-0.645094	0.249946	0.0371513	0.10996	0.0144973	0.0115128	0.0174367	0.00604231	
2.256e-08	750	-0.948623	-0.195801	-0.24855	0.064058	0.0837667	0.0103262	0.00980843	0.00882827	0.00381991	
2.262e-08	752	-0.00989595	0.9854	-0.169968	0.129325	0.113028	0.0123309	0.0247083	0.0133829	0.00604641	
2.268e-08	754	-0.0472652	-0.321439	0.94575	0.10506	0.0955861	0.00955145	0.0163324	0.0121048	0.00496598	
2.274e-08	756	-0.898693	-0.0295515	0.437581	0.0413078	0.090327	0.00931102	0.00935181	0.0136476	0.0058963	
2.28e-08	758	-0.472064	-0.224995	0.852369	0.101338	0.0939436	0.0102204	0.0100917	0.014944	0.00603984	
2.286e-08	760	-0.22776	0.390647	-0.89192	0.0490707	0.0971968	0.012225	0.0121494	0.013349	0.00475626	
2.292e-08	762	-0.197133	-0.507357	0.838885	0.0934824	0.0933474	0.00689807	0.0130756	0.0138893	0.00519455	
2.298e-08	764	0.51965	0.173803	0.836514	0.124363	0.0864535	0.00983911	0.00693671	0.0120495	0.00398378	
2.304e-08	766	-0.963249	-0.171832	0.206459	0.0753208	0.0825569	0.00647761	0.0109192	0.0109503	0.00420503	
2.31e-08	768	-0.4427	-0.648833	0.618896	0.0588116	0.104656	0.00885237	0.0198693	0.0130736	0.00576375	
2.316e-08	770	0.0299454	0.647111	-0.761807	0.0819266	0.0936958	0.010907	0.0118855	0.0127051	0.00521618	
2.322e-08	772	0.171791	-0.961121	-0.216182	0.070664	0.0914963	0.00968839	0.0156556	0.00751024	0.0039925	
2.328e-08	774	-0.0785517	-0.479705	-0.873907	0.127615	0.10706	0.0104963	0.0204953	0.0143984	0.00573723	
2.334e-08	776	0.0552096	0.449297	0.891675	0.117627	0.09441	0.011532	0.0103463	0.0113771	0.00238525	
2.34e-08	778	0.510881	-0.836616	0.197672	0.0901104	0.0893561	0.00892545	0.00600383	0.0170974	0.00504184	
2.346e-08	780	-0.676111	-0.0527116	-0.734912	0.100991	0.0859181	0.008436	0.00764759	0.0130925	0.0035918	
2.352e-08	782	0.767236	0.464519	0.442233	0.110144	0.0861562	0.0113316	0.00456907	0.0119384	0.00393312	
2.358e-08	784	-0.876994	-0.436925	0.199945	0.106891	0.0922959	0.0102125	0.00825725	0.011788	0.00230964	
2.364e-08	786	0.851835	0.506706	-0.132765	0.0872888	0.0806522	0.00971723	0.00610063	0.00953704	0.00320602	
2.37e-08	788	0.782242	-0.607488	0.138044	0.054605	0.0899918	0.0102403	0.0102888	0.0107994	0.00410665	
2.376e-08	790	-0.643547	-0.538428	-0.544006	0.0413147	0.0902897	0.00870466	0.011154	0.0121121	0.00402918	
2.382e-08	792	0.706796	-0.192986	-0.680584	0.0496514	0.0655132	0.0066717	0.00487153	0.0047153	0.00220933	
2.388e-08	794	0.940457	-0.161555	0.299065	0.141004	0.0925564	0.0121043	0.00854242	0.0126971	0.00441701	
2.394e-08	796	0.0964528	0.37883	-0.920426	0.133053	0.072445	0.00414093	0.00962379	0.00643717	0.002772	
2.4e-08	798	-0.561545	-0.826869	0.0309155	0.0435734	0.0852957	0.0126984	0.00800137	0.00644501	0.00354918	
2.406e-08	800	0.779291	-0.155444	-0.607077	0.0433814	0.0809664	0.0081555	0.0103722	0.00797676	0.00483	
2.412e-08	802	-0.53659	-0.720002	-0.440079	0.110078	0.0815629	0.00730157	0.00897076	0.00850693	0.00213869	
2.418e-08	804	-0.945149	0.196764	0.260724	0.140153	0.083181	0.00843441	0.00998431	0.00771038	0.00351279	
2.424e-08	806	-0.545585	0.0629357	0.835689	0.0698554	0.0753701	0.0104378	0.00564973	0.00532728	0.00324053	
2.43e-08	808	-0.69634	-0.604959	-0.38618	0.0860189	0.0824293	0.00765287	0.00850493	0.0110387	0.00425649	
2.436e-08	810	0.320599	-0.923658	0.209934	0.0385529	0.0788595	0.00452606	0.0145485	0.00702489	0.00528682	
2.442e-08	812	0.202079	-0.648322	0.734059	0.114144	0.0790952	0.00700875	0.00726682	0.00868731	0.0024314	
2.448e-08	814	-0.585108	0.636056	0.503072	0.102628	0.0769446	0.00582137	0.00657711	0.0112526	0.00394254	
2.454e-08	816	0.459083	-0.171179	0.871746	0.0798029	0.0745823	0.00755979	0.00510904	0.00677992	0.00285821	
2.46e-08	818	0.801181	0.385971	-0.457313	0.0470043	0.0759993	0.00690227	0.00992051	0.00417825	0.00245584	
2.466e-08	820	-0.0419585	-0.874946	0.482399	0.055492	0.0745989	0.00727798	0.0067681	0.00599175	0.00232011	
2.472e-08	822	-0.0653067	-0.524513	0.848894	0.0260491	0.0814473	0.00903297	0.00594417	0.00847685	0.00321274	
2.478e-08	824	-0.336747	-0.31966	-0.885674	0.0465545	0.0808446	0.00561334	0.00721951	0.0105883	0.00224275	
2.484e-08	826	0.461932	0.886311	0.0327428	0.105704	0.080684	0.00798167	0.0102179	0.00679382	0.00398558	
2.49e-08	828	0.611523	0.13715	-0.779249	0.0976786	0.076627	0.00588609	0.00890368	0.00745835	0.00325502	
2.496e-08	830	-0.0314925	-0.597006	-0.801618	0.0538762	0.0655433	0.00668797	0.00521373	0.00407172	0.0022389	
2.502e-08	832	-0.600147	0.406064	-0.689156	0.0649417	0.0786577	0.00453292	0.0107152	0.00780535	0.00345735	
2.508e-08	834	0.0192246	-0.996245	-0.0844127	0.0778176	0.0672349	0.00661814	0.00560502	0.00566233	0.00315633	
2.514e-08	836	0.874498	-0.0789745	0.478556	0.0553923	0.0732392	0.0046065	0.00913704	0.00545563	0.0023213	
2.52e-08	838	-0.29896	0.803195	0.515267	0.0729769	0.0678602	0.00500229	0.00573133	0.00553003	0.00213868	
2.526e-08	840	0.207807	0.384958	-0.899235	0.04742	0.0716655	0.00727244	0.00628383	0.006787	0.00373392	
2.532e-08	842	-0.628301	0.499428	-0.596498	0.0491856	0.0646863	0.00374703	0.0047732	0.00584432	0.00127633	
2.538e-08	844	0.186192	0.529749	0.827465	0.0342556	0.067846	0.00526192	0.00643641	0.00549604	0.00266079	
2.544e-08	846	0.224336	0.733115	-0.642041	0.0818829	0.0764644	0.00615056	0.00726595	0.00808828	0.00284098	
2.55e-08	848	-0.648713	-0.748869	-0.135522	0.0665767	0.0701837	0.00538296	0.00718221	0.00602764	0.00338524	
2.556e-08	850	0.718808	-0.693713	-0.0455871	0.026695	0.0696306	0.00526126	0.00659213	0.00530255	0.00324655	
2.562e-08	852	0.0384937	0.377378	0.925259	0.0975173	0.0603861	0.0055221	0.00382338	0.00432112	0.00216313	
2.568e-08	854	-0.569391	-0.407841	-0.713764	0.0266334	0.0585992	0.00463368	0.00451759	0.00394683	0.00262173	
2.574e-08	856	0.821376	-0.350971	-0.449624	0.0552956	0.0738998	0.00578703	0.00673832	0.00625611	0.00228757	
2.58e-08	858	-0.489205	-0.644431	0.587697	0.0794093	0.0697533	0.00636266	0.00343911	0.00679964	0.00248297	
2.586e-08	860	0.258721	0.962231	-0.0847089	0.117831	0.0704838	0.00546975	0.00661032	0.00529182	0.00278694	
2.592e-08	862	-0.0176287	0.864623	0.502112	0.133404	0.0664386	0.00391358	0.00634896	0.00472736	0.00190942	
2.598e-08	864	0.703361	-0.342946	-0.622633	0.0375578	0.0588234	0.00395741	0.00503524	0.0035043	0.0016397	
2.604e-08	866	-0.540833	-0.788708	0.292301	0.0629391	0.0697863	0.00421613	0.00852618	0.00613492	0.00352975	
2.61e-08	868	-0.640415	-0.291322	-0.710634	0.0703204	0.0574087	0.00292669	0.00548739	0.00377002	0.00197328	
2.616e-08	870	0.563147	-0.317646	-0.762867	0.00847823	0.0630015	0.00449484	0.00707486	0.0030938	0.0023721	
2.622e-08	872	0.650915	0.237583	-0.721016	0.0156789	0.0605648	0.00373937	0.00540772	0.00462433	0.00258699	
2.628e-08	874	-0.855788	-0.472734	0.210115	0.0587728	0.0660373	0.00458675	0.00621381	0.00411264	0.00144442	
2.634e-08	876	0.598954	-0.684019	0.416379	0.112057	0.0652193	0.00464787	0.00472124	0.00616553	0.00233393	
2.64e-08	878	-0.889575	0.456186	0.0234851	0.0482366	0.0647133	0.00709874	0.00222059	0.00489743	0.00205979	
2.646e-08	880	0.556967	-0.811657	-0.176069	0.0695402	0.0712796	0.00389929	0.00537149	0.00849821	0.00273405	
2.652e-08	882	-0.436993	0.70008	0.564735	0.0364217	0.0641817	0.0042145	0.00636969	0.00375538	0.00201252	
2.658e-08	884	0.24745	0.966534	0.0676715	0.0788306	0.0585101	0.00517012	0.00312912	0.00380936	0.00195827	
2.664e-08	886	0.514899	0.217116	-0.829301	0.0381027	0.057493	0.00408857	0.00426228	0.00308992	0.00141694	
2.67e-08	888	-0.951468	-0.259839	-0.164898	0.0507499	0.0517502	0.0028758	0.00392029	0.00280956	0.00164213	
2.676e-08	890	-0.166322	0.286038	-0.943673	0.0472461	0.0594962	0.003777	0.0028937	0.00447111	0.00153167	
2.682e-08	892	0.823488	-0.542834	0.164923	0.0495131	0.0565424	0.00442257	0.00325746	0.00322373	0.00112396	
2.688e-08	894	-0.564395	0.779449	0.271876	0.0635828	0.0614864	0.00494563	0.00508073	0.00382301	0.00239693	
2.694e-08	896	0.360735	-0.118684	-0.925086	0.0703526	0.0682894	0.00367534	0.00701034	0.00492963	0.00143399	
2.7e-08	898	0.293103	0.932625	-0.210478	0.0625281	0.0584745	0.00376462	0.00351297	0.0048692	0.00194694	
2.706e-08	900	0.440587	-0.312469	0.841574	0.0515998	0.0650347	0.00241087	0.00614903	0.00623207	0.00231864	
