#----------------------------------------------------------------------------------------------------------------------------------------------------------
# Output file for vampire simulation
#   time       : 2024-08-29 04:54:10     process id : 211591
#   hostname   : node118.viking2.yor.alces.network
#   path       : /users/ky883/parameter/WS_dia5/AI_Dataset/size_6.0_6.0_5.0/Temp_900/random_1
#----------------------------------------------------------------------------------------------------------------------------------------------------------
6e-11	0	-0.00426112	0.000904806	0.999991	0.999885	0.999851	0	0	0	0	
1.2e-10	2	0.000426283	0.00263146	0.999996	0.998908	0.998928	0.0577804	0.0585235	9.362e-06	8.04686e-06	
1.8e-10	4	-0.00260226	0.0039991	0.999989	0.997911	0.997847	0.0553116	0.114269	6.31066e-06	4.34195e-06	
2.4e-10	6	0.00286075	0.00624737	0.999976	0.996851	0.996791	0.072048	0.0624294	1.37893e-05	1.14272e-05	
3e-10	8	-0.0144868	0.00614888	0.999876	0.995688	0.995689	0.0706569	0.0576439	2.76864e-05	2.14228e-05	
3.6e-10	10	-0.000843039	-0.00430856	0.99999	0.994636	0.994596	0.0457104	0.0379208	1.6239e-05	1.74812e-05	
4.2e-10	12	-0.00670464	0.000373144	0.999977	0.993726	0.993488	0.0682872	0.0490713	2.9546e-05	2.67439e-05	
4.8e-10	14	0.00185928	0.0119493	0.999927	0.992364	0.992439	0.0383216	0.0448927	4.00323e-05	4.14318e-05	
5.4e-10	16	-0.00268261	-0.00306458	0.999992	0.99131	0.99133	0.060416	0.061527	2.78754e-05	2.23673e-05	
6e-10	18	0.0124662	0.00791655	0.999891	0.989969	0.990191	0.0866617	0.0283626	3.56678e-05	2.75883e-05	
6.6e-10	20	0.00991522	-0.00299901	0.999946	0.989178	0.989114	0.0698035	0.0458886	6.3241e-05	5.17759e-05	
7.2e-10	22	-0.0207021	-0.00368385	0.999779	0.988352	0.987962	0.0463113	0.0439052	2.16021e-05	2.46394e-05	
7.8e-10	24	-0.00998123	0.00860449	0.999913	0.987159	0.986906	0.0502466	0.0467015	6.88612e-05	5.96452e-05	
8.4e-10	26	-0.00278343	0.00428987	0.999987	0.985461	0.985906	0.0533886	0.0654494	9.22264e-05	6.47063e-05	
9e-10	28	-0.00764876	-0.00923424	0.999928	0.984296	0.984793	0.0785861	0.0534221	7.78414e-05	6.18442e-05	
9.6e-10	30	0.00864359	0.000239031	0.999963	0.98293	0.983567	0.0505978	0.0645	6.131e-05	5.93619e-05	
1.02e-09	32	-0.0216654	0.00230561	0.999763	0.982634	0.982507	0.0505524	0.0533042	0.000132275	0.000129228	
1.08e-09	34	-0.0292524	-0.00590057	0.999555	0.980677	0.981598	0.0706428	0.0306974	8.19958e-05	6.75204e-05	
1.14e-09	36	0.00102494	0.012308	0.999924	0.980322	0.980375	0.0406129	0.0379323	8.24096e-05	7.34943e-05	
1.2e-09	38	0.0150418	-0.00530086	0.999873	0.979928	0.979263	0.0654172	0.0398654	0.000128865	0.000111086	
1.26e-09	40	-0.00052375	-0.0156426	0.999878	0.978678	0.978097	0.0563093	0.0652674	0.000132166	0.000107281	
1.32e-09	42	-0.00305199	-0.00467157	0.999984	0.976159	0.977139	0.0657704	0.0430115	0.000110861	8.40758e-05	
1.38e-09	44	-0.0145494	-0.0126806	0.999814	0.975511	0.975832	0.0322633	0.0870602	7.72806e-05	7.46031e-05	
1.44e-09	46	0.0114907	-0.0105467	0.999878	0.973463	0.974863	0.062947	0.0756263	8.96196e-05	0.000108591	
1.5e-09	48	0.0316584	-0.0214148	0.999269	0.972572	0.973692	0.0700588	0.0518741	0.00012208	0.000124242	
1.56e-09	50	-0.0317145	0.0174289	0.999345	0.973031	0.972718	0.0503739	0.0595792	0.000110865	0.000100705	
1.62e-09	52	-7.91343e-05	-0.00903706	0.999959	0.971227	0.971585	0.0268807	0.0302368	9.09851e-05	9.27484e-05	
1.68e-09	54	0.00503661	-0.0274584	0.99961	0.97158	0.970062	0.055045	0.0265645	0.000180371	0.000185728	
1.74e-09	56	-0.0291854	-0.0128344	0.999492	0.968998	0.969471	0.0718252	0.0257881	0.00014178	0.000124643	
1.8e-09	58	0.00693609	-0.0134496	0.999885	0.96628	0.967987	0.0519467	0.0467409	0.000154565	0.000146762	
1.86e-09	60	0.0140021	0.0196767	0.999708	0.966021	0.966994	0.05341	0.0524223	0.000135331	0.00011	
1.92e-09	62	-0.014997	-0.00580887	0.999871	0.964914	0.965882	0.057696	0.0465013	0.000227746	0.000204999	
1.98e-09	64	0.0359657	-0.00789508	0.999322	0.964365	0.964862	0.0579545	0.045433	0.000155233	0.000167955	
2.04e-09	66	-0.0103607	-0.0182553	0.99978	0.963155	0.963016	0.0393096	0.0509407	0.000198731	0.000167558	
2.1e-09	68	0.0469034	-0.0558385	0.997338	0.963682	0.962633	0.0887551	0.0988701	0.000142178	8.45836e-05	
2.16e-09	70	0.0284069	0.0155786	0.999475	0.960629	0.960925	0.0554925	0.0512769	0.00022281	0.000166529	
2.22e-09	72	0.0172113	-0.0118765	0.999781	0.959282	0.960127	0.0328957	0.0528869	8.28009e-05	7.33649e-05	
2.28e-09	74	-0.0018249	-0.010368	0.999945	0.957996	0.959111	0.064059	0.0561887	0.000141991	0.000139932	
2.34e-09	76	0.021852	0.0116694	0.999693	0.959145	0.957945	0.0362146	0.0407994	0.000160637	0.000167476	
2.4e-09	78	0.0144691	0.0284049	0.999492	0.957965	0.956638	0.0524803	0.0579851	0.000188734	0.00022025	
2.46e-09	80	0.00268882	-0.0147613	0.999887	0.955461	0.955612	0.0426097	0.0537291	0.000155635	0.000115574	
2.52e-09	82	0.0189874	0.0103285	0.999766	0.954994	0.954721	0.0454384	0.0370631	0.000152396	0.000126601	
2.58e-09	84	0.0300085	0.0516145	0.998216	0.952457	0.953121	0.0639148	0.046644	0.000183395	0.000186995	
2.64e-09	86	-0.0123449	0.0120427	0.999851	0.953587	0.951986	0.0632812	0.0869807	0.000229471	0.000229283	
2.7e-09	88	-0.00650756	-0.0160019	0.999851	0.950706	0.950852	0.054544	0.0503092	0.000236433	0.000225438	
2.76e-09	90	-0.0136387	0.0166576	0.999768	0.951746	0.94947	0.0563748	0.0548654	0.00022579	0.000181929	
2.82e-09	92	-0.0124152	-0.0151156	0.999809	0.948946	0.94846	0.0433673	0.078047	0.000268316	0.000277013	
2.88e-09	94	-0.0425851	0.0233463	0.99882	0.947058	0.947366	0.107949	0.0433195	0.000440796	0.00031926	
2.94e-09	96	0.00755569	-0.0396199	0.999186	0.945677	0.946337	0.0547508	0.0639745	0.00024813	0.000244757	
3e-09	98	0.0102283	0.0108772	0.999889	0.940957	0.944916	0.0590007	0.0657124	0.000366922	0.000337082	
3.06e-09	100	-0.0192436	-0.0354326	0.999187	0.945233	0.944357	0.0608737	0.0544244	0.000308779	0.000198312	
3.12e-09	102	-0.00695489	-0.0204316	0.999767	0.943092	0.942863	0.0506866	0.0766888	0.000323778	0.000298363	
3.18e-09	104	0.0271302	-0.0226225	0.999376	0.941244	0.941108	0.056081	0.0315471	0.000279122	0.000264785	
3.24e-09	106	-0.00762345	-0.029928	0.999523	0.942539	0.940852	0.0297905	0.0652306	0.0002808	0.000203239	
3.3e-09	108	0.0485664	-0.0296568	0.99838	0.937734	0.938914	0.0606337	0.0710163	0.000453186	0.000367722	
3.36e-09	110	0.0176645	0.0358779	0.9992	0.93927	0.938316	0.0647659	0.0368775	0.000226381	0.000216046	
3.42e-09	112	-0.00606369	0.0182628	0.999815	0.934937	0.936933	0.0562592	0.0548735	0.000425632	0.000384413	
3.48e-09	114	-0.00607059	-0.0821699	0.9966	0.935679	0.935015	0.0515189	0.0911444	0.000436634	0.000399025	
3.54e-09	116	-0.0197736	-0.0258159	0.999471	0.932875	0.934541	0.051707	0.0861422	0.00018346	0.000162416	
3.6e-09	118	0.0232828	-0.0236398	0.999449	0.934241	0.933871	0.0657352	0.0492792	0.000270246	0.000214478	
3.66e-09	120	0.0195374	0.0103733	0.999755	0.934151	0.932666	0.0620229	0.0577242	0.000269533	0.000264094	
3.72e-09	122	-0.0231707	-0.0245892	0.999429	0.930446	0.930933	0.0440404	0.0630503	0.000510375	0.00042561	
3.78e-09	124	0.0529268	0.0373641	0.997899	0.930372	0.929255	0.0653131	0.0463203	0.00039032	0.000391358	
3.84e-09	126	-0.0687437	-0.0252576	0.997315	0.931842	0.928486	0.0520632	0.050798	0.000301557	0.000333502	
3.9e-09	128	0.0138672	0.0211397	0.99968	0.92637	0.926995	0.0743608	0.051398	0.000274592	0.00022229	
3.96e-09	130	0.00115364	-0.00859678	0.999962	0.924243	0.926227	0.0430755	0.0545638	0.000361388	0.000267602	
4.02e-09	132	0.025883	-0.0492552	0.998451	0.923983	0.924099	0.108559	0.0743697	0.000352352	0.000338974	
4.08e-09	134	0.00382706	-0.0420255	0.999109	0.923936	0.923856	0.0539044	0.0802556	0.000440337	0.000233433	
4.14e-09	136	0.00169031	-0.0332188	0.999447	0.923054	0.922822	0.0360906	0.0911349	0.00022668	0.000193897	
4.2e-09	138	-0.0179487	0.017738	0.999682	0.922389	0.921102	0.0580105	0.0813976	0.000513416	0.000341405	
4.26e-09	140	0.0255639	0.0273103	0.9993	0.919468	0.919682	0.104546	0.0577682	0.000520196	0.000426813	
4.32e-09	142	0.0211539	0.00731355	0.999749	0.916823	0.919166	0.0759837	0.0522261	0.000440647	0.00039661	
4.38e-09	144	0.052349	0.00670094	0.998606	0.915464	0.917301	0.0458882	0.0491338	0.000493532	0.000460898	
4.44e-09	146	0.0168857	-0.0127836	0.999776	0.917195	0.916341	0.050872	0.114003	0.000580748	0.000472585	
4.5e-09	148	-0.0400786	-0.0320054	0.998684	0.913022	0.914427	0.0338475	0.0490636	0.000365497	0.000339297	
4.56e-09	150	-0.0204603	0.030388	0.999329	0.910966	0.9137	0.0744774	0.0754365	0.00039314	0.000323909	
4.62e-09	152	0.00547567	0.0161947	0.999854	0.913606	0.912142	0.0586259	0.0708729	0.000448952	0.000335188	
4.68e-09	154	-0.018457	-0.0510147	0.998527	0.909559	0.91145	0.0582306	0.0600733	0.000277965	0.000321917	
4.74e-09	156	-0.0317634	-0.000585462	0.999495	0.904944	0.909882	0.0541072	0.0392396	0.000422651	0.000356931	
4.8e-09	158	-0.0431046	0.0225184	0.998817	0.910651	0.908662	0.0575866	0.0694418	0.000489298	0.000481845	
4.86e-09	160	-0.0769815	0.0578794	0.995351	0.908189	0.907174	0.0521764	0.0372786	0.000641779	0.000553779	
4.92e-09	162	0.0294873	0.0605521	0.997729	0.907277	0.906428	0.0510129	0.058277	0.000421663	0.000342353	
4.98e-09	164	0.0325259	0.0818967	0.99611	0.908458	0.905057	0.0571483	0.0920939	0.000571011	0.000553683	
5.04e-09	166	-0.0144672	-0.0473179	0.998775	0.900097	0.90392	0.0753323	0.0632003	0.000430992	0.000421083	
5.1e-09	168	-0.0316887	-0.0240245	0.999209	0.901263	0.902996	0.0786122	0.054425	0.000437355	0.000386501	
5.16e-09	170	0.0157245	-0.0961926	0.995239	0.902117	0.900744	0.0374823	0.0641872	0.000483154	0.000465793	
5.22e-09	172	-0.0550111	0.0544335	0.997001	0.892457	0.898972	0.0575723	0.0662541	0.000709248	0.000493042	
5.28e-09	174	-0.0184536	0.0041918	0.999821	0.901627	0.89883	0.0346299	0.0734352	0.000480137	0.000325325	
5.34e-09	176	-0.0486234	-0.00844204	0.998782	0.896908	0.897705	0.0470766	0.0505445	0.000617201	0.000582987	
5.4e-09	178	0.00465427	0.00202656	0.999987	0.893574	0.895764	0.0766344	0.0554116	0.000845865	0.000659922	
5.46e-09	180	0.0287954	0.0407945	0.998753	0.893714	0.89567	0.0619323	0.0376	0.000508596	0.000392063	
5.52e-09	182	0.0374264	0.0617862	0.997387	0.895279	0.8937	0.0544698	0.0550886	0.000575412	0.000554349	
5.58e-09	184	0.00378044	0.0029046	0.999989	0.889237	0.891675	0.0485848	0.0459045	0.000491053	0.000523653	
5.64e-09	186	0.000348522	0.0525291	0.998619	0.892305	0.890342	0.0956906	0.0790962	0.00071453	0.000638478	
5.7e-09	188	-0.00126713	-0.00482418	0.999988	0.885909	0.890173	0.0491399	0.0572115	0.000612465	0.0005251	
5.76e-09	190	0.00641907	-0.00877739	0.999941	0.892188	0.888246	0.0275222	0.052292	0.000878638	0.00073921	
5.82e-09	192	-0.029861	-0.00954397	0.999508	0.884666	0.887919	0.0641053	0.0398057	0.000404778	0.000410329	
5.88e-09	194	0.0203014	-0.00944846	0.999749	0.882958	0.884041	0.0758657	0.0662013	0.000604692	0.000460095	
5.94e-09	196	0.0279653	0.0288794	0.999192	0.881017	0.884232	0.0810786	0.0574609	0.000756987	0.000472969	
6e-09	198	0.07031	0.0177169	0.997368	0.886244	0.882965	0.0533827	0.0588423	0.000452843	0.000419281	
6.06e-09	200	-0.00154488	-0.0130823	0.999913	0.877171	0.881304	0.043417	0.0468391	0.000587786	0.000554049	
6.12e-09	202	-0.00176983	-0.038723	0.999248	0.872938	0.880524	0.0612155	0.061587	0.000708812	0.000590181	
6.18e-09	204	-0.0205221	0.0334117	0.999231	0.873778	0.878924	0.0509542	0.0518712	0.000659292	0.0007329	
6.24e-09	206	0.00268354	-0.133391	0.99106	0.880725	0.877835	0.0665555	0.106805	0.000966457	0.000860507	
6.3e-09	208	-0.0213939	0.0942588	0.995318	0.879943	0.87644	0.0780499	0.050674	0.000676749	0.000378722	
6.36e-09	210	0.0382925	-0.0165577	0.999129	0.873428	0.875225	0.0969268	0.0369885	0.000554503	0.000373474	
6.42e-09	212	0.0815037	-0.000121381	0.996673	0.874782	0.873376	0.0615799	0.0395022	0.000528388	0.000445585	
6.48e-09	214	-0.0549414	-0.0477338	0.997348	0.873069	0.872937	0.0601807	0.0969895	0.00063178	0.000573335	
6.54e-09	216	-0.135061	0.0336033	0.990267	0.863096	0.870632	0.106981	0.0554771	0.000842458	0.000476636	
6.6e-09	218	0.0735003	0.00772347	0.997265	0.876814	0.870731	0.0596473	0.0365199	0.000569324	0.000505662	
6.66e-09	220	0.0222154	0.0167666	0.999613	0.865294	0.867981	0.0323735	0.066186	0.000875138	0.00081923	
6.72e-09	222	-0.0640586	-0.0294017	0.997513	0.861535	0.866204	0.0298674	0.0645591	0.00131369	0.00110531	
6.78e-09	224	0.0210738	-0.0196268	0.999585	0.863273	0.865061	0.0773536	0.101272	0.000957115	0.000702656	
6.84e-09	226	0.0328968	0.00223214	0.999456	0.861569	0.863653	0.0824779	0.0573738	0.00106236	0.00062161	
6.9e-09	228	-0.0230186	-0.0461354	0.99867	0.863692	0.863603	0.0526985	0.0347579	0.000655324	0.000703681	
6.96e-09	230	0.0356281	0.0392965	0.998592	0.864625	0.861602	0.0955445	0.0596998	0.000893498	0.000532271	
7.02e-09	232	0.0225925	0.0632389	0.997743	0.859172	0.860851	0.0494204	0.104833	0.00122817	0.00115755	
7.08e-09	234	-0.00905157	-0.00222436	0.999957	0.844666	0.858209	0.0687175	0.0349102	0.00117656	0.00118934	
7.14e-09	236	-0.0193594	-0.0153759	0.999694	0.858273	0.857377	0.0422763	0.0409323	0.000765049	0.000663395	
7.2e-09	238	-0.0225629	-0.100413	0.99469	0.855568	0.856355	0.0638546	0.0931597	0.000659522	0.000549273	
7.26e-09	240	0.0682766	0.0559958	0.996094	0.851763	0.854343	0.0731326	0.0533366	0.000578178	0.000557596	
7.32e-09	242	-0.0351336	-0.0446172	0.998386	0.844215	0.852845	0.0622732	0.0635067	0.000777235	0.000517395	
7.38e-09	244	0.0297309	0.0266786	0.999202	0.861061	0.853893	0.0526914	0.0471112	0.000558023	0.000438909	
7.44e-09	246	-0.0978948	0.0426076	0.994284	0.845005	0.850357	0.0703848	0.0644609	0.00157484	0.00122642	
7.5e-09	248	-0.0525978	0.0189956	0.998435	0.845983	0.849257	0.0311292	0.0374603	0.000700815	0.000641261	
7.56e-09	250	0.0451562	-0.0103493	0.998926	0.8439	0.84733	0.0530821	0.0447955	0.00117491	0.000778664	
7.62e-09	252	0.00410124	0.0312948	0.999502	0.8516	0.846938	0.0763024	0.0402411	0.00122771	0.00107971	
7.68e-09	254	-0.0433279	0.0262209	0.998717	0.844077	0.844141	0.0338148	0.0467335	0.000785414	0.000735988	
7.74e-09	256	0.0676403	-0.0272673	0.997337	0.83566	0.843311	0.104255	0.0847526	0.00124585	0.00067385	
7.8e-09	258	0.0237407	-0.0541332	0.998251	0.845671	0.84276	0.0389434	0.0733114	0.00101149	0.000846998	
7.86e-09	260	0.0070039	0.00450466	0.999965	0.845	0.840557	0.0427386	0.0497513	0.0008348	0.00064208	
7.92e-09	262	-0.00200463	0.0730476	0.997326	0.840168	0.840314	0.0653727	0.0603132	0.000902084	0.000636447	
7.98e-09	264	-0.0735228	-0.0483657	0.99612	0.840876	0.83784	0.0736564	0.0467748	0.000886208	0.000782409	
8.04e-09	266	0.0530763	-0.0491625	0.99738	0.831978	0.836388	0.0736484	0.0604491	0.00104705	0.000963222	
8.1e-09	268	-0.0088099	-0.0277223	0.999577	0.832739	0.833884	0.0642884	0.0406657	0.000708386	0.000773863	
8.16e-09	270	-0.0406025	-0.0983134	0.994327	0.830639	0.834894	0.0446333	0.0818754	0.000819888	0.000546979	
8.22e-09	272	-0.0328003	0.0617876	0.99755	0.8341	0.832316	0.046078	0.0668895	0.000943889	0.000751121	
8.28e-09	274	-0.0422521	0.00511441	0.999094	0.830532	0.830971	0.0400167	0.0419003	0.00121716	0.00107606	
8.34e-09	276	0.0375039	-0.0522358	0.99793	0.831945	0.828032	0.0646646	0.052041	0.00081363	0.000844149	
8.4e-09	278	-0.000571248	0.0175445	0.999846	0.830565	0.827569	0.0767355	0.041158	0.0013639	0.00112447	
8.46e-09	280	0.0968104	0.0518046	0.993954	0.831882	0.8255	0.105747	0.0470983	0.00141866	0.000884892	
8.52e-09	282	0.0456405	-0.0458673	0.997904	0.822136	0.824235	0.111623	0.0393456	0.00170444	0.00129909	
8.58e-09	284	0.0436542	0.014054	0.998948	0.818021	0.823367	0.0510352	0.0381733	0.000926357	0.000726791	
8.64e-09	286	-0.0789683	-0.0133826	0.996787	0.820092	0.821682	0.059599	0.0778107	0.000833149	0.000934936	
8.7e-09	288	-0.050758	0.026566	0.998358	0.816296	0.819508	0.0875515	0.0874084	0.00127454	0.000754117	
8.76e-09	290	-0.0295652	-0.0115554	0.999496	0.811691	0.817136	0.0430407	0.0545635	0.00131657	0.00116443	
8.82e-09	292	0.105364	0.0175039	0.99428	0.821595	0.818435	0.0650787	0.0791736	0.00127547	0.00106835	
8.88e-09	294	-0.0223517	0.0789532	0.996628	0.812345	0.81593	0.0612266	0.0647802	0.00110144	0.00092476	
8.94e-09	296	-0.0280097	-0.0556665	0.998056	0.817845	0.813862	0.0623497	0.05839	0.0015914	0.00143122	
9e-09	298	0.037959	0.0598834	0.997483	0.805733	0.813856	0.0315603	0.0628492	0.000993191	0.000619692	
9.06e-09	300	0.0366283	-0.0262203	0.998985	0.819506	0.812464	0.106134	0.0718646	0.00207514	0.00150791	
9.12e-09	302	0.117034	0.0259678	0.992788	0.815741	0.810516	0.0620119	0.047485	0.00137729	0.0014008	
9.18e-09	304	-0.00941925	0.0528909	0.998556	0.808341	0.809899	0.0476012	0.0818764	0.000945114	0.000962304	
9.24e-09	306	-0.0144024	-0.0684011	0.997554	0.799833	0.805998	0.0535799	0.0480974	0.000977053	0.000938058	
9.3e-09	308	-0.0427427	-0.167604	0.984927	0.797947	0.805607	0.058435	0.073911	0.00133037	0.000954374	
9.36e-09	310	0.0252968	0.0566569	0.998073	0.814174	0.805073	0.0661089	0.0486053	0.0010697	0.00102304	
9.42e-09	312	0.0244255	-0.0253212	0.999381	0.806285	0.802634	0.0626591	0.0978503	0.00159074	0.00152161	
9.48e-09	314	-0.0353399	-0.0165791	0.999238	0.801723	0.803418	0.0841133	0.0701995	0.000968943	0.000845971	
9.54e-09	316	0.0140793	0.0162587	0.999769	0.786811	0.797647	0.0791546	0.0580434	0.00140358	0.00109996	
9.6e-09	318	-0.00721436	0.0248547	0.999665	0.799648	0.797288	0.0560305	0.0879796	0.00148887	0.000906056	
9.66e-09	320	-0.0269025	-0.0207416	0.999423	0.79597	0.793622	0.0907828	0.062715	0.00184246	0.00127595	
9.72e-09	322	0.0226895	-0.0253985	0.99942	0.796387	0.794442	0.0536181	0.060465	0.00169339	0.00117483	
9.78e-09	324	0.115425	0.0863126	0.989559	0.793933	0.792003	0.100727	0.0615972	0.00232997	0.00169272	
9.84e-09	326	0.0434363	0.0473968	0.997931	0.784092	0.788797	0.0568803	0.0605441	0.00116883	0.00102112	
9.9e-09	328	-0.0463112	0.022764	0.998668	0.794789	0.788261	0.0786791	0.0567455	0.0016266	0.00159397	
9.96e-09	330	0.117319	0.101679	0.987875	0.79237	0.788887	0.0715463	0.0326326	0.00160782	0.00159288	
1.002e-08	332	0.0750453	0.161258	0.984055	0.784412	0.786928	0.12226	0.0708344	0.00185908	0.00119051	
1.008e-08	334	-0.0073253	0.0721029	0.99737	0.792358	0.783993	0.0343159	0.0731995	0.0014856	0.00144719	
1.014e-08	336	0.0799237	0.161755	0.983589	0.790368	0.782362	0.0816307	0.0928092	0.00183837	0.00137067	
1.02e-08	338	-0.010209	-0.0339253	0.999372	0.781563	0.782874	0.102749	0.055675	0.00171428	0.00161469	
1.026e-08	340	0.0117606	-0.061102	0.998062	0.782915	0.778209	0.0548447	0.0708235	0.00130192	0.000999656	
1.032e-08	342	-0.018201	0.068534	0.997483	0.775946	0.777868	0.0494195	0.0659013	0.00160182	0.00156805	
1.038e-08	344	0.0825559	-0.0950952	0.992039	0.768945	0.775331	0.0433462	0.0745891	0.00185744	0.00157989	
1.044e-08	346	-0.0784766	-0.0940847	0.992466	0.775079	0.776116	0.0697727	0.0703914	0.00157376	0.00148131	
1.05e-08	348	0.0100591	-0.0743956	0.997178	0.776291	0.775173	0.0582739	0.0463264	0.00118213	0.000986825	
1.056e-08	350	-0.0993095	0.0046201	0.995046	0.780965	0.772419	0.0828911	0.0419725	0.00174443	0.00100998	
1.062e-08	352	0.0392737	0.032586	0.998697	0.772071	0.769655	0.0679674	0.0960301	0.0023775	0.00143696	
1.068e-08	354	-0.0520617	-0.132205	0.989854	0.769674	0.768056	0.106139	0.122101	0.00203719	0.00132098	
1.074e-08	356	0.0491441	-0.126519	0.990746	0.770465	0.767187	0.0706881	0.0781685	0.0016817	0.00137878	
1.08e-08	358	0.109353	0.063486	0.991974	0.759601	0.765057	0.0696194	0.0739009	0.00133583	0.00177229	
1.086e-08	360	0.0169022	0.0853703	0.996206	0.759643	0.760801	0.0746618	0.0808481	0.00231338	0.00208883	
1.092e-08	362	-0.00863069	-0.0264189	0.999614	0.757076	0.762442	0.0733818	0.0709016	0.0022813	0.00196135	
1.098e-08	364	-0.0278478	-0.0755162	0.996756	0.743099	0.758225	0.0726077	0.0610154	0.00225822	0.00236687	
1.104e-08	366	0.126264	-0.0299703	0.991544	0.742906	0.759164	0.0851903	0.0831117	0.00222971	0.00196175	
1.11e-08	368	-0.0682322	-0.0573367	0.996021	0.748704	0.757947	0.0833103	0.0476185	0.00216797	0.00178949	
1.116e-08	370	-0.0668161	0.0697217	0.995326	0.753063	0.7556	0.110975	0.0752808	0.00314273	0.00191252	
1.122e-08	372	0.0274044	-0.055028	0.998109	0.752203	0.752562	0.0927126	0.0379809	0.00120713	0.00101427	
1.128e-08	374	-0.0193383	-0.180936	0.983305	0.75764	0.750133	0.0955381	0.0805158	0.00195353	0.00178281	
1.134e-08	376	-0.0290671	-0.0649322	0.997466	0.740975	0.747407	0.0613161	0.0680785	0.00172913	0.00132015	
1.14e-08	378	-0.0945281	0.0552955	0.993985	0.75961	0.748786	0.058951	0.129601	0.00141086	0.000994436	
1.146e-08	380	-0.0673684	0.00899265	0.997688	0.754998	0.747709	0.0641541	0.0502451	0.00259603	0.00199119	
1.152e-08	382	-0.0462185	0.108621	0.993008	0.738245	0.744157	0.0718992	0.0867622	0.00231683	0.00151738	
1.158e-08	384	-0.0317833	0.00582963	0.999478	0.747903	0.740733	0.069929	0.0662951	0.00164637	0.00136389	
1.164e-08	386	-0.00757109	-0.0227994	0.999711	0.725106	0.740824	0.0787363	0.0620336	0.00191	0.00158792	
1.17e-08	388	-0.0347803	0.0293857	0.998963	0.750298	0.73887	0.0670184	0.0771622	0.00179209	0.00172073	
1.176e-08	390	0.186139	0.0969924	0.977724	0.734785	0.737796	0.106031	0.0826774	0.00166126	0.00106399	
1.182e-08	392	0.0738912	-0.00624031	0.997247	0.72227	0.732063	0.073859	0.0435547	0.00272312	0.00213904	
1.188e-08	394	-0.00942949	0.0502842	0.99869	0.732119	0.73166	0.057327	0.0409575	0.00150662	0.00144647	
1.194e-08	396	-0.0437013	-0.0363156	0.998384	0.722595	0.730816	0.0678568	0.0528491	0.00142306	0.00129763	
1.2e-08	398	0.0633576	-0.0585928	0.996269	0.730124	0.730191	0.0475162	0.0673647	0.00263711	0.00200437	
1.206e-08	400	0.155306	-0.0352004	0.987239	0.725767	0.726664	0.0837724	0.0646489	0.00178717	0.00183838	
1.212e-08	402	0.164173	0.0178362	0.98627	0.720421	0.722288	0.0517794	0.0986055	0.00314062	0.00239853	
1.218e-08	404	0.172376	0.0398478	0.984225	0.729467	0.724662	0.0675535	0.0753135	0.00183582	0.00171552	
1.224e-08	406	0.0423346	-0.0326265	0.998571	0.718973	0.720198	0.0895598	0.0374722	0.00208631	0.00131918	
1.23e-08	408	0.0516898	-0.0238593	0.998378	0.71827	0.717814	0.0671724	0.0682552	0.00208989	0.00190793	
1.236e-08	410	-0.0893972	-0.00847651	0.99596	0.721433	0.718485	0.0629953	0.0549783	0.00266789	0.00211466	
1.242e-08	412	-0.0476808	-0.0376333	0.998153	0.724712	0.718557	0.0787378	0.0514241	0.00314593	0.00232742	
1.248e-08	414	-0.0340179	0.0102128	0.999369	0.711986	0.710956	0.0723274	0.0809059	0.00305728	0.00237263	
1.254e-08	416	-0.0863998	-0.012655	0.99618	0.726219	0.713147	0.0794584	0.0497421	0.00239422	0.00180772	
1.26e-08	418	-0.0689688	0.0217057	0.997383	0.70853	0.709123	0.0497466	0.0428868	0.00186278	0.00198033	
1.266e-08	420	-0.0582389	0.00832925	0.998268	0.724326	0.711004	0.0441075	0.105987	0.00302808	0.0024784	
1.272e-08	422	0.038457	0.0129944	0.999176	0.699831	0.706008	0.046859	0.0672816	0.00238847	0.00188943	
1.278e-08	424	0.03372	-0.0273648	0.999057	0.705496	0.704937	0.0587754	0.0635877	0.00400698	0.00331929	
1.284e-08	426	0.0225239	0.0790182	0.996619	0.695947	0.699982	0.100096	0.0998459	0.00349093	0.0029513	
1.29e-08	428	0.184814	0.118139	0.975647	0.713394	0.699314	0.121267	0.120123	0.00401076	0.00270929	
1.296e-08	430	-0.0228834	-0.18057	0.983296	0.701911	0.697508	0.0720829	0.0611903	0.00301202	0.00263068	
1.302e-08	432	0.0440972	0.0321273	0.998511	0.706151	0.6939	0.0759926	0.0665629	0.00311365	0.0033443	
1.308e-08	434	-0.033633	0.156721	0.98707	0.688743	0.691562	0.0708253	0.0745531	0.00322903	0.0022996	
1.314e-08	436	-0.0851013	0.043831	0.995408	0.704004	0.694275	0.0677326	0.0549059	0.00193639	0.00152977	
1.32e-08	438	0.00104793	-0.0525385	0.998618	0.688096	0.688942	0.0636355	0.0615464	0.00230832	0.00203466	
1.326e-08	440	0.0668736	-0.048324	0.996591	0.685676	0.687493	0.0763013	0.0903291	0.00306035	0.00213685	
1.332e-08	442	-0.0610117	0.100238	0.993091	0.678052	0.685532	0.0812707	0.0698757	0.00237792	0.0013455	
1.338e-08	444	-0.0732138	0.0915285	0.993107	0.669306	0.685168	0.0858179	0.073684	0.00363608	0.00291641	
1.344e-08	446	0.000187136	0.0931732	0.99565	0.686577	0.683172	0.057674	0.0686195	0.00407871	0.00364091	
1.35e-08	448	-0.0800181	-0.0636832	0.994757	0.677598	0.677008	0.0849852	0.0668716	0.00342292	0.00195103	
1.356e-08	450	-0.037206	0.00723455	0.999281	0.680726	0.679313	0.0723284	0.0683806	0.00195949	0.00136302	
1.362e-08	452	0.0561313	-0.106887	0.992686	0.674749	0.674091	0.0813161	0.0737486	0.00194754	0.00133107	
1.368e-08	454	-0.0223516	-0.0924197	0.995469	0.682605	0.6731	0.0923757	0.0817687	0.00538565	0.00424994	
1.374e-08	456	-0.0642317	-0.168186	0.98366	0.667878	0.667838	0.0580991	0.0872554	0.00338403	0.00309118	
1.38e-08	458	0.0426899	0.00261248	0.999085	0.674242	0.667124	0.105554	0.0905495	0.00364989	0.00273665	
1.386e-08	460	-0.00456366	0.0522657	0.998623	0.665913	0.665659	0.0813499	0.0753357	0.00504009	0.00424806	
1.392e-08	462	0.111036	0.0721468	0.991194	0.656307	0.660733	0.144497	0.0608785	0.00214648	0.00154517	
1.398e-08	464	-0.01262	-0.0836388	0.996416	0.661314	0.665088	0.0709484	0.097857	0.00438348	0.00170612	
1.404e-08	466	0.0163432	-0.0705694	0.997373	0.641664	0.657721	0.0921595	0.0802918	0.00336687	0.00268451	
1.41e-08	468	0.0814789	0.0170905	0.996529	0.649909	0.655048	0.0668377	0.054822	0.00396613	0.00223583	
1.416e-08	470	0.0049145	0.123479	0.992335	0.63576	0.654856	0.0575123	0.0941053	0.00272103	0.00239996	
1.422e-08	472	0.0863529	-0.145152	0.985634	0.651207	0.652199	0.133469	0.0789207	0.00474935	0.00295966	
1.428e-08	474	0.0822933	-0.0351262	0.995989	0.651202	0.649527	0.0403862	0.061797	0.00367541	0.00294453	
1.434e-08	476	-0.104723	-0.0606028	0.992653	0.642753	0.646235	0.0784987	0.0763483	0.0028809	0.00273288	
1.44e-08	478	0.113608	0.00103694	0.993525	0.65687	0.645148	0.0808021	0.0917399	0.00470083	0.00370155	
1.446e-08	480	0.0496603	-0.0285603	0.998358	0.65016	0.646116	0.0860892	0.0567232	0.00269905	0.00240477	
1.452e-08	482	-0.0258375	0.0435243	0.998718	0.647422	0.642098	0.121775	0.059325	0.00513641	0.00351238	
1.458e-08	484	0.103587	-0.216493	0.970773	0.644957	0.64105	0.0578605	0.0931191	0.00270411	0.00264503	
1.464e-08	486	0.0344095	0.00775838	0.999378	0.651945	0.632097	0.0721481	0.0570869	0.0048807	0.0045068	
1.47e-08	488	0.00510536	0.0566027	0.998384	0.637269	0.634904	0.0841804	0.0686249	0.00259114	0.00274444	
1.476e-08	490	0.00304623	0.0396387	0.999209	0.620351	0.630112	0.0614733	0.0597043	0.00308121	0.00331066	
1.482e-08	492	-0.0134621	-0.105925	0.994283	0.607419	0.62945	0.0898389	0.0634973	0.00451679	0.00413767	
1.488e-08	494	-0.0685477	0.166704	0.983621	0.632483	0.625848	0.126806	0.104089	0.0056812	0.00388323	
1.494e-08	496	-0.0776007	-0.0136251	0.996891	0.651265	0.626026	0.0551969	0.0839954	0.00423581	0.00305581	
1.5e-08	498	-0.126167	0.0737493	0.989264	0.627621	0.618753	0.0888293	0.0909159	0.00366893	0.00269325	
1.506e-08	500	-0.0403628	-0.100517	0.994116	0.634509	0.620692	0.0618804	0.0740197	0.00565124	0.00327196	
1.512e-08	502	0.00113735	0.0358146	0.999358	0.615731	0.613146	0.0668724	0.0857209	0.00399781	0.0029485	
1.518e-08	504	-0.182727	-0.0703225	0.980646	0.615384	0.612939	0.0468512	0.0688112	0.00375309	0.00266517	
1.524e-08	506	-0.0854258	-0.119514	0.989151	0.615471	0.609091	0.0751976	0.0766741	0.00496515	0.00401066	
1.53e-08	508	-0.0579216	0.0917838	0.994093	0.612997	0.606856	0.0873057	0.062454	0.00494884	0.00425933	
1.536e-08	510	0.103137	0.0888042	0.990695	0.593796	0.604387	0.0686971	0.0596182	0.00327088	0.00248992	
1.542e-08	512	-0.102969	0.0798858	0.991471	0.612954	0.597738	0.0842115	0.0624753	0.00688447	0.00621532	
1.548e-08	514	-0.0827078	-0.104588	0.991071	0.598778	0.599443	0.125261	0.109886	0.00416096	0.00321974	
1.554e-08	516	-0.0609784	0.176403	0.982427	0.581718	0.598517	0.0351172	0.118334	0.00645428	0.00478363	
1.56e-08	518	0.195628	0.0628412	0.978663	0.590776	0.593949	0.11167	0.0772039	0.00340731	0.00220017	
1.566e-08	520	-0.0489585	-0.0528519	0.997401	0.584518	0.581963	0.0545644	0.0486908	0.00459021	0.0041735	
1.572e-08	522	-0.221277	0.0279805	0.97481	0.569631	0.589353	0.092114	0.082107	0.00783619	0.0050254	
1.578e-08	524	-0.0597531	-0.0977306	0.993417	0.583828	0.586392	0.071318	0.0977582	0.00582947	0.00475746	
1.584e-08	526	0.0118559	-0.134636	0.990824	0.579694	0.579113	0.0994937	0.0570047	0.00315341	0.00337048	
1.59e-08	528	0.228023	-0.088611	0.969615	0.553332	0.576477	0.146111	0.0982612	0.0095699	0.00580957	
1.596e-08	530	-0.168473	-0.0654222	0.983533	0.565918	0.577428	0.0621619	0.0861866	0.00437123	0.0031025	
1.602e-08	532	0.114714	-0.0264335	0.993047	0.568829	0.573939	0.078046	0.0561123	0.00436452	0.00514955	
1.608e-08	534	-0.0564945	-0.135389	0.989181	0.571655	0.573999	0.0890006	0.112987	0.00659096	0.00424655	
1.614e-08	536	0.163228	0.0224816	0.986332	0.544341	0.567041	0.0776056	0.0592245	0.00435695	0.00455177	
1.62e-08	538	-0.00410867	0.132325	0.991198	0.563466	0.567736	0.107911	0.098334	0.00468055	0.00241082	
1.626e-08	540	-0.0625826	-0.0451127	0.99702	0.572853	0.56339	0.091262	0.0650722	0.00594186	0.00472539	
1.632e-08	542	-0.00268039	0.0127584	0.999915	0.528818	0.557331	0.0417206	0.0934918	0.00828841	0.00641812	
1.638e-08	544	-0.19274	-0.27402	0.942213	0.549332	0.555556	0.0727797	0.0793503	0.00722361	0.004946	
1.644e-08	546	-0.146312	0.108496	0.983271	0.554704	0.551143	0.0786143	0.0657853	0.00788508	0.00521181	
1.65e-08	548	0.0368991	0.18482	0.982079	0.533578	0.547652	0.0814253	0.0752875	0.00686023	0.00523867	
1.656e-08	550	0.0371357	0.0978508	0.994508	0.563779	0.546045	0.0742485	0.0709902	0.00674665	0.00393213	
1.662e-08	552	-0.0731982	0.0427667	0.9964	0.535022	0.546508	0.0808583	0.122991	0.00426948	0.00258937	
1.668e-08	554	-0.186618	0.217378	0.958082	0.529442	0.536726	0.0942844	0.103369	0.00593012	0.00309648	
1.674e-08	556	0.0646532	0.136263	0.988561	0.546151	0.533715	0.0989353	0.119186	0.00789854	0.00596493	
1.68e-08	558	0.00451395	0.167552	0.985853	0.519403	0.531869	0.0817295	0.0526546	0.00475351	0.00492946	
1.686e-08	560	-0.0385223	0.215746	0.975689	0.503597	0.52242	0.105386	0.0896073	0.0104839	0.00718375	
1.692e-08	562	-0.0600753	0.140577	0.988245	0.497233	0.522453	0.0418755	0.113535	0.0105725	0.00847488	
1.698e-08	564	0.0334579	0.0489863	0.998239	0.538661	0.526296	0.0886134	0.0988881	0.00664022	0.00592719	
1.704e-08	566	0.00657642	0.0952091	0.995436	0.518206	0.514772	0.0663528	0.136014	0.0104258	0.00711993	
1.71e-08	568	-0.110639	-0.0883719	0.989924	0.523827	0.516278	0.0882939	0.050559	0.00734078	0.00596065	
1.716e-08	570	-0.0642668	-0.179053	0.981738	0.505842	0.505739	0.0697573	0.119755	0.0112502	0.00618378	
1.722e-08	572	-0.0526876	-0.135302	0.989403	0.515467	0.510175	0.108219	0.0763921	0.00752171	0.00434773	
1.728e-08	574	-0.321113	0.133479	0.937587	0.461932	0.505802	0.0527267	0.0787282	0.00786336	0.0043467	
1.734e-08	576	-0.236737	0.0835978	0.967971	0.492678	0.495197	0.106887	0.0518609	0.0135688	0.011201	
1.74e-08	578	-0.0365703	0.136951	0.989903	0.501935	0.492125	0.126095	0.0897718	0.00791536	0.00501709	
1.746e-08	580	-0.0563905	-0.0211402	0.998185	0.49961	0.496633	0.074419	0.111185	0.00664071	0.00448527	
1.752e-08	582	-0.301184	0.281664	0.911018	0.474786	0.48688	0.117451	0.0929162	0.00959647	0.00465292	
1.758e-08	584	-0.125538	-0.0359824	0.991436	0.462372	0.48016	0.0817989	0.14191	0.00554902	0.00415072	
1.764e-08	586	0.0324216	-0.149525	0.988226	0.4954	0.480421	0.108366	0.110259	0.0102819	0.00503388	
1.77e-08	588	-0.151608	0.129206	0.97996	0.454319	0.476245	0.0705786	0.0943793	0.0153463	0.0111714	
1.776e-08	590	0.0518556	-0.0866852	0.994885	0.474164	0.478133	0.0679275	0.0905801	0.00388604	0.00238909	
1.782e-08	592	0.0981802	0.0457001	0.994119	0.486032	0.478754	0.0566752	0.0633275	0.00628231	0.00516451	
1.788e-08	594	0.269572	0.0608087	0.961058	0.447596	0.466068	0.14875	0.0945203	0.00809901	0.00658046	
1.794e-08	596	0.082865	0.152366	0.984844	0.429298	0.456861	0.137982	0.148619	0.0150982	0.0088936	
1.8e-08	598	-0.0426602	0.0784438	0.996005	0.455511	0.45729	0.0874499	0.132099	0.00602582	0.0044152	
1.806e-08	600	-0.0470239	0.113032	0.992478	0.426676	0.45011	0.0753572	0.142689	0.0156219	0.012878	
1.812e-08	602	0.0364522	-0.105862	0.993712	0.444652	0.453001	0.0995536	0.10754	0.0130873	0.00500976	
1.818e-08	604	0.100417	-0.316343	0.943315	0.480565	0.441425	0.14689	0.0909268	0.0130368	0.00694163	
1.824e-08	606	0.255137	0.0271562	0.966523	0.432383	0.440224	0.130848	0.0665165	0.0116263	0.00845445	
1.83e-08	608	0.0479668	0.163531	0.985371	0.474316	0.43399	0.0635435	0.129292	0.010398	0.0107341	
1.836e-08	610	0.143465	-0.240964	0.959872	0.443976	0.426418	0.108311	0.0908038	0.0177197	0.0133881	
1.842e-08	612	-0.0148385	0.0036443	0.999883	0.456048	0.426744	0.17572	0.163805	0.0219001	0.00830011	
1.848e-08	614	0.075574	-0.171597	0.982264	0.427393	0.422458	0.15823	0.110013	0.0133453	0.00936398	
1.854e-08	616	-0.274803	-0.0608607	0.959573	0.388296	0.414912	0.112119	0.116389	0.0126624	0.00757233	
1.86e-08	618	-0.107047	-0.200294	0.97387	0.444473	0.407679	0.0628527	0.071329	0.0131765	0.0101778	
1.866e-08	620	0.159516	0.46508	0.870779	0.403003	0.410559	0.112149	0.124607	0.0156029	0.00845863	
1.872e-08	622	0.0766659	-0.344284	0.93573	0.380626	0.389804	0.0504683	0.09749	0.0175083	0.0183307	
1.878e-08	624	0.0549491	-0.0685753	0.996132	0.410285	0.386306	0.0965739	0.0942038	0.0211921	0.0128096	
1.884e-08	626	0.16146	0.0818117	0.983482	0.419226	0.385836	0.104987	0.119028	0.0372283	0.0111692	
1.89e-08	628	0.19473	0.183204	0.963595	0.354974	0.381542	0.0768864	0.0588554	0.0197931	0.0147935	
1.896e-08	630	0.195716	-0.118579	0.973465	0.393218	0.380344	0.0606838	0.09879	0.0168248	0.0148817	
1.902e-08	632	-0.162499	0.0531275	0.985277	0.380747	0.374182	0.134761	0.0772418	0.0129041	0.00978914	
1.908e-08	634	-0.0468749	0.0997329	0.99391	0.379524	0.368608	0.139783	0.100588	0.0280876	0.012461	
1.914e-08	636	-0.582508	-0.0931625	0.807469	0.328934	0.36372	0.0828927	0.0680848	0.0250111	0.013746	
1.92e-08	638	0.0851562	-0.0122849	0.996292	0.31117	0.352944	0.0777675	0.047782	0.0169826	0.0123658	
1.926e-08	640	-0.0210598	0.0138093	0.999683	0.33156	0.353169	0.0884713	0.0796635	0.024802	0.0158578	
1.932e-08	642	-0.16199	0.105987	0.981084	0.364419	0.347597	0.11215	0.0558798	0.018511	0.0145444	
1.938e-08	644	0.0930227	-0.223626	0.970226	0.299051	0.332293	0.163074	0.107336	0.0369411	0.0078901	
1.944e-08	646	0.360023	-0.0083841	0.932906	0.383793	0.326933	0.12466	0.0912536	0.0410475	0.0205015	
1.95e-08	648	-0.279651	0.123118	0.952175	0.357643	0.314544	0.112717	0.0624064	0.0460602	0.0381868	
1.956e-08	650	0.356105	0.218393	-0.908567	0.313947	0.298621	0.154844	0.152638	0.983477	0.0317417	
1.962e-08	652	-0.117653	0.326264	-0.937929	0.246459	0.311615	0.0733503	0.0930175	0.033562	0.0264975	
1.968e-08	654	-0.252668	-0.37395	-0.892368	0.277898	0.286206	0.0600234	0.0892247	0.0551482	0.0508437	
1.974e-08	656	-0.0503633	0.198518	-0.978802	0.296691	0.292415	0.0945613	0.0745628	0.0224287	0.0175401	
1.98e-08	658	-0.04961	0.407386	-0.911908	0.259474	0.283255	0.0998924	0.0838861	0.0353706	0.0304073	
1.986e-08	660	0.462171	0.209979	-0.861572	0.299724	0.28681	0.0994249	0.099512	0.0398731	0.0266665	
1.992e-08	662	-0.301566	-0.103255	0.947838	0.318427	0.283252	0.124717	0.102303	0.996444	0.0295186	
1.998e-08	664	-0.0770427	0.290092	-0.953893	0.285753	0.257996	0.168967	0.0770676	0.632867	0.0197534	
2.004e-08	666	0.0493499	-0.181657	-0.982123	0.357665	0.240531	0.119599	0.104812	0.610461	0.0400555	
2.01e-08	668	-0.366839	0.211709	0.905875	0.289431	0.247619	0.0940126	0.0796437	0.0557047	0.0308807	
2.016e-08	670	-0.211247	0.704276	0.677768	0.188824	0.237633	0.0576564	0.111765	0.698392	0.0329515	
2.022e-08	672	-0.3671	-0.19678	0.909129	0.262473	0.207379	0.125278	0.0879012	0.322267	0.0441652	
2.028e-08	674	0.190924	-0.223923	-0.955723	0.183394	0.215692	0.103743	0.0512208	0.0984036	0.0538718	
2.034e-08	676	0.131251	-0.977653	0.164218	0.230722	0.214605	0.0763528	0.161081	0.503596	0.041007	
2.04e-08	678	-0.657059	0.0508367	-0.752123	0.192232	0.201323	0.106535	0.101325	0.447748	0.0402262	
2.046e-08	680	-0.219401	-0.470699	-0.854579	0.146072	0.187011	0.0748248	0.0618379	0.400027	0.0452203	
2.052e-08	682	0.728995	0.59807	0.332984	0.17348	0.179004	0.0870502	0.0999427	0.224143	0.0311953	
2.058e-08	684	0.0946645	-0.387908	0.916824	0.146854	0.149305	0.0476054	0.0930456	0.205621	0.042014	
2.064e-08	686	0.0475562	0.0318021	-0.998362	0.244093	0.173007	0.0778902	0.0786853	0.326077	0.036808	
2.07e-08	688	-0.107718	-0.482546	0.869221	0.117812	0.162867	0.0877255	0.0674	0.24929	0.024068	
2.076e-08	690	-0.353199	-0.0289935	-0.935099	0.149367	0.134653	0.0556018	0.0687736	0.161072	0.0257731	
2.082e-08	692	0.167258	0.0943624	0.981387	0.134635	0.141702	0.078083	0.0871429	0.168071	0.0348575	
2.088e-08	694	0.472506	-0.707906	0.524984	0.189728	0.134259	0.0700469	0.0606703	0.138071	0.0319491	
2.094e-08	696	0.218699	0.357921	-0.907779	0.107154	0.117317	0.0471713	0.0425095	0.136315	0.0325256	
2.1e-08	698	-0.812931	0.0367182	-0.581201	0.0265275	0.110575	0.0721854	0.057125	0.0628439	0.0345303	
2.106e-08	700	0.430808	0.196333	-0.880828	0.156994	0.108017	0.0491433	0.043089	0.110974	0.0317493	
2.112e-08	702	0.157681	-0.854922	-0.494211	0.147574	0.104634	0.0561628	0.0590215	0.0795714	0.0365518	
2.118e-08	704	0.688434	0.663187	-0.293669	0.208885	0.115478	0.0696716	0.0686643	0.0809189	0.0213304	
2.124e-08	706	0.057427	-0.963605	-0.261091	0.0665388	0.103641	0.0343345	0.0765108	0.0753795	0.0281863	
2.13e-08	708	-0.434554	-0.847789	-0.304001	0.0979607	0.107634	0.0322468	0.0508085	0.109741	0.0235796	
2.136e-08	710	-0.153393	-0.00996337	-0.988115	0.0644045	0.0967379	0.0325736	0.0418406	0.072685	0.0152213	
2.142e-08	712	0.861984	-0.450715	-0.232034	0.145408	0.10534	0.0489971	0.0454882	0.0697861	0.0204705	
2.148e-08	714	-0.371165	0.537113	-0.75746	0.137821	0.111463	0.0385684	0.0541772	0.108805	0.0190893	
2.154e-08	716	0.646935	0.0431886	-0.761321	0.0512301	0.0824444	0.0255032	0.0352599	0.0498918	0.0117453	
2.16e-08	718	0.905483	-0.412781	-0.0985555	0.110499	0.0987134	0.0546168	0.0401756	0.0569025	0.015255	
2.166e-08	720	-0.591461	0.224061	0.774577	0.0514228	0.0865367	0.0449395	0.028122	0.0550914	0.0187992	
2.172e-08	722	-0.484202	-0.520489	0.703307	0.0854339	0.0836702	0.0263497	0.029077	0.0580028	0.0181433	
2.178e-08	724	-0.178414	0.980732	-0.0795792	0.0599928	0.0843834	0.0273063	0.0409314	0.0486117	0.0182043	
2.184e-08	726	-0.490378	-0.629399	-0.602815	0.132087	0.0814132	0.0317379	0.0445527	0.0356115	0.019216	
2.19e-08	728	0.16592	0.609031	-0.775598	0.0755005	0.0824766	0.031747	0.039131	0.0396565	0.0132658	
2.196e-08	730	-0.0602439	-0.129809	0.989707	0.112817	0.0733492	0.0221113	0.037806	0.0256724	0.0118035	
2.202e-08	732	0.491477	0.435792	-0.754014	0.0468961	0.0769324	0.0159465	0.0269887	0.0513389	0.0130243	
2.208e-08	734	0.859605	-0.241464	-0.450306	0.06869	0.075912	0.0217699	0.0289207	0.0397587	0.0126058	
2.214e-08	736	0.37727	0.876777	-0.298212	0.0453294	0.0652502	0.0222273	0.0220471	0.0258327	0.0100567	
2.22e-08	738	0.445486	0.695907	-0.563254	0.086671	0.0716594	0.0272362	0.0215266	0.0358755	0.0126218	
2.226e-08	740	-0.601836	0.595789	-0.531816	0.0612575	0.0763736	0.0250784	0.0271915	0.0352035	0.00538113	
2.232e-08	742	0.582474	0.659455	-0.475229	0.124807	0.0644272	0.0221447	0.0248805	0.0203295	0.00903818	
2.238e-08	744	0.877217	0.446522	0.176379	0.0574824	0.0613591	0.0147029	0.0184039	0.0222296	0.00630546	
2.244e-08	746	0.00590786	-0.99901	-0.0440904	0.0417321	0.0658759	0.0239236	0.0275649	0.0164183	0.0100313	
2.25e-08	748	-0.714561	0.665332	-0.216187	0.0836233	0.0621002	0.020846	0.0200339	0.0198868	0.00815227	
2.256e-08	750	-0.612211	0.441348	-0.656056	0.0656603	0.0666355	0.0236943	0.0259893	0.0239033	0.0146889	
2.262e-08	752	0.465266	0.647328	0.603733	0.0447046	0.0691962	0.0222825	0.0210255	0.0237484	0.00859757	
2.268e-08	754	0.653774	0.748663	0.109927	0.0401363	0.0649293	0.0192999	0.0174018	0.0280445	0.00879633	
2.274e-08	756	-0.729071	0.00533806	-0.684417	0.044091	0.0586452	0.0154256	0.0180336	0.0241632	0.0124843	
2.28e-08	758	0.0805796	0.993951	-0.0746196	0.0513058	0.0557202	0.0154141	0.0155874	0.018413	0.00780868	
2.286e-08	760	-0.580021	-0.797515	-0.165968	0.0656395	0.050831	0.0172388	0.0119727	0.0126969	0.00802095	
2.292e-08	762	-0.176629	0.947062	0.268097	0.0530656	0.0605804	0.0227679	0.0157364	0.0163729	0.00532475	
2.298e-08	764	0.416967	0.671344	0.612728	0.124222	0.0565374	0.0203214	0.0103937	0.0217485	0.0089327	
2.304e-08	766	0.642977	-0.192211	-0.741374	0.0758211	0.0567099	0.0152353	0.0128642	0.0194602	0.00503383	
2.31e-08	768	0.835938	0.484201	0.258373	0.0379722	0.0645268	0.0226857	0.0256333	0.0145187	0.00921264	
2.316e-08	770	0.406044	-0.408151	-0.817644	0.0868742	0.0556351	0.00926456	0.0177031	0.0197521	0.00525227	
2.322e-08	772	-0.751443	-0.334963	0.568448	0.0653595	0.0595094	0.0156313	0.0122096	0.0273968	0.00744686	
2.328e-08	774	-0.942861	-0.239142	0.232002	0.0659863	0.0682215	0.0205515	0.0189845	0.0316086	0.00869207	
2.334e-08	776	-0.553675	0.192869	0.81009	0.0553961	0.0511577	0.010067	0.014813	0.0168485	0.00666423	
2.34e-08	778	0.89258	0.434811	0.119328	0.0745065	0.056366	0.0177353	0.0135333	0.0158829	0.00652977	
2.346e-08	780	-0.346391	-0.499437	-0.794088	0.035939	0.050975	0.0161033	0.014804	0.00852562	0.00659958	
2.352e-08	782	0.990583	0.0540412	-0.125794	0.0444669	0.0555675	0.014472	0.0185096	0.0136797	0.00846761	
2.358e-08	784	-0.617502	0.151987	-0.771746	0.076141	0.0594039	0.0185459	0.0166249	0.0155427	0.00366261	
2.364e-08	786	-0.0113094	-0.800395	0.599367	0.0265482	0.0504485	0.0102226	0.0131045	0.0150255	0.00512134	
2.37e-08	788	0.698716	0.700874	-0.14343	0.0519451	0.0426852	0.00798	0.00908484	0.0100008	0.00396993	
2.376e-08	790	0.372074	-0.44775	-0.813069	0.0515757	0.0497225	0.0158907	0.00906393	0.0118881	0.00540275	
2.382e-08	792	0.320036	-0.0853038	0.943557	0.0760685	0.0503432	0.0139978	0.0117618	0.011445	0.0040085	
2.388e-08	794	-0.576512	0.404434	-0.709976	0.0802565	0.0455805	0.00817862	0.0118161	0.00881258	0.00431449	
2.394e-08	796	-0.785074	-0.538701	-0.305713	0.0503344	0.0453588	0.0110705	0.0107575	0.00838159	0.00409641	
2.4e-08	798	-0.512405	0.694993	-0.504407	0.0356582	0.050079	0.00911248	0.012521	0.0141222	0.00357222	
2.406e-08	800	-0.270765	0.932481	0.239094	0.0200612	0.0465192	0.00651553	0.0110153	0.0145486	0.00406515	
2.412e-08	802	0.212373	-0.974096	-0.0776811	0.0449452	0.0504445	0.016583	0.0102433	0.0103397	0.00462045	
2.418e-08	804	-0.818437	-0.536742	0.205108	0.0520571	0.0485119	0.0080212	0.0168445	0.0138412	0.00858323	
2.424e-08	806	0.029571	0.608261	-0.793186	0.0567824	0.0485905	0.0101767	0.0106901	0.013486	0.00382029	
2.43e-08	808	-0.660534	0.294625	0.690573	0.0401759	0.0429778	0.00947212	0.00842991	0.011698	0.00612693	
2.436e-08	810	0.494924	0.169314	0.852281	0.0496349	0.0454884	0.0102296	0.0136511	0.00861004	0.0060506	
2.442e-08	812	-0.748064	-0.539578	-0.386336	0.0578714	0.0483046	0.0129579	0.00791573	0.01128	0.00394023	
2.448e-08	814	0.96907	0.122241	-0.214382	0.0383827	0.0417307	0.00625471	0.0108047	0.00907716	0.00478989	
2.454e-08	816	-0.500939	-0.836084	0.22366	0.00929367	0.038675	0.00769173	0.00484605	0.00852088	0.00266063	
2.46e-08	818	-0.724077	0.683758	0.0904831	0.0466976	0.0406481	0.0105602	0.00571304	0.00694254	0.0023986	
2.466e-08	820	-0.533248	0.00222525	-0.845956	0.0449663	0.0432054	0.00712872	0.00642842	0.0116065	0.00382583	
2.472e-08	822	0.757521	-0.455232	0.467895	0.0534367	0.0427152	0.0101033	0.00856005	0.00785683	0.00394731	
2.478e-08	824	0.827798	-0.448571	-0.336949	0.0260594	0.0419214	0.00734397	0.0117496	0.00623746	0.00385297	
2.484e-08	826	0.611883	0.710911	0.346706	0.0378665	0.0434477	0.0106948	0.0120453	0.00560811	0.0044278	
2.49e-08	828	-0.0719738	-0.883012	-0.4638	0.0718284	0.0427162	0.0112986	0.00824657	0.00923842	0.00618851	
2.496e-08	830	-0.878604	-0.465455	-0.106806	0.0118803	0.0407622	0.0120428	0.00606996	0.00718283	0.00426636	
2.502e-08	832	-0.306418	-0.657945	0.687908	0.0218897	0.0442247	0.00607772	0.00844946	0.0115212	0.00264537	
2.508e-08	834	-0.341695	0.426892	-0.837262	0.0394734	0.0379689	0.00657479	0.00712867	0.00730738	0.00322867	
2.514e-08	836	-0.614095	-0.67049	-0.41633	0.0800253	0.0444924	0.00850779	0.00884266	0.00962961	0.00490764	
2.52e-08	838	-0.623275	0.180773	0.760821	0.0517535	0.0427288	0.0123171	0.0060893	0.00746316	0.0035236	
2.526e-08	840	-0.00407794	-0.0276607	0.999609	0.056428	0.0424431	0.00630008	0.0089839	0.0100125	0.00305202	
2.532e-08	842	-0.116106	-0.732265	0.67105	0.0455118	0.0320346	0.00270512	0.00755	0.00483571	0.00306617	
2.538e-08	844	0.612301	0.739923	-0.27857	0.0707479	0.0397038	0.00848155	0.00530256	0.00933464	0.00438896	
2.544e-08	846	0.542553	0.500995	0.67427	0.0133303	0.0350505	0.0068852	0.00411028	0.00754029	0.00333389	
2.55e-08	848	0.826561	0.555202	-0.0924518	0.0160196	0.0400086	0.00611606	0.00529135	0.010088	0.00277538	
2.556e-08	850	0.942289	-0.264862	0.204789	0.0501226	0.0372417	0.00559489	0.00467033	0.00895181	0.00328292	
2.562e-08	852	-0.810522	0.562037	0.164828	0.0120894	0.0363873	0.00825864	0.00723331	0.00401624	0.00343044	
2.568e-08	854	-0.164317	0.867023	0.470395	0.066606	0.0362841	0.00493969	0.00536771	0.00794548	0.00254445	
2.574e-08	856	0.0644432	0.866191	0.495541	0.0435646	0.0355534	0.00404345	0.00442951	0.00911102	0.00263049	
2.58e-08	858	0.145741	-0.805457	-0.574456	0.0493709	0.0380499	0.00750547	0.00512072	0.00650565	0.00196139	
2.586e-08	860	-0.635768	-0.272202	-0.722291	0.0422565	0.04086	0.0081464	0.00654067	0.00648209	0.00181397	
2.592e-08	862	-0.640088	0.459966	-0.615402	0.0191873	0.0366702	0.00937695	0.00371446	0.00649357	0.00328656	
2.598e-08	864	-0.465182	-0.463667	-0.754068	0.0323483	0.0387093	0.00611265	0.0059589	0.00923643	0.00378391	
2.604e-08	866	0.510255	-0.82952	-0.227016	0.0315831	0.0345317	0.0048465	0.00520285	0.0041617	0.00178799	
2.61e-08	868	-0.837699	-0.526349	0.145663	0.0399744	0.0335917	0.00633179	0.00512387	0.00416171	0.00201998	
2.616e-08	870	0.590703	-0.612889	-0.524821	0.0366092	0.0332862	0.00547741	0.00483961	0.00433658	0.00213008	
2.622e-08	872	-0.957744	0.219596	0.185753	0.0725829	0.0375505	0.00676326	0.00448677	0.00845966	0.00433422	
2.628e-08	874	-0.80225	0.124224	-0.58392	0.064801	0.0411089	0.00728642	0.00700855	0.00874208	0.00310299	
2.634e-08	876	-0.19146	-0.513313	-0.836572	0.0634947	0.0322496	0.00446436	0.00446757	0.00595161	0.00284849	
2.64e-08	878	-0.668989	0.227796	-0.707505	0.0434269	0.0329793	0.00381184	0.00491552	0.00641352	0.00213678	
2.646e-08	880	-0.57674	0.721894	-0.382414	0.0554496	0.0386192	0.00505584	0.00742771	0.00801919	0.00355016	
2.652e-08	882	0.338665	0.900316	0.27338	0.0293741	0.0372181	0.00501732	0.00534606	0.00913985	0.0030168	
2.658e-08	884	-0.0716872	-0.10545	-0.991837	0.0180559	0.03745	0.00520584	0.00500667	0.00956915	0.0032397	
2.664e-08	886	0.577528	-0.387726	-0.718422	0.0166165	0.0314262	0.00533657	0.00446369	0.00419391	0.00265449	
2.67e-08	888	-0.334919	0.142333	0.931435	0.0268742	0.0366239	0.00449691	0.00622115	0.00699494	0.00210515	
2.676e-08	890	0.938952	0.117092	-0.323511	0.018295	0.0380893	0.00517866	0.00474549	0.00825207	0.00285968	
2.682e-08	892	-0.0692622	0.195091	-0.978337	0.0320413	0.0374051	0.00602012	0.00604901	0.00553711	0.00198871	
2.688e-08	894	0.854361	0.424349	-0.299992	0.0247453	0.0322577	0.00431767	0.0046204	0.0054669	0.00236195	
2.694e-08	896	-0.709359	0.611782	-0.350048	0.0472432	0.0350792	0.00590009	0.00598585	0.004214	0.00266806	
2.7e-08	898	0.678624	0.710795	0.18504	0.0361141	0.0410368	0.006986	0.00641348	0.0084723	0.00328913	
2.706e-08	900	-0.561467	0.168751	-0.81011	0.0221765	0.0391395	0.00732925	0.00582996	0.00692293	0.00295809	
