#----------------------------------------------------------------------------------------------------------------------------------------------------------
# Output file for vampire simulation
#   time       : 2024-08-29 04:55:41     process id : 4009001
#   hostname   : node120.viking2.yor.alces.network
#   path       : /users/ky883/parameter/WS_dia5/AI_Dataset/size_9.0_9.0_5.0/Temp_900/random_1
#----------------------------------------------------------------------------------------------------------------------------------------------------------
6e-11	0	-0.0182822	0.0113509	0.999768	0.99995	0.999932	0	0	0	0	
1.2e-10	2	0.00306522	-0.000594317	0.999995	0.998973	0.998948	0.0437705	0.105255	5.99432e-06	5.4887e-06	
1.8e-10	4	-0.0014709	-0.00441688	0.999989	0.997893	0.99789	0.0343348	0.033447	7.77849e-06	7.29588e-06	
2.4e-10	6	0.00580448	0.00163586	0.999982	0.996823	0.996834	0.062848	0.0316934	1.32694e-05	1.35038e-05	
3e-10	8	-0.000202006	-0.00478096	0.999989	0.995805	0.995822	0.0486077	0.0586777	1.71398e-05	1.49784e-05	
3.6e-10	10	-0.0161364	-0.00420355	0.999861	0.994907	0.994758	0.0436468	0.05241	8.54696e-06	8.85412e-06	
4.2e-10	12	-0.0159173	0.00360276	0.999867	0.993697	0.993673	0.0747463	0.0503632	3.13566e-05	2.72845e-05	
4.8e-10	14	-0.0155017	-0.00326805	0.999875	0.992615	0.992605	0.100056	0.0233699	2.52542e-05	2.52617e-05	
5.4e-10	16	0.00216263	0.0063186	0.999978	0.991773	0.991609	0.0525018	0.0372384	3.07351e-05	3.22023e-05	
6e-10	18	-0.00035724	0.00458802	0.999989	0.990287	0.990504	0.0750928	0.0392137	3.8592e-05	4.3071e-05	
6.6e-10	20	-0.0157043	-0.00640292	0.999856	0.989669	0.989365	0.109622	0.0356582	4.61351e-05	4.55986e-05	
7.2e-10	22	-0.0019479	0.00449985	0.999988	0.988589	0.988354	0.0384623	0.0586249	7.70872e-05	6.73277e-05	
7.8e-10	24	0.000472331	0.00796018	0.999968	0.98742	0.987309	0.0666433	0.0398596	2.632e-05	2.77948e-05	
8.4e-10	26	-0.00348421	-0.0123448	0.999918	0.986746	0.986254	0.0764766	0.0754873	4.86408e-05	4.49134e-05	
9e-10	28	0.00431042	-0.00469125	0.99998	0.984908	0.985233	0.0627753	0.0659762	2.74907e-05	2.6008e-05	
9.6e-10	30	0.00680438	0.00264407	0.999973	0.984043	0.984181	0.0345431	0.0712382	5.75156e-05	4.71116e-05	
1.02e-09	32	0.00231774	-0.0061222	0.999979	0.983461	0.983088	0.0682964	0.0493683	5.99673e-05	5.28073e-05	
1.08e-09	34	-0.00814092	0.00872308	0.999929	0.982228	0.981856	0.0481435	0.0542945	9.2184e-05	9.78797e-05	
1.14e-09	36	0.00694549	0.010728	0.999918	0.98046	0.980888	0.0311624	0.0653093	4.41812e-05	4.26742e-05	
1.2e-09	38	-0.0140467	-0.00462856	0.999891	0.980002	0.979797	0.0491802	0.0492557	0.000136308	0.000131663	
1.26e-09	40	-0.00587748	0.0188613	0.999805	0.978942	0.978729	0.0458273	0.060077	0.000110244	0.000101478	
1.32e-09	42	0.00564574	-0.00259652	0.999981	0.97754	0.977641	0.0536058	0.0348584	6.59005e-05	6.11457e-05	
1.38e-09	44	-0.00517084	-0.00324715	0.999981	0.976491	0.976363	0.05206	0.0677224	0.000118052	0.000115367	
1.44e-09	46	0.0138361	0.0100302	0.999854	0.97465	0.975342	0.0605907	0.0365155	9.74326e-05	8.21041e-05	
1.5e-09	48	-0.00249518	0.0199099	0.999799	0.973498	0.974485	0.0526787	0.0809053	0.000105177	0.000106027	
1.56e-09	50	0.0123356	0.00179169	0.999922	0.97305	0.973119	0.0746712	0.0666013	0.000161808	0.000178346	
1.62e-09	52	0.00773269	-0.0138601	0.999874	0.972647	0.972288	0.0383572	0.0378148	0.000144093	0.000135989	
1.68e-09	54	-0.0139412	-0.00653368	0.999881	0.970868	0.970983	0.0515435	0.0958259	0.000115716	0.000106062	
1.74e-09	56	-0.0106202	-0.00649882	0.999922	0.969938	0.969963	0.0407225	0.0492095	0.000205818	0.00021146	
1.8e-09	58	0.0143469	-0.00945862	0.999852	0.96935	0.968789	0.0621594	0.0416582	0.000142316	0.0001376	
1.86e-09	60	0.00739697	0.00266877	0.999969	0.967069	0.967585	0.0501795	0.0494378	0.000104698	0.0001233	
1.92e-09	62	0.0159231	0.0162947	0.99974	0.966906	0.966498	0.0435357	0.0497582	8.6216e-05	8.27078e-05	
1.98e-09	64	0.014134	-0.00197764	0.999898	0.963758	0.96562	0.0327346	0.0477606	0.000152333	0.000150814	
2.04e-09	66	0.0152217	0.00110523	0.999884	0.964371	0.96441	0.0434337	0.0649799	0.000180849	0.00018741	
2.1e-09	68	-0.0147233	-0.0118608	0.999821	0.963674	0.963297	0.0355605	0.0514003	0.000197389	0.000172439	
2.16e-09	70	-0.0253137	0.0079723	0.999648	0.961507	0.962162	0.0486444	0.0373767	0.00018639	0.000173111	
2.22e-09	72	-0.00498949	-0.00512775	0.999974	0.961276	0.960953	0.0489233	0.0328469	0.000156596	0.000154675	
2.28e-09	74	-0.0029902	0.00506226	0.999983	0.960239	0.960065	0.0246558	0.061649	0.00022084	0.000226366	
2.34e-09	76	0.00438551	0.0106802	0.999933	0.959847	0.958933	0.0466068	0.0750593	0.000149022	0.000136724	
2.4e-09	78	-0.00273605	-0.0059729	0.999978	0.957933	0.957567	0.0653031	0.0674826	0.000275443	0.000250331	
2.46e-09	80	-0.00301912	-0.00588161	0.999978	0.955706	0.956477	0.0462356	0.0693874	0.000209889	0.000201858	
2.52e-09	82	0.00181083	-0.0112843	0.999935	0.955244	0.955517	0.0358716	0.0532116	0.000241488	0.000223864	
2.58e-09	84	0.00191278	-0.0232762	0.999727	0.953004	0.954264	0.0659634	0.0518474	0.000197555	0.000207969	
2.64e-09	86	-0.0085105	-0.00702977	0.999939	0.95268	0.953227	0.0520192	0.0718616	0.000337579	0.000290748	
2.7e-09	88	0.0176566	-0.0424618	0.998942	0.950911	0.952083	0.0785474	0.0533931	0.000245404	0.000197678	
2.76e-09	90	-0.0118956	0.000796451	0.999929	0.95212	0.950955	0.0567592	0.0428678	0.000218243	0.000196293	
2.82e-09	92	0.00583816	0.0101792	0.999931	0.950886	0.949865	0.0574477	0.0526141	0.000191996	0.000197912	
2.88e-09	94	-0.0092902	0.0230252	0.999692	0.947953	0.948638	0.0511884	0.0423062	0.000160849	0.00013647	
2.94e-09	96	0.00851008	-0.00426259	0.999955	0.949194	0.947581	0.0316922	0.0347283	0.000215227	0.000196715	
3e-09	98	-0.00786669	0.00157607	0.999968	0.947074	0.946461	0.0437032	0.0478576	0.000216703	0.00021197	
3.06e-09	100	-0.0181469	0.00928631	0.999792	0.944206	0.94514	0.067543	0.0497292	0.000135483	0.000138829	
3.12e-09	102	-0.00468566	0.0178689	0.999829	0.944795	0.944294	0.053489	0.0475887	0.000273242	0.000281227	
3.18e-09	104	-0.0441563	0.0169699	0.99888	0.94255	0.942691	0.0634575	0.0417051	0.000236107	0.000195468	
3.24e-09	106	-0.0144744	0.00185954	0.999894	0.939784	0.941539	0.0691715	0.072221	0.00017278	0.000198984	
3.3e-09	108	0.0266642	0.00772147	0.999615	0.93904	0.941175	0.0582189	0.0470341	0.000253258	0.000241178	
3.36e-09	110	0.0204236	0.0208011	0.999575	0.939526	0.939474	0.0439136	0.0636691	0.000256989	0.000247303	
3.42e-09	112	-0.0124866	-0.000156035	0.999922	0.938367	0.938539	0.0498506	0.0411723	0.00024084	0.00019498	
3.48e-09	114	0.0283984	0.0217421	0.99936	0.937965	0.937111	0.0530191	0.0456249	0.00024832	0.00024409	
3.54e-09	116	0.0130082	-0.00609864	0.999897	0.934939	0.936003	0.0288625	0.0442976	0.000175145	0.000176709	
3.6e-09	118	-0.0080048	-0.0188663	0.99979	0.935224	0.934573	0.0511418	0.0514334	0.000292393	0.000287484	
3.66e-09	120	0.0304045	0.0158248	0.999412	0.934835	0.933867	0.0623122	0.0592577	0.000305756	0.000275438	
3.72e-09	122	0.00366745	0.0111113	0.999932	0.932906	0.932556	0.0756031	0.0428193	0.000361191	0.000337347	
3.78e-09	124	-0.00857306	0.00505827	0.99995	0.931412	0.93124	0.0535405	0.066022	0.000209611	0.000159395	
3.84e-09	126	-0.0128548	-0.0123752	0.999841	0.931112	0.930127	0.0613498	0.0584849	0.000343591	0.000308004	
3.9e-09	128	-0.0170632	0.00220605	0.999852	0.930813	0.928892	0.0438505	0.0469309	0.000292589	0.000257788	
3.96e-09	130	0.0259881	0.0343918	0.99907	0.927064	0.928576	0.0398899	0.0559244	0.000370765	0.000330775	
4.02e-09	132	-0.00686034	0.0287863	0.999562	0.924721	0.926555	0.0590009	0.0670983	0.000302861	0.000279428	
4.08e-09	134	0.0109397	-0.0154141	0.999821	0.922749	0.925089	0.0693953	0.0598288	0.000494695	0.000463703	
4.14e-09	136	-0.0231544	-0.0237623	0.999449	0.921893	0.923902	0.0368051	0.0752404	0.000527164	0.000432676	
4.2e-09	138	-0.00866397	0.0294014	0.99953	0.9204	0.922764	0.041902	0.0467618	0.000367821	0.000388364	
4.26e-09	140	-0.0253836	0.00312242	0.999673	0.924025	0.922173	0.0418652	0.0630264	0.000338446	0.00038394	
4.32e-09	142	0.0537708	0.0106311	0.998497	0.919361	0.920775	0.0616339	0.0369077	0.000390472	0.000358802	
4.38e-09	144	-0.0524844	-0.00713316	0.998596	0.916809	0.919767	0.106704	0.0752171	0.000417959	0.00037723	
4.44e-09	146	0.0253295	-0.00516537	0.999666	0.917451	0.918156	0.0314743	0.0680106	0.000292772	0.000257475	
4.5e-09	148	0.0221217	0.0379994	0.999033	0.917198	0.916986	0.0536009	0.0576416	0.000247629	0.000231638	
4.56e-09	150	-0.021129	0.0119305	0.999706	0.916563	0.916229	0.0477882	0.0726763	0.000515851	0.000432351	
4.62e-09	152	-0.00701605	-0.0319784	0.999464	0.91181	0.91427	0.0624835	0.0886165	0.000480952	0.000493167	
4.68e-09	154	0.000570066	-0.00219064	0.999997	0.911528	0.913239	0.0862269	0.0514351	0.000395079	0.000370044	
4.74e-09	156	0.0158462	0.0331637	0.999324	0.912803	0.912484	0.0230183	0.0844856	0.000295788	0.000297754	
4.8e-09	158	0.0117685	-0.0114075	0.999866	0.910856	0.911201	0.0380892	0.0356938	0.000321821	0.000332783	
4.86e-09	160	-0.0373827	-0.0356968	0.998663	0.908662	0.91008	0.0623358	0.0991956	0.000320384	0.000340178	
4.92e-09	162	0.0075044	-0.00480022	0.99996	0.909883	0.908588	0.0514893	0.0557318	0.000361191	0.000309846	
4.98e-09	164	-0.00386002	0.000292319	0.999993	0.907715	0.907202	0.0784185	0.0384706	0.000362439	0.000320929	
5.04e-09	166	-0.0180639	0.0342812	0.999249	0.904386	0.905997	0.0485727	0.0857963	0.000290991	0.000295813	
5.1e-09	168	0.0125824	-0.045748	0.998874	0.901622	0.90426	0.051012	0.0749827	0.000724904	0.000648039	
5.16e-09	170	0.0224962	0.00519529	0.999733	0.906046	0.904322	0.0925475	0.0403616	0.00052233	0.000519099	
5.22e-09	172	0.0382203	0.0242357	0.998975	0.905395	0.902752	0.0799825	0.0666773	0.000669374	0.000640674	
5.28e-09	174	-0.0143776	-0.0301533	0.999442	0.903581	0.900775	0.0820854	0.103661	0.000591544	0.000518499	
5.34e-09	176	0.00750235	-0.0382262	0.999241	0.901749	0.900113	0.0575772	0.0766937	0.00037946	0.000405587	
5.4e-09	178	0.00549141	-0.0116266	0.999917	0.897487	0.899112	0.0386721	0.0304547	0.000269842	0.000240554	
5.46e-09	180	0.00936423	-0.0384819	0.999215	0.898169	0.897499	0.0510634	0.058366	0.000493652	0.000487479	
5.52e-09	182	0.0155204	-0.022935	0.999616	0.900942	0.89638	0.0591573	0.061494	0.000548182	0.000477735	
5.58e-09	184	0.00820911	0.0169824	0.999822	0.896755	0.895169	0.057997	0.0508185	0.00047249	0.00038199	
5.64e-09	186	-0.00797763	-0.00266106	0.999965	0.894263	0.893472	0.0771252	0.0549158	0.000730653	0.000618928	
5.7e-09	188	0.0226771	-0.0125962	0.999663	0.892807	0.892454	0.0314745	0.0569506	0.000401268	0.000372285	
5.76e-09	190	-0.0288972	-0.0490148	0.99838	0.892825	0.890836	0.0705771	0.0648556	0.000690894	0.000679502	
5.82e-09	192	-0.0128009	0.0520461	0.998563	0.888812	0.889567	0.0570521	0.114344	0.000581476	0.000585235	
5.88e-09	194	-0.00428713	0.027933	0.999601	0.890025	0.889398	0.054833	0.0770774	0.00064025	0.00064182	
5.94e-09	196	-0.000832078	-0.0222826	0.999751	0.889895	0.888151	0.0662832	0.0608674	0.000581925	0.000507828	
6e-09	198	0.00680815	-0.0204443	0.999768	0.889643	0.886241	0.0460973	0.0628714	0.0006145	0.000545719	
6.06e-09	200	-0.0182728	0.00137896	0.999832	0.887212	0.88546	0.0353803	0.0612603	0.000728456	0.000608903	
6.12e-09	202	-0.0171829	-0.0144032	0.999749	0.88502	0.884452	0.0470481	0.0463997	0.000609947	0.000632366	
6.18e-09	204	0.0209781	0.00972008	0.999733	0.884622	0.881734	0.0819057	0.075832	0.000736061	0.000661527	
6.24e-09	206	-0.00969966	-0.0091891	0.999911	0.880443	0.881074	0.0451081	0.0454467	0.000493556	0.000496742	
6.3e-09	208	-0.0246256	-0.0533335	0.998273	0.876855	0.879829	0.066826	0.0649119	0.000411345	0.000429909	
6.36e-09	210	0.00263116	0.0111911	0.999934	0.877588	0.8784	0.0533725	0.0747041	0.00054407	0.000618841	
6.42e-09	212	-0.0143893	0.0206606	0.999683	0.874309	0.876874	0.0730066	0.0572797	0.000922475	0.000843008	
6.48e-09	214	0.002498	0.0144712	0.999892	0.879305	0.875872	0.0511379	0.0432839	0.000809356	0.000676787	
6.54e-09	216	0.00158561	-0.0131293	0.999913	0.874964	0.873821	0.060476	0.0827186	0.000578535	0.000447405	
6.6e-09	218	-0.0626526	-0.0121618	0.997961	0.874484	0.873664	0.0491934	0.0766892	0.00074199	0.000692292	
6.66e-09	220	-0.00414263	0.0364376	0.999327	0.873856	0.872818	0.0466223	0.0450989	0.000493674	0.000437578	
6.72e-09	222	0.0345602	-0.00458017	0.999392	0.86923	0.870441	0.0396494	0.0459024	0.000674802	0.00062588	
6.78e-09	224	0.00335662	0.0224254	0.999743	0.872306	0.869653	0.0807557	0.0287262	0.000539433	0.000514216	
6.84e-09	226	-0.000740695	-0.0289466	0.999581	0.865355	0.867271	0.0462353	0.0567383	0.000791591	0.000817274	
6.9e-09	228	0.0295473	0.0229613	0.9993	0.86458	0.86676	0.0456197	0.03494	0.000582766	0.000621302	
6.96e-09	230	0.00666793	-0.036387	0.999316	0.868	0.865009	0.0691639	0.058298	0.00110383	0.00105652	
7.02e-09	232	-0.0059161	0.0637002	0.997952	0.864276	0.863792	0.0581977	0.0641919	0.000614892	0.00059888	
7.08e-09	234	0.00172514	-0.0235918	0.99972	0.862202	0.862814	0.0471835	0.0546102	0.000745736	0.000585139	
7.14e-09	236	0.00364532	-0.0364397	0.999329	0.863469	0.861307	0.0717763	0.0694265	0.000884056	0.000910793	
7.2e-09	238	0.0342634	0.0472375	0.998296	0.855614	0.859643	0.0391653	0.0695505	0.000945146	0.000967557	
7.26e-09	240	0.00366854	-0.00242286	0.99999	0.858018	0.858451	0.103323	0.0647906	0.00044493	0.000376381	
7.32e-09	242	0.0111236	0.0288833	0.999521	0.85925	0.856976	0.0395721	0.0500307	0.00113283	0.00109333	
7.38e-09	244	0.0121006	-0.019293	0.999741	0.850618	0.85549	0.0769827	0.10949	0.000636362	0.000502805	
7.44e-09	246	-0.012	-0.0347618	0.999324	0.853263	0.854747	0.0496925	0.0734714	0.000547454	0.000563051	
7.5e-09	248	-0.0402234	0.00435478	0.999181	0.855895	0.853702	0.0615335	0.0379884	0.000764087	0.000662892	
7.56e-09	250	0.0108958	0.00136991	0.99994	0.850948	0.852137	0.0694809	0.0597405	0.000765358	0.000764127	
7.62e-09	252	-0.0474442	0.0159204	0.998747	0.850444	0.850582	0.0697662	0.0579604	0.000917839	0.000687492	
7.68e-09	254	0.000319179	0.00993897	0.999951	0.847856	0.850139	0.0507558	0.0642756	0.000931439	0.000944119	
7.74e-09	256	-0.0351982	0.0217375	0.999144	0.852944	0.847839	0.10638	0.0490029	0.00104182	0.000957454	
7.8e-09	258	0.0143989	0.0398499	0.999102	0.848402	0.847559	0.0667479	0.0657255	0.000771877	0.000737821	
7.86e-09	260	-0.011359	-0.0185663	0.999763	0.844103	0.844131	0.109338	0.082521	0.000846069	0.000858925	
7.92e-09	262	0.0312109	0.0205624	0.999301	0.846159	0.843995	0.0747831	0.0380963	0.000708087	0.000686971	
7.98e-09	264	-0.021516	-0.0309952	0.999288	0.846883	0.843034	0.110401	0.0903326	0.00104292	0.000886512	
8.04e-09	266	0.0171296	-0.0192203	0.999669	0.84776	0.84093	0.0704824	0.0393685	0.0019	0.00169446	
8.1e-09	268	-0.0457214	0.00865538	0.998917	0.839355	0.839423	0.039831	0.0313054	0.000478318	0.000440213	
8.16e-09	270	-0.00920736	0.0278411	0.99957	0.839243	0.837582	0.0545017	0.0838012	0.000624762	0.000630826	
8.22e-09	272	0.0237562	-0.00634336	0.999698	0.840805	0.837149	0.14044	0.0400775	0.00127016	0.00070399	
8.28e-09	274	0.012488	-0.0380266	0.999199	0.838288	0.834509	0.0477091	0.0841505	0.000805662	0.000781085	
8.34e-09	276	0.0199228	-0.0124947	0.999723	0.831711	0.833526	0.0569401	0.0688266	0.000998498	0.0010377	
8.4e-09	278	-0.0272633	-0.0727817	0.996975	0.827495	0.831385	0.0691374	0.0455447	0.00127123	0.00120108	
8.46e-09	280	0.0935396	0.020777	0.995399	0.829326	0.83048	0.0615301	0.0580504	0.00118663	0.00113472	
8.52e-09	282	-0.00326084	-0.0419704	0.999114	0.834036	0.829947	0.0722055	0.0781134	0.00110664	0.000882998	
8.58e-09	284	0.00596788	0.00553615	0.999967	0.828448	0.82783	0.114246	0.0745473	0.00111755	0.000698615	
8.64e-09	286	0.0345787	0.0356098	0.998767	0.830204	0.827329	0.0825899	0.0482207	0.000486072	0.000486971	
8.7e-09	288	0.0528443	-0.017519	0.998449	0.816099	0.824716	0.0612611	0.0698468	0.000890332	0.000937655	
8.76e-09	290	-0.0196595	0.00266722	0.999803	0.821887	0.82362	0.0518826	0.0398545	0.000827935	0.000887216	
8.82e-09	292	0.0332036	0.0113557	0.999384	0.825165	0.822709	0.0509415	0.0512769	0.000977313	0.00100092	
8.88e-09	294	-0.0340732	-0.0318003	0.998913	0.822636	0.820314	0.0485547	0.0518784	0.000728977	0.000733209	
8.94e-09	296	0.0133153	0.0246426	0.999608	0.817362	0.81954	0.0545151	0.062684	0.000645004	0.000709368	
9e-09	298	0.0197276	0.113067	0.993391	0.817305	0.817618	0.0811211	0.113015	0.000990214	0.000770609	
9.06e-09	300	0.0238068	-0.0226627	0.99946	0.818337	0.815553	0.0375049	0.0353376	0.00094472	0.000727006	
9.12e-09	302	-0.0250454	0.000332605	0.999686	0.813442	0.8156	0.0494099	0.0815735	0.00119184	0.00106665	
9.18e-09	304	0.00722924	0.0239711	0.999687	0.816526	0.813142	0.0823016	0.0595024	0.0011366	0.00109421	
9.24e-09	306	-0.0222371	-0.011343	0.999688	0.813128	0.81253	0.0755487	0.0446099	0.00106092	0.00112107	
9.3e-09	308	0.0690113	-0.00315037	0.997611	0.813043	0.811603	0.100319	0.0642099	0.000980373	0.000804397	
9.36e-09	310	-0.0435024	0.0109927	0.998993	0.80444	0.808026	0.0728356	0.068875	0.000978505	0.000965954	
9.42e-09	312	0.0232526	0.0994957	0.994766	0.81077	0.807209	0.0456433	0.0661621	0.00119739	0.00118164	
9.48e-09	314	-0.00665184	0.0146767	0.99987	0.806548	0.807181	0.0424667	0.0326173	0.00105877	0.000942375	
9.54e-09	316	-0.0500075	0.00129836	0.998748	0.804575	0.803587	0.0652311	0.06317	0.000670889	0.000606066	
9.6e-09	318	0.0236442	-0.0143033	0.999618	0.801311	0.802363	0.107965	0.0775695	0.00124884	0.00107247	
9.66e-09	320	-0.00707692	-0.0522448	0.998609	0.801377	0.801757	0.0629448	0.0408485	0.00128968	0.00114004	
9.72e-09	322	0.0125886	0.0097788	0.999873	0.799	0.798603	0.0819938	0.0663602	0.00123653	0.0013946	
9.78e-09	324	-0.0666369	0.056622	0.996169	0.797135	0.797354	0.079217	0.0774065	0.0014509	0.00134362	
9.84e-09	326	-0.0459954	-0.0232919	0.99867	0.789771	0.796763	0.0423615	0.075221	0.00155831	0.00150307	
9.9e-09	328	0.0311437	0.0222769	0.999267	0.793806	0.794913	0.0699724	0.0776998	0.00179424	0.00142339	
9.96e-09	330	-0.0563846	0.0498143	0.997166	0.789726	0.793391	0.0739025	0.0565526	0.00127077	0.0012147	
1.002e-08	332	-0.0470669	-0.022641	0.998635	0.790222	0.792474	0.071335	0.0649308	0.00136753	0.00110817	
1.008e-08	334	-0.0661604	0.0132241	0.997721	0.795338	0.791178	0.0798593	0.05411	0.000889285	0.00086787	
1.014e-08	336	0.0623672	-0.0780111	0.995	0.784555	0.78957	0.0554771	0.0802137	0.00100165	0.000877005	
1.02e-08	338	0.0125452	0.0459149	0.998867	0.788586	0.786965	0.072852	0.0650647	0.00128832	0.00114432	
1.026e-08	340	0.0675655	0.100767	0.992613	0.787266	0.78534	0.0717186	0.0604494	0.00114066	0.00104671	
1.032e-08	342	0.0162857	0.0385719	0.999123	0.783896	0.783308	0.0461063	0.0659815	0.00182875	0.00156337	
1.038e-08	344	-0.0271603	0.0202646	0.999426	0.784832	0.783895	0.0343776	0.0386662	0.00124969	0.00114379	
1.044e-08	346	-0.00687127	-0.130597	0.991412	0.783103	0.782494	0.107745	0.102899	0.00168951	0.00175175	
1.05e-08	348	-0.0047592	0.0140734	0.99989	0.778774	0.779255	0.0623324	0.0997323	0.00136997	0.00142063	
1.056e-08	350	0.0923533	0.0623825	0.99377	0.786341	0.777701	0.0542122	0.0505633	0.000752252	0.000882107	
1.062e-08	352	-0.0316811	0.024286	0.999203	0.77735	0.775737	0.0991253	0.042319	0.00198648	0.00176576	
1.068e-08	354	-0.0388988	-0.0531958	0.997826	0.767544	0.773042	0.0710067	0.051199	0.00110181	0.00117028	
1.074e-08	356	0.0281572	0.0230594	0.999337	0.771573	0.773403	0.0742269	0.0397313	0.00148612	0.00137356	
1.08e-08	358	0.0469093	0.0186905	0.998724	0.771339	0.770661	0.0679893	0.0607475	0.00192442	0.00173748	
1.086e-08	360	-0.00444565	-0.0103371	0.999937	0.765372	0.770141	0.0710562	0.0598432	0.00117644	0.00107336	
1.092e-08	362	-0.0216572	0.000962137	0.999765	0.768755	0.768748	0.0929799	0.0381628	0.00124514	0.00121799	
1.098e-08	364	0.0019107	-0.0363324	0.999338	0.768238	0.766975	0.0620326	0.0754783	0.00138304	0.00141175	
1.104e-08	366	-0.0458077	0.0139487	0.998853	0.761236	0.765026	0.082173	0.0781786	0.00169048	0.00145631	
1.11e-08	368	0.0243723	-0.0519892	0.99835	0.762973	0.76356	0.0502376	0.0986521	0.00144198	0.00139364	
1.116e-08	370	0.0195421	-0.127328	0.991668	0.757137	0.761111	0.102322	0.0855461	0.00150961	0.00141678	
1.122e-08	372	0.0956682	-0.0362019	0.994755	0.753365	0.760122	0.0778134	0.0806123	0.00151496	0.00135165	
1.128e-08	374	-0.0069535	0.0691662	0.997581	0.751832	0.756382	0.0507832	0.0423932	0.00158615	0.00153939	
1.134e-08	376	-0.0455043	-0.0788386	0.995848	0.750567	0.756261	0.0627376	0.0485522	0.00185933	0.00191799	
1.14e-08	378	0.0505972	0.0145761	0.998613	0.761739	0.75597	0.111079	0.0533213	0.00116696	0.00103023	
1.146e-08	380	0.0611172	-0.102717	0.992831	0.756659	0.752789	0.0873023	0.0816658	0.00209744	0.0019516	
1.152e-08	382	-0.140279	0.0870916	0.986274	0.753648	0.75184	0.0686216	0.0643723	0.00182907	0.00149993	
1.158e-08	384	-0.0198308	0.00590499	0.999786	0.756429	0.74994	0.064584	0.0490428	0.00155565	0.00151246	
1.164e-08	386	0.0309539	-0.0396124	0.998736	0.74645	0.749233	0.0491915	0.0821608	0.0019618	0.00187688	
1.17e-08	388	0.00613938	-0.0367973	0.999304	0.748276	0.746186	0.0696705	0.0611699	0.0015251	0.00125585	
1.176e-08	390	-0.0173088	-0.0713337	0.997302	0.742175	0.744827	0.0519924	0.0498839	0.00173055	0.0015992	
1.182e-08	392	-0.0686287	-0.083239	0.994164	0.742374	0.740846	0.0695812	0.0990804	0.00161606	0.00121102	
1.188e-08	394	-0.00390081	0.00836601	0.999957	0.736001	0.739823	0.0418311	0.0528326	0.00149562	0.00127586	
1.194e-08	396	-0.0279895	0.0324657	0.999081	0.740074	0.740696	0.0905727	0.0856551	0.00112238	0.00107659	
1.2e-08	398	0.0671321	0.0800425	0.994528	0.730269	0.738241	0.0828682	0.0651155	0.00224479	0.00181827	
1.206e-08	400	-0.0397192	-0.0289822	0.99879	0.730639	0.734396	0.0733974	0.0787252	0.00151753	0.00126982	
1.212e-08	402	0.0113013	-0.00596466	0.999918	0.742702	0.73467	0.0691306	0.0685118	0.00188976	0.00179556	
1.218e-08	404	-0.00814771	0.0047786	0.999955	0.736466	0.730804	0.0594358	0.0491275	0.001969	0.00158597	
1.224e-08	406	0.0459947	0.0650655	0.99682	0.730063	0.728163	0.0841023	0.0543072	0.00174515	0.00159764	
1.23e-08	408	-0.017771	-0.0176967	0.999685	0.732501	0.726655	0.0975691	0.0737564	0.00325934	0.00274114	
1.236e-08	410	-0.0460684	0.0217983	0.9987	0.731926	0.724124	0.0521877	0.0782741	0.00186673	0.00160088	
1.242e-08	412	-0.0907129	-0.063276	0.993865	0.718954	0.725703	0.0858427	0.0690667	0.00189777	0.00164575	
1.248e-08	414	-0.0492328	-0.0113013	0.998723	0.73286	0.72239	0.0706614	0.0660245	0.00174052	0.00187673	
1.254e-08	416	0.0133519	-0.0508614	0.998616	0.72453	0.719571	0.0776863	0.0676124	0.00277285	0.00259448	
1.26e-08	418	-0.0395365	-0.0138715	0.999122	0.718362	0.719897	0.0577578	0.0576556	0.0028457	0.002624	
1.266e-08	420	0.0585682	0.118643	0.991208	0.714304	0.71609	0.0783427	0.0573182	0.00220653	0.00200318	
1.272e-08	422	-0.018676	0.0293331	0.999395	0.711275	0.714535	0.0587466	0.0512411	0.0018615	0.00176673	
1.278e-08	424	-0.000366098	0.0516194	0.998667	0.703944	0.713988	0.0674239	0.0451335	0.00317835	0.0028282	
1.284e-08	426	0.0979097	-0.0436582	0.994237	0.711539	0.711339	0.124027	0.0763285	0.00369197	0.00313872	
1.29e-08	428	0.00924615	-0.0482089	0.998794	0.712434	0.709085	0.0809395	0.0608733	0.00169898	0.00171223	
1.296e-08	430	-0.0168418	0.0369896	0.999174	0.715369	0.706801	0.0510741	0.0740155	0.00383127	0.0036768	
1.302e-08	432	-0.0200116	-0.0879964	0.99592	0.700199	0.703103	0.0795636	0.0911255	0.00133715	0.00143255	
1.308e-08	434	0.0431816	-0.0424013	0.998167	0.706282	0.702061	0.0630845	0.0660595	0.00356679	0.00327822	
1.314e-08	436	-0.0099994	0.027539	0.999571	0.705285	0.700635	0.0645529	0.036399	0.00268058	0.00237333	
1.32e-08	438	0.0191497	-0.00350285	0.99981	0.696065	0.69983	0.0611688	0.0571389	0.00177078	0.00147464	
1.326e-08	440	0.00538913	-0.0236023	0.999707	0.691936	0.696832	0.0513161	0.0550929	0.00166483	0.00167974	
1.332e-08	442	-0.00198714	-0.0207936	0.999782	0.69352	0.693321	0.0333969	0.0657272	0.00116737	0.0011815	
1.338e-08	444	0.049661	0.017188	0.998618	0.694612	0.69131	0.0796897	0.0894783	0.00163833	0.00147143	
1.344e-08	446	-0.0222567	0.00518504	0.999739	0.685013	0.692126	0.0743758	0.101807	0.00233233	0.0017869	
1.35e-08	448	-0.041039	0.0407338	0.998327	0.691152	0.689646	0.0608076	0.0661189	0.0017521	0.00126426	
1.356e-08	450	0.0487558	0.00214009	0.998808	0.679752	0.686089	0.0560208	0.0710955	0.00282913	0.00231386	
1.362e-08	452	0.037409	-0.0565029	0.997701	0.688102	0.684498	0.0822812	0.0867796	0.00273791	0.00233598	
1.368e-08	454	-0.0645552	-0.05516	0.996388	0.682468	0.681235	0.066972	0.0804814	0.00265871	0.00185784	
1.374e-08	456	0.0112086	-0.00966871	0.99989	0.675563	0.680689	0.0897575	0.0728967	0.00240347	0.00230796	
1.38e-08	458	-0.143212	0.0406957	0.988855	0.681681	0.676331	0.118771	0.0749827	0.00388971	0.00326835	
1.386e-08	460	0.0570534	0.0363234	0.99771	0.662764	0.67383	0.068417	0.0593346	0.00242213	0.00242035	
1.392e-08	462	-0.0416516	-0.0562949	0.997545	0.667103	0.67113	0.0607437	0.0414057	0.00295188	0.00308083	
1.398e-08	464	-0.0376247	-0.0510737	0.997986	0.665496	0.6722	0.0752728	0.0889887	0.00448106	0.00361574	
1.404e-08	466	0.0204284	0.0437295	0.998835	0.672547	0.670001	0.104196	0.0451713	0.00239655	0.00204416	
1.41e-08	468	-0.0623115	-0.109659	0.992014	0.657516	0.666536	0.0728295	0.0705799	0.00304042	0.00264632	
1.416e-08	470	0.0436101	0.0536331	0.997608	0.657072	0.664394	0.0561684	0.0805294	0.00212851	0.00233759	
1.422e-08	472	0.0135654	-0.0152388	0.999792	0.675271	0.661936	0.079049	0.0624249	0.00286566	0.00277234	
1.428e-08	474	0.02421	-0.0365747	0.999038	0.666877	0.660555	0.101029	0.0540421	0.00272847	0.00207839	
1.434e-08	476	0.0254986	-0.0170493	0.999529	0.662461	0.660105	0.0855698	0.0737105	0.00387809	0.00315285	
1.44e-08	478	0.0247013	-0.0797207	0.996511	0.65533	0.657705	0.0478159	0.0651618	0.00349494	0.00285581	
1.446e-08	480	0.108601	0.000349606	0.994085	0.646978	0.654619	0.11351	0.0732672	0.00426149	0.00436957	
1.452e-08	482	0.0067204	-0.0655136	0.997829	0.659336	0.651658	0.0811944	0.0701679	0.00304989	0.00269235	
1.458e-08	484	0.0131703	-0.0322514	0.999393	0.655606	0.650428	0.0684586	0.0965768	0.00347999	0.00247373	
1.464e-08	486	-0.00985133	0.010048	0.999901	0.660986	0.649992	0.0665269	0.0760523	0.00375564	0.00291684	
1.47e-08	488	-0.0887402	0.0354104	0.995425	0.647018	0.642693	0.110706	0.0402209	0.00306496	0.00291886	
1.476e-08	490	0.00915374	0.0223575	0.999708	0.643623	0.642232	0.0697356	0.0858151	0.00375879	0.00336159	
1.482e-08	492	0.0359569	-0.0234709	0.999078	0.626047	0.638266	0.108078	0.0714042	0.00212403	0.0017053	
1.488e-08	494	0.0215607	-0.0378617	0.99905	0.630113	0.636727	0.0672693	0.0553703	0.0038372	0.00364885	
1.494e-08	496	0.0830433	-0.0207237	0.99633	0.631694	0.635783	0.0660551	0.0540248	0.00412579	0.00381024	
1.5e-08	498	-0.0999279	0.0533994	0.993561	0.635501	0.631177	0.117981	0.0603905	0.00729899	0.00632506	
1.506e-08	500	-0.0979145	-0.0291524	0.994768	0.638913	0.632011	0.10568	0.0687103	0.00267841	0.00234272	
1.512e-08	502	-0.00676796	0.00562363	0.999961	0.621662	0.628903	0.0613748	0.0819711	0.00481164	0.00406059	
1.518e-08	504	0.0471475	-0.04431	0.997905	0.626104	0.626715	0.0815476	0.0897452	0.00248056	0.00221622	
1.524e-08	506	0.00947704	-0.114205	0.993412	0.633185	0.622517	0.0744051	0.0779059	0.00385168	0.00398907	
1.53e-08	508	0.12865	-0.0828145	0.988226	0.621221	0.619001	0.0883573	0.0795884	0.00365473	0.00309652	
1.536e-08	510	0.0279566	0.116017	0.992854	0.610661	0.614562	0.0903097	0.0987652	0.00274765	0.0027831	
1.542e-08	512	-0.0690875	0.0596296	0.995827	0.620803	0.614617	0.0789655	0.0742511	0.0027755	0.00315771	
1.548e-08	514	-0.00392827	-0.0853806	0.996341	0.61213	0.611913	0.0946884	0.0431478	0.00259437	0.00215305	
1.554e-08	516	0.197841	0.121071	0.972728	0.596622	0.60938	0.0999998	0.0920751	0.00525788	0.00429271	
1.56e-08	518	0.16704	0.00347483	0.985944	0.57489	0.606413	0.0839442	0.151102	0.00786022	0.0055934	
1.566e-08	520	0.0326136	-0.0826531	0.996045	0.615211	0.602833	0.0778375	0.0768198	0.0054906	0.0049347	
1.572e-08	522	0.135956	0.0114022	0.990649	0.616634	0.601587	0.0748046	0.104239	0.00494733	0.00530012	
1.578e-08	524	0.0400329	-0.0972914	0.99445	0.611763	0.596735	0.0829362	0.0753597	0.0077725	0.00824006	
1.584e-08	526	-0.00511491	0.0821575	0.996606	0.603307	0.600542	0.0845692	0.0750778	0.00246193	0.00251102	
1.59e-08	528	0.0576297	-0.10326	0.992983	0.597671	0.594186	0.0906109	0.0950938	0.00764056	0.00741729	
1.596e-08	530	-0.0696352	-0.0215449	0.99734	0.603512	0.590874	0.0740798	0.0626923	0.00357533	0.00385881	
1.602e-08	532	0.0449082	0.0867705	0.995216	0.590566	0.588512	0.0885289	0.153384	0.00510338	0.00358862	
1.608e-08	534	0.205224	0.0414511	0.977837	0.580865	0.587786	0.0950596	0.0847402	0.0058083	0.00394957	
1.614e-08	536	0.076229	-0.0860367	0.993371	0.582462	0.583593	0.0782856	0.0835269	0.0040495	0.00398818	
1.62e-08	538	0.01667	-0.106474	0.994176	0.581756	0.581332	0.0779241	0.130287	0.00526814	0.00388422	
1.626e-08	540	-0.0906054	-0.195513	0.976507	0.57039	0.572754	0.102309	0.0879187	0.00656176	0.0050648	
1.632e-08	542	-0.110302	-0.0782531	0.990813	0.592868	0.574408	0.0692472	0.113085	0.00493236	0.00469988	
1.638e-08	544	0.119328	-0.0125961	0.992775	0.589888	0.572801	0.0725308	0.0586358	0.00540573	0.0054307	
1.644e-08	546	0.0481739	0.017531	0.998685	0.57477	0.568161	0.0923165	0.0353832	0.00445271	0.00439639	
1.65e-08	548	-0.0415124	-0.0901225	0.995065	0.538754	0.561155	0.0785529	0.072603	0.00404729	0.00371073	
1.656e-08	550	0.129611	-0.00763778	0.991536	0.533849	0.562022	0.0838499	0.0744181	0.00450194	0.00420959	
1.662e-08	552	0.0378377	-0.154772	0.987225	0.547361	0.557462	0.0919889	0.0772359	0.00556395	0.00444141	
1.668e-08	554	0.0785423	-0.067184	0.994644	0.558149	0.556719	0.149718	0.0763218	0.0113576	0.00896961	
1.674e-08	556	0.116794	0.0125376	0.993077	0.558196	0.550425	0.155696	0.128239	0.0050593	0.00379715	
1.68e-08	558	0.0424839	-0.0649264	0.996985	0.560561	0.548697	0.113047	0.127005	0.00621587	0.00518272	
1.686e-08	560	-0.045396	0.117173	0.992073	0.546928	0.544044	0.106444	0.111904	0.00634743	0.00490326	
1.692e-08	562	-0.0385961	-0.0921062	0.995001	0.54617	0.546098	0.101796	0.0657701	0.00598861	0.00449209	
1.698e-08	564	-0.0552644	0.135332	0.989258	0.53839	0.542659	0.145783	0.0623342	0.00770265	0.00593813	
1.704e-08	566	0.10197	-0.148247	0.983679	0.537098	0.534998	0.113225	0.0928224	0.00635441	0.0042702	
1.71e-08	568	0.0473521	-0.163614	0.985387	0.542014	0.533807	0.106079	0.107521	0.00617439	0.00512832	
1.716e-08	570	-0.0329022	0.109247	0.99347	0.529147	0.529547	0.099665	0.110677	0.00799411	0.00767323	
1.722e-08	572	-0.0978924	0.0834777	0.99169	0.524828	0.527793	0.100506	0.113366	0.00487922	0.00378353	
1.728e-08	574	0.0233382	0.119199	0.992596	0.524736	0.520004	0.076105	0.128143	0.00937295	0.00761472	
1.734e-08	576	0.133659	0.0158473	0.990901	0.491183	0.515684	0.117271	0.121319	0.00803378	0.00784991	
1.74e-08	578	-0.0685263	0.111595	0.991388	0.524858	0.516718	0.0744887	0.141988	0.00575561	0.00394039	
1.746e-08	580	-0.081268	-0.126065	0.988688	0.525621	0.507388	0.0643035	0.120044	0.00664383	0.00503281	
1.752e-08	582	-0.194179	0.162532	0.967408	0.495267	0.508407	0.0984483	0.0795938	0.00733075	0.00528697	
1.758e-08	584	0.09695	0.0685865	0.992923	0.501354	0.503212	0.123477	0.0972769	0.00596299	0.00555617	
1.764e-08	586	0.155282	0.0237914	0.987584	0.529139	0.500396	0.0787748	0.0990928	0.00944901	0.00839053	
1.77e-08	588	0.0623777	0.12787	0.989827	0.487512	0.493086	0.0899127	0.0581032	0.00774189	0.00678427	
1.776e-08	590	-0.0847363	-0.167569	0.982212	0.493636	0.49294	0.0883523	0.108739	0.00435477	0.00357529	
1.782e-08	592	0.0291088	-0.0764361	0.996649	0.484227	0.488878	0.0912121	0.0723384	0.00907595	0.00761145	
1.788e-08	594	0.0761823	-0.173354	0.981909	0.456091	0.484146	0.120099	0.0889798	0.0101682	0.0099833	
1.794e-08	596	0.151596	0.0925542	0.9841	0.482579	0.484528	0.0846954	0.0784624	0.00865791	0.00726903	
1.8e-08	598	0.125224	-0.00963045	0.992082	0.465063	0.476345	0.11704	0.081359	0.00851471	0.00662534	
1.806e-08	600	0.00521306	0.0546713	0.998491	0.492463	0.472154	0.0563887	0.106616	0.00904578	0.00663564	
1.812e-08	602	-0.10115	0.16374	0.981304	0.44621	0.465531	0.0844419	0.0746466	0.00621655	0.00606642	
1.818e-08	604	-0.127707	-0.161022	0.978654	0.467968	0.470342	0.0943173	0.0821013	0.00515869	0.00503854	
1.824e-08	606	0.0347212	0.0887452	0.995449	0.455274	0.459441	0.0840905	0.0891364	0.00875506	0.00838868	
1.83e-08	608	-0.0421009	0.123923	0.991398	0.43904	0.455865	0.0630455	0.160617	0.0123362	0.0107038	
1.836e-08	610	0.170298	-0.0482413	0.984211	0.465164	0.451711	0.132855	0.149337	0.0130666	0.0107664	
1.842e-08	612	0.0209053	-0.104601	0.994294	0.440045	0.448804	0.0782668	0.116458	0.0115988	0.00595223	
1.848e-08	614	-0.05085	0.0293987	0.998274	0.410556	0.44228	0.0692381	0.0948602	0.0101601	0.011843	
1.854e-08	616	-0.118913	0.0138619	0.992808	0.441695	0.433039	0.094789	0.0823177	0.016178	0.0121892	
1.86e-08	618	-0.0523686	0.0846875	0.99503	0.448592	0.432198	0.099629	0.106009	0.013443	0.0135458	
1.866e-08	620	-0.19901	0.103882	0.974476	0.431339	0.429755	0.0851309	0.0699125	0.012478	0.0107072	
1.872e-08	622	0.055047	0.179443	0.982227	0.398181	0.427093	0.0652458	0.0816836	0.0153785	0.0131653	
1.878e-08	624	-0.0488135	0.130786	0.990208	0.42593	0.419245	0.0976894	0.0724707	0.0213298	0.0175897	
1.884e-08	626	0.0377078	-0.133514	0.990329	0.436336	0.410281	0.0776299	0.122484	0.0215004	0.0141719	
1.89e-08	628	-0.0736859	0.139477	0.98748	0.398807	0.406009	0.0637464	0.0772441	0.0160386	0.0136586	
1.896e-08	630	0.00473544	0.108192	0.994119	0.400503	0.407561	0.0954269	0.0521782	0.0162749	0.013764	
1.902e-08	632	-0.211791	0.108422	0.971282	0.41015	0.39752	0.0925077	0.0535764	0.0130275	0.0133537	
1.908e-08	634	-0.243929	-0.11694	0.962717	0.426683	0.39354	0.0659145	0.131984	0.0135386	0.0144749	
1.914e-08	636	0.295487	0.0117122	0.955275	0.391631	0.386154	0.0890779	0.0433618	0.0146086	0.0129262	
1.92e-08	638	0.0144447	-0.00934906	0.999852	0.41578	0.384339	0.0581182	0.0808015	0.014023	0.0131104	
1.926e-08	640	0.00502492	-0.153381	0.988154	0.391618	0.373502	0.125284	0.0857324	0.0182587	0.0144148	
1.932e-08	642	0.197925	-0.219841	0.955246	0.347576	0.372806	0.0972807	0.150705	0.0175768	0.0154956	
1.938e-08	644	-0.0569934	-0.131189	0.989718	0.345754	0.361227	0.102929	0.0888976	0.0308293	0.0275099	
1.944e-08	646	-0.0339408	-0.259008	0.965279	0.337009	0.355997	0.0936932	0.0911944	0.020831	0.016064	
1.95e-08	648	0.0341495	-0.0649263	0.997306	0.338399	0.338155	0.167485	0.0869677	0.0307593	0.0171869	
1.956e-08	650	-0.114018	0.203524	0.972408	0.327459	0.33878	0.109691	0.0630262	0.0218927	0.0185697	
1.962e-08	652	0.031027	0.148589	0.988412	0.300959	0.338386	0.053498	0.0630601	0.023169	0.0236438	
1.968e-08	654	-0.0178505	0.233687	0.972148	0.323871	0.328085	0.0857996	0.105741	0.0214193	0.0236007	
1.974e-08	656	-0.186611	-0.0011761	0.982433	0.343077	0.32266	0.0900035	0.115149	0.0284509	0.0235151	
1.98e-08	658	-0.11197	0.113958	0.987156	0.342163	0.313024	0.0655716	0.149033	0.0459233	0.0325496	
1.986e-08	660	-0.281205	0.128023	0.95107	0.280414	0.301022	0.0847499	0.0569227	0.0380421	0.0355752	
1.992e-08	662	-0.0589494	-0.333457	0.94092	0.340139	0.293463	0.10115	0.110036	0.0908279	0.062373	
1.998e-08	664	-0.000608417	0.0360897	0.999348	0.303484	0.292299	0.161225	0.130172	0.0522878	0.0417863	
2.004e-08	666	0.01493	0.52565	0.85057	0.277746	0.280486	0.173692	0.115819	0.0931448	0.051308	
2.01e-08	668	-0.504869	-0.0029053	0.863191	0.228058	0.272381	0.122639	0.144633	0.069898	0.0277494	
2.016e-08	670	-0.0502047	0.0167025	0.998599	0.281498	0.263385	0.145891	0.0902191	0.0457234	0.0364118	
2.022e-08	672	-0.289769	0.26636	0.919286	0.290105	0.253415	0.103153	0.0664538	0.0524678	0.0405977	
2.028e-08	674	0.30339	0.298676	0.904847	0.275357	0.18464	0.159828	0.101069	0.298214	0.162729	
2.034e-08	676	-0.398719	0.879097	-0.261175	0.172768	0.243279	0.083484	0.103229	0.139064	0.0448718	
2.04e-08	678	0.0486025	-0.0708659	0.996301	0.234432	0.224816	0.0877821	0.0804963	0.147448	0.0897514	
2.046e-08	680	0.30576	-0.127087	-0.943589	0.245676	0.226284	0.157466	0.0921687	0.357647	0.0566262	
2.052e-08	682	0.23789	0.0735985	0.9685	0.233132	0.20031	0.154777	0.0964843	1.18577	0.0772642	
2.058e-08	684	0.64738	-0.587294	0.485783	0.192653	0.18817	0.110846	0.0926874	0.0741677	0.060881	
2.064e-08	686	0.232592	0.551168	-0.801321	0.179301	0.19321	0.12001	0.112377	0.0831505	0.0439538	
2.07e-08	688	0.0987742	0.285619	0.953239	0.116879	0.149441	0.0656376	0.141524	0.221563	0.0559745	
2.076e-08	690	0.476643	0.44127	0.760324	0.132345	0.137546	0.143964	0.0994411	0.393029	0.0697867	
2.082e-08	692	-0.179451	0.949117	0.258795	0.10248	0.125911	0.137983	0.122399	0.207366	0.0513121	
2.088e-08	694	-0.530267	-0.847783	-0.00901885	0.0947099	0.127538	0.134411	0.0851552	0.403491	0.0696152	
2.094e-08	696	0.733969	0.0818126	-0.674237	0.102917	0.104641	0.0553752	0.069398	0.237338	0.0633132	
2.1e-08	698	0.174068	0.109273	0.978652	0.171925	0.112352	0.0773923	0.0756006	0.341498	0.0664696	
2.106e-08	700	0.400626	-0.569431	0.717807	0.164191	0.106023	0.0821466	0.0668202	0.282468	0.0544647	
2.112e-08	702	-0.480192	0.77236	0.415783	0.0875072	0.107331	0.0812963	0.0688236	0.299442	0.0613003	
2.118e-08	704	-0.0613617	0.227696	0.971797	0.129731	0.0967315	0.052464	0.105553	0.197577	0.0480317	
2.124e-08	706	-0.386822	0.204368	0.899223	0.0811862	0.0855281	0.0675353	0.0379385	0.168616	0.0378038	
2.13e-08	708	0.24418	0.286466	0.926452	0.11643	0.0884498	0.0610944	0.0519791	0.160412	0.0450483	
2.136e-08	710	0.804207	-0.306985	0.508931	0.10211	0.078377	0.0540104	0.0683745	0.118319	0.0422921	
2.142e-08	712	0.466168	-0.827176	-0.313796	0.0277147	0.0712473	0.0506082	0.0441425	0.101248	0.0281811	
2.148e-08	714	0.0496424	-0.981455	0.185153	0.0415871	0.0809521	0.0970836	0.061483	0.0966688	0.0350503	
2.154e-08	716	-0.51774	0.250057	-0.818179	0.065765	0.0724988	0.045029	0.063465	0.0847697	0.0180541	
2.16e-08	718	0.5078	-0.718174	0.475778	0.0650736	0.0707498	0.0634538	0.0370179	0.0866938	0.0256385	
2.166e-08	720	-0.962886	0.255363	0.0874154	0.0501048	0.0600093	0.0261869	0.0471254	0.0597612	0.0156729	
2.172e-08	722	-0.594563	-0.0156721	-0.803896	0.0322608	0.0715273	0.0371737	0.0509408	0.10187	0.0223115	
2.178e-08	724	0.645138	0.739739	0.191265	0.0705437	0.0619888	0.05042	0.0339188	0.0627546	0.0221672	
2.184e-08	726	0.358509	-0.832745	0.42191	0.0529784	0.0576013	0.0356163	0.053363	0.0396896	0.0202543	
2.19e-08	728	-0.358314	0.326172	-0.87477	0.0694092	0.059114	0.0306454	0.0388189	0.0555397	0.0158177	
2.196e-08	730	0.803007	-0.0251791	-0.595437	0.027773	0.0551678	0.0304871	0.0333313	0.0484455	0.0124654	
2.202e-08	732	-0.697023	-0.101982	0.70976	0.0276705	0.059341	0.050055	0.034901	0.0410777	0.0168061	
2.208e-08	734	-0.222111	-0.742466	0.63199	0.0647651	0.0507161	0.0268445	0.0359095	0.0359931	0.0176987	
2.214e-08	736	-0.0963681	-0.49233	-0.865058	0.0527074	0.0520917	0.0304182	0.021378	0.0452534	0.00924788	
2.22e-08	738	-0.563205	-0.127934	-0.816353	0.0418879	0.0560813	0.0277123	0.0368701	0.0457991	0.0132558	
2.226e-08	740	0.822716	-0.352626	-0.445863	0.0744595	0.0493255	0.0234451	0.0243416	0.0435636	0.0147562	
2.232e-08	742	0.0761543	0.53114	0.843855	0.0534549	0.0461788	0.023585	0.0250464	0.0328272	0.0156435	
2.238e-08	744	-0.846068	-0.421397	-0.326487	0.0737181	0.0461981	0.0269679	0.0215099	0.0319005	0.0140916	
2.244e-08	746	0.601799	0.795713	-0.0684047	0.0522117	0.0436754	0.019215	0.0273702	0.0307816	0.0170873	
2.25e-08	748	-0.139086	-0.197662	-0.970353	0.014291	0.0485437	0.0235368	0.0307034	0.0311992	0.0127724	
2.256e-08	750	0.0596058	0.826854	0.55925	0.0667209	0.0466646	0.0224598	0.021253	0.030021	0.00494828	
2.262e-08	752	-0.887516	-0.259474	0.380773	0.0255162	0.0432995	0.0260114	0.0198816	0.0253996	0.0118608	
2.268e-08	754	0.535648	-0.243576	-0.808549	0.0323973	0.0432262	0.0256884	0.0208527	0.0150782	0.00620536	
2.274e-08	756	0.60745	-0.244922	0.755657	0.0369335	0.0432372	0.021074	0.0269333	0.021508	0.0121	
2.28e-08	758	-0.316482	0.793731	-0.519452	0.0306215	0.0418706	0.0245998	0.0170165	0.0212953	0.0121136	
2.286e-08	760	-0.603027	0.199381	-0.772403	0.0267579	0.0427321	0.0229601	0.0150306	0.0244369	0.00873648	
2.292e-08	762	0.415922	-0.0182559	0.909217	0.0647764	0.0390812	0.0205043	0.0173479	0.0187563	0.00999344	
2.298e-08	764	-0.0339877	0.853281	0.520342	0.0479187	0.0435206	0.0215624	0.0214571	0.023713	0.00770119	
2.304e-08	766	0.478712	-0.734875	-0.480411	0.015921	0.0362557	0.0161978	0.0179235	0.0150291	0.00798386	
2.31e-08	768	0.486963	-0.863561	0.130881	0.0203384	0.0442862	0.0245398	0.0235555	0.0195237	0.00980654	
2.316e-08	770	-0.360061	0.918812	-0.161683	0.0323167	0.0391163	0.014789	0.0182831	0.0162897	0.00431881	
2.322e-08	772	-0.329387	0.166521	0.929395	0.031918	0.0406457	0.0152422	0.0152638	0.0219663	0.00498247	
2.328e-08	774	0.408155	0.302891	0.861201	0.0483212	0.0423261	0.0150796	0.0221705	0.0251458	0.00768948	
2.334e-08	776	0.0559445	0.678699	0.732283	0.0450677	0.0393912	0.0152544	0.0196201	0.0185396	0.0072953	
2.34e-08	778	0.739634	0.646959	0.185432	0.0470862	0.0385383	0.014132	0.0186027	0.0189308	0.00688499	
2.346e-08	780	0.944681	0.183259	-0.272018	0.0379312	0.0363734	0.0107257	0.018757	0.0180812	0.00922505	
2.352e-08	782	0.185324	0.982478	-0.019816	0.0339079	0.0388175	0.0105784	0.0206644	0.0196897	0.00731266	
2.358e-08	784	-0.194992	0.90101	-0.387504	0.00832799	0.0383476	0.0144835	0.0147345	0.0223542	0.0079433	
2.364e-08	786	0.204128	0.907651	0.366745	0.0269003	0.0293632	0.0117512	0.0106532	0.00816705	0.00434978	
2.37e-08	788	-0.617673	0.334595	0.711707	0.0315678	0.0347826	0.0193658	0.0110005	0.0138352	0.00743144	
2.376e-08	790	-0.550532	0.804696	-0.222216	0.0158332	0.0332012	0.0122185	0.0125413	0.0102348	0.00369783	
2.382e-08	792	-0.309278	-0.538323	0.783936	0.0480736	0.0326272	0.017704	0.01379	0.0087532	0.00794799	
2.388e-08	794	0.0662091	-0.333639	0.940373	0.0402119	0.0330529	0.0108189	0.0107695	0.0147828	0.00453243	
2.394e-08	796	0.746924	0.0648491	-0.66174	0.0391858	0.0313963	0.00541766	0.0141794	0.0149321	0.00524879	
2.4e-08	798	0.389169	0.596804	-0.701693	0.0404831	0.0294893	0.00761155	0.00933228	0.0124193	0.00387057	
2.406e-08	800	-0.515308	0.197362	0.83397	0.0448632	0.0336179	0.0130781	0.0130925	0.0118314	0.00418957	
2.412e-08	802	-0.117227	0.960343	-0.25298	0.0257795	0.0298845	0.00700594	0.010666	0.012788	0.00415587	
2.418e-08	804	-0.359658	-0.608723	-0.707179	0.0132505	0.0317884	0.0105991	0.0103817	0.0126495	0.00391048	
2.424e-08	806	-0.158722	-0.241853	-0.957243	0.02752	0.0308964	0.00801978	0.00837825	0.0148329	0.00353628	
2.43e-08	808	0.51012	0.0071889	0.860073	0.0222381	0.029022	0.012607	0.00533687	0.0111049	0.00451792	
2.436e-08	810	-0.0801536	-0.601718	0.794676	0.0179782	0.0347173	0.0117063	0.0149566	0.0144339	0.00707484	
2.442e-08	812	-0.563042	-0.0660634	-0.823783	0.0276362	0.0337176	0.0106132	0.011094	0.0163727	0.00593393	
2.448e-08	814	-0.613206	0.746657	0.257842	0.0369069	0.0308104	0.01182	0.00964207	0.0108618	0.00483914	
2.454e-08	816	-0.472291	-0.824294	-0.312219	0.014196	0.0290774	0.00971583	0.00780161	0.00811225	0.00237452	
2.46e-08	818	0.35243	-0.910996	-0.214194	0.0394705	0.0256944	0.004275	0.00677512	0.0100009	0.00269186	
2.466e-08	820	0.600855	0.140343	-0.786941	0.0270799	0.0283504	0.00842728	0.00780394	0.0112486	0.00481397	
2.472e-08	822	0.5274	-0.732561	-0.430354	0.0330558	0.0306005	0.0119045	0.0128293	0.00717869	0.00463576	
2.478e-08	824	0.79856	0.23493	0.554174	0.0200532	0.0281593	0.0085904	0.00969229	0.00778961	0.00316501	
2.484e-08	826	0.0509992	0.887787	0.457421	0.0276162	0.0284742	0.00876774	0.00989314	0.00785826	0.00342497	
2.49e-08	828	0.62918	-0.535764	-0.563107	0.0158465	0.0275162	0.00480566	0.00789466	0.0153218	0.00658564	
2.496e-08	830	0.646741	-0.638238	0.417586	0.0150052	0.0280897	0.0114285	0.00857083	0.00541861	0.00354716	
2.502e-08	832	0.492546	0.330603	-0.805047	0.0314313	0.0275609	0.00806957	0.00695717	0.0100541	0.00418486	
2.508e-08	834	0.570356	0.450264	-0.686991	0.022717	0.0302879	0.00937922	0.00615858	0.015556	0.00464775	
2.514e-08	836	-0.942046	0.165882	-0.291604	0.0271689	0.0255716	0.00649121	0.00684285	0.00941227	0.00431098	
2.52e-08	838	0.606092	-0.0811717	-0.791242	0.00884621	0.0286228	0.0117584	0.0109269	0.00602016	0.00548342	
2.526e-08	840	-0.874904	-0.435688	-0.21147	0.0294673	0.0278002	0.00972529	0.00772149	0.00848397	0.00403069	
2.532e-08	842	0.0527998	0.200444	0.978281	0.0229888	0.0283539	0.00930598	0.0072038	0.00725393	0.00218373	
2.538e-08	844	-0.432859	0.538578	-0.722888	0.0280343	0.0318185	0.0150288	0.0100595	0.00609548	0.00397545	
2.544e-08	846	0.511453	0.680895	0.524211	0.00331758	0.0265078	0.00965852	0.00606218	0.00800312	0.0041596	
2.55e-08	848	-0.117624	-0.344185	0.931505	0.0210501	0.0244454	0.00735116	0.00580791	0.00777114	0.00458661	
2.556e-08	850	0.0429372	0.325684	-0.944503	0.00439152	0.0231462	0.00468656	0.00672395	0.00754443	0.00400464	
2.562e-08	852	-0.999261	0.0061714	-0.037944	0.0294308	0.0251505	0.00835256	0.00536838	0.00678905	0.00273397	
2.568e-08	854	0.116158	-0.624851	-0.772055	0.0128397	0.0272354	0.00730205	0.00807218	0.00704627	0.00188914	
2.574e-08	856	0.652785	-0.74723	0.124574	0.0288991	0.024381	0.00561675	0.00733183	0.0071456	0.00368462	
2.58e-08	858	0.587485	0.687341	-0.427112	0.0592894	0.0252494	0.00813291	0.00959716	0.00331158	0.0041721	
2.586e-08	860	0.195636	-0.515493	0.834262	0.0342155	0.0252861	0.00677814	0.00540453	0.00770418	0.00305809	
2.592e-08	862	0.614762	0.723998	-0.312881	0.0217463	0.0242742	0.00763622	0.00713427	0.00379437	0.0029083	
2.598e-08	864	0.256782	-0.364274	-0.895191	0.0154245	0.0287593	0.00648681	0.00757363	0.0133713	0.0047429	
2.604e-08	866	-0.503084	-0.810213	-0.300769	0.0143164	0.0239453	0.0069937	0.00365951	0.0068737	0.00234433	
2.61e-08	868	0.528436	0.793415	-0.302072	0.0366419	0.0280203	0.00773376	0.00963415	0.00580889	0.00391794	
2.616e-08	870	0.0136374	-0.0751732	0.997077	0.0205583	0.0241805	0.00586499	0.00564526	0.0062881	0.00258511	
2.622e-08	872	-0.558663	-0.82489	-0.0863214	0.0255336	0.0239425	0.00414558	0.00743041	0.00588171	0.00170269	
2.628e-08	874	-0.573993	-0.199276	-0.794243	0.0267314	0.0256519	0.00608388	0.00639034	0.00751121	0.00205585	
2.634e-08	876	-0.980598	0.172431	0.0932448	0.0225742	0.0212778	0.00412015	0.00351014	0.00634922	0.00157797	
2.64e-08	878	-0.898504	-0.436826	-0.0432841	0.02093	0.0217376	0.00455149	0.00501608	0.00557359	0.0022644	
2.646e-08	880	0.116373	-0.762039	-0.636988	0.0176044	0.0210724	0.00301847	0.00625485	0.00492946	0.00245048	
2.652e-08	882	-0.673464	-0.718472	0.173909	0.0298992	0.0249787	0.00492448	0.0064513	0.00643921	0.00192008	
2.658e-08	884	0.403668	-0.900005	-0.164449	0.023622	0.025814	0.00810788	0.00578453	0.00865504	0.00448221	
2.664e-08	886	-0.592033	-0.777165	-0.213332	0.0118107	0.0220074	0.00399262	0.00432648	0.00670318	0.00212474	
2.67e-08	888	-0.333127	-0.525329	0.782979	0.0336979	0.0257362	0.00645318	0.00663494	0.00671695	0.00224153	
2.676e-08	890	-0.995262	0.0419732	0.0876987	0.0267339	0.0223171	0.0072585	0.00494818	0.00388047	0.00277417	
2.682e-08	892	0.667223	0.73857	-0.0965809	0.0167886	0.021886	0.00402481	0.0037628	0.00735136	0.00270425	
2.688e-08	894	-0.458663	-0.59505	0.659957	0.0289525	0.0207837	0.00491217	0.00447599	0.00353228	0.00143409	
2.694e-08	896	0.215308	0.269683	-0.93857	0.0241385	0.0249431	0.00795419	0.0069335	0.00295686	0.00168895	
2.7e-08	898	-0.914965	-0.120325	-0.385178	0.0331985	0.0216407	0.00483576	0.00465768	0.00476419	0.0025342	
2.706e-08	900	0.0458261	-0.895524	0.442648	0.0275261	0.0270691	0.00630253	0.00508942	0.0101657	0.00220309	
