#----------------------------------------------------------------------------------------------------------------------------------------------------------
# Output file for vampire simulation
#   time       : 2024-08-29 04:53:24     process id : 3556796
#   hostname   : node116.viking2.yor.alces.network
#   path       : /users/ky883/parameter/WS_dia5/AI_Dataset/size_3.0_3.0_10.0/Temp_900/random_1
#----------------------------------------------------------------------------------------------------------------------------------------------------------
6e-11	0	-0.0116047	-0.00690627	0.999909	0.999927	0.999907	0	0	0	0	
1.2e-10	2	0.0067642	0.000391069	0.999977	0.99882	0.998864	0.0817977	0.0654538	4.61337e-06	3.80426e-06	
1.8e-10	4	0.00446287	0.0112397	0.999927	0.997659	0.997679	0.0534118	0.0465365	1.81181e-05	1.63828e-05	
2.4e-10	6	0.00764149	0.00585709	0.999954	0.996674	0.996589	0.0456628	0.0424591	2.57609e-05	1.90809e-05	
3e-10	8	0.0153361	0.00769903	0.999853	0.995499	0.995499	0.0401252	0.0457937	1.0633e-05	8.71783e-06	
3.6e-10	10	-0.0114005	0.00357785	0.999929	0.994489	0.994366	0.0705347	0.0368316	2.97183e-05	2.36906e-05	
4.2e-10	12	0.00318267	0.0141594	0.999895	0.993189	0.993174	0.0368225	0.0566587	7.14071e-05	5.37638e-05	
4.8e-10	14	0.00442309	0.000881534	0.99999	0.992133	0.992083	0.0385071	0.0319479	5.15213e-05	4.30334e-05	
5.4e-10	16	0.00549236	0.0173007	0.999835	0.991045	0.990847	0.0493272	0.0564842	4.25746e-05	3.77298e-05	
6e-10	18	-0.00334072	0.0144921	0.999889	0.989309	0.989716	0.0496114	0.0611604	6.01005e-05	4.13883e-05	
6.6e-10	20	-0.0116047	0.00123971	0.999932	0.989515	0.988684	0.0818554	0.0309325	5.86968e-05	4.7981e-05	
7.2e-10	22	-0.00613668	-0.0157317	0.999857	0.987815	0.987479	0.048122	0.0607772	6.50922e-05	4.83507e-05	
7.8e-10	24	-0.00037767	0.021131	0.999777	0.986547	0.986261	0.0615934	0.0730441	6.74887e-05	7.21573e-05	
8.4e-10	26	0.0144289	-0.000415365	0.999896	0.984672	0.985169	0.0609239	0.0534134	0.000104944	7.66141e-05	
9e-10	28	-0.0337029	0.0051342	0.999419	0.984996	0.983937	0.0624615	0.0317049	5.76407e-05	5.47102e-05	
9.6e-10	30	-0.0280555	0.00361498	0.9996	0.982339	0.982857	0.0606968	0.0311589	0.000117167	0.000112801	
1.02e-09	32	-0.00181086	0.0172773	0.999849	0.981283	0.981773	0.0383683	0.0569928	7.78657e-05	4.6737e-05	
1.08e-09	34	-0.00959846	-0.00926591	0.999911	0.981166	0.980404	0.0738374	0.0433186	8.87186e-05	7.61745e-05	
1.14e-09	36	0.0116142	-0.000657629	0.999932	0.979182	0.979121	0.0373575	0.0513765	0.000139196	0.000101467	
1.2e-09	38	0.0231343	-0.0392231	0.998963	0.976539	0.978077	0.034934	0.0569042	0.000168817	0.000143273	
1.26e-09	40	0.00222935	0.0197243	0.999803	0.97772	0.97719	0.0845914	0.0337532	0.000103003	8.59498e-05	
1.32e-09	42	0.0289228	-0.0161775	0.999451	0.977367	0.975729	0.0779438	0.030525	0.000111452	0.000130019	
1.38e-09	44	-0.0215921	0.0204033	0.999559	0.976093	0.974915	0.0407725	0.0733609	0.000242677	0.000176901	
1.44e-09	46	-0.0204811	-0.00278846	0.999786	0.970065	0.973351	0.0602658	0.028309	0.0001587	0.00014693	
1.5e-09	48	-0.00968028	-0.00612786	0.999934	0.971628	0.971638	0.0318331	0.044703	0.000159461	0.000149016	
1.56e-09	50	-0.0160201	-0.0157037	0.999748	0.969952	0.971099	0.0776268	0.0440398	0.000203742	0.00015121	
1.62e-09	52	0.0226398	0.00996944	0.999694	0.967506	0.969849	0.0433568	0.0551073	0.000160754	0.00011212	
1.68e-09	54	0.0391821	-0.00673795	0.999209	0.968169	0.968238	0.0840514	0.0597737	0.000198335	0.000122812	
1.74e-09	56	0.000298374	0.0231654	0.999732	0.967676	0.967298	0.0476475	0.0406594	0.000132004	9.9274e-05	
1.8e-09	58	-0.00246272	0.0127446	0.999916	0.967278	0.966438	0.0615683	0.0607541	0.000295195	0.0001865	
1.86e-09	60	-0.0214607	0.00830829	0.999735	0.964807	0.964665	0.0484508	0.0604769	0.000246649	0.000201466	
1.92e-09	62	-0.00382033	-0.0199956	0.999793	0.964606	0.96362	0.0781065	0.046368	0.000218542	0.000151712	
1.98e-09	64	0.0202842	0.0321809	0.999276	0.963004	0.96281	0.0415411	0.0611047	0.000244363	0.000169321	
2.04e-09	66	-0.00166123	0.0598943	0.998203	0.960925	0.961695	0.0424043	0.0538623	0.000196409	0.000152439	
2.1e-09	68	0.0142085	0.0104131	0.999845	0.9609	0.959974	0.0846624	0.0194726	0.000271239	0.000223387	
2.16e-09	70	-0.0203177	0.00618394	0.999774	0.959365	0.958817	0.0580277	0.0512605	0.000263788	0.000225911	
2.22e-09	72	-0.0234533	0.0776874	0.996702	0.959605	0.95826	0.0852701	0.05786	0.000306301	0.00020893	
2.28e-09	74	-0.0427019	-0.047072	0.997978	0.955964	0.956823	0.0559994	0.0530597	0.000209733	0.000149786	
2.34e-09	76	0.000110881	0.0400603	0.999197	0.955528	0.955326	0.0447139	0.0544106	0.00025179	0.00019996	
2.4e-09	78	-0.00872718	0.01131	0.999898	0.955519	0.953915	0.0458357	0.0495952	0.000311599	0.000254219	
2.46e-09	80	-0.0282449	-0.0218896	0.999361	0.952023	0.952811	0.0585915	0.0756256	0.000299624	0.000224048	
2.52e-09	82	0.0157917	0.00754794	0.999847	0.9498	0.952122	0.0500944	0.0395145	0.000220915	0.0002218	
2.58e-09	84	0.0131927	-0.0152706	0.999796	0.953058	0.950797	0.0357724	0.0423311	0.000303679	0.000309301	
2.64e-09	86	0.0361968	-0.0118131	0.999275	0.950111	0.949184	0.0541953	0.0759603	0.000337518	0.000245235	
2.7e-09	88	0.0195358	-0.0164499	0.999674	0.948176	0.94796	0.0486421	0.0717959	0.000238765	0.000210649	
2.76e-09	90	0.0428934	0.0610866	0.99721	0.949495	0.946952	0.0375441	0.0493159	0.000234202	0.000247482	
2.82e-09	92	-0.014196	0.0617	0.997994	0.946527	0.945605	0.0389645	0.0533128	0.000332458	0.000252858	
2.88e-09	94	-0.0147175	-0.0119605	0.99982	0.940068	0.944343	0.100524	0.0975345	0.000325728	0.000298802	
2.94e-09	96	0.00137752	-0.0344393	0.999406	0.939765	0.942694	0.0570722	0.0536194	0.000372958	0.000429325	
3e-09	98	-0.0195969	0.0109172	0.999748	0.941446	0.941951	0.0352669	0.0446687	0.000438322	0.000332279	
3.06e-09	100	0.034857	-0.0836011	0.995889	0.943932	0.941088	0.0574829	0.0432585	0.000388887	0.000343685	
3.12e-09	102	-0.00764885	0.0312459	0.999482	0.937304	0.938921	0.0586679	0.0529238	0.0002221	0.000195548	
3.18e-09	104	-0.00668415	-0.0244137	0.99968	0.940539	0.937942	0.0886626	0.0598718	0.000550192	0.000280237	
3.24e-09	106	0.0480572	0.0558917	0.99728	0.941308	0.937566	0.0440702	0.040088	0.000372655	0.000316946	
3.3e-09	108	0.0675992	0.00774116	0.997683	0.933985	0.936064	0.0775849	0.0548812	0.000471432	0.000350464	
3.36e-09	110	0.00931578	0.0678474	0.997652	0.937651	0.934916	0.0324896	0.0583089	0.000374748	0.000327269	
3.42e-09	112	0.116586	0.0113035	0.993116	0.930538	0.932948	0.0490579	0.058513	0.000488264	0.000402314	
3.48e-09	114	-0.0408058	-0.0365253	0.998499	0.934803	0.932888	0.0584343	0.0470639	0.000356423	0.000291277	
3.54e-09	116	-0.00584648	0.00112359	0.999982	0.93269	0.93082	0.0317355	0.0605377	0.000292838	0.000336243	
3.6e-09	118	-0.00274927	0.0487389	0.998808	0.931385	0.930041	0.0512954	0.0459658	0.00042921	0.000325123	
3.66e-09	120	-0.0252275	0.00778457	0.999651	0.92998	0.927686	0.062429	0.0550996	0.00043937	0.000357144	
3.72e-09	122	-0.0220727	-0.0337349	0.999187	0.926212	0.927139	0.069606	0.0821429	0.000501725	0.0002744	
3.78e-09	124	-0.00102063	-0.0188806	0.999821	0.924694	0.925847	0.0508589	0.0298332	0.000354309	0.000285231	
3.84e-09	126	0.0323437	-0.0245885	0.999174	0.929386	0.924392	0.0465419	0.0755372	0.000521922	0.000476473	
3.9e-09	128	-0.0604187	-0.0213945	0.997944	0.922571	0.922088	0.0514655	0.0678969	0.000615345	0.000600532	
3.96e-09	130	0.0211725	-0.00637337	0.999756	0.915239	0.921227	0.0510294	0.0409557	0.000481236	0.000476256	
4.02e-09	132	0.0376226	-0.0197445	0.999097	0.916395	0.920075	0.0899346	0.0570896	0.000637641	0.000498799	
4.08e-09	134	0.0374391	0.0726382	0.996655	0.915826	0.918427	0.0545233	0.0393928	0.000477573	0.00044423	
4.14e-09	136	0.103451	-0.0148664	0.994523	0.920762	0.918514	0.0474141	0.058744	0.000345269	0.000320154	
4.2e-09	138	-0.0114733	-0.0147234	0.999826	0.913638	0.916835	0.0618773	0.067724	0.00049135	0.00032787	
4.26e-09	140	0.0845116	-0.0608519	0.994563	0.917931	0.915386	0.0748491	0.0586648	0.000382076	0.00026743	
4.32e-09	142	0.00942748	0.0386843	0.999207	0.914082	0.914583	0.0633822	0.0522247	0.000605815	0.000512393	
4.38e-09	144	-0.00389136	0.0547574	0.998492	0.91341	0.913864	0.0572385	0.068089	0.000572696	0.000454582	
4.44e-09	146	-0.106321	-0.00596181	0.994314	0.914886	0.911027	0.0382279	0.0517979	0.000708297	0.000512564	
4.5e-09	148	-0.0720113	0.0310542	0.99692	0.909575	0.909017	0.101149	0.0232759	0.000933402	0.000482872	
4.56e-09	150	0.0222072	-0.0541474	0.998286	0.910548	0.907815	0.0615274	0.0448849	0.000593091	0.000432247	
4.62e-09	152	-0.00325751	0.0354947	0.999365	0.910679	0.908041	0.0874123	0.0612939	0.000631156	0.000267529	
4.68e-09	154	0.053939	-0.013282	0.998456	0.907971	0.907511	0.0576718	0.0723233	0.000516946	0.000357268	
4.74e-09	156	0.017066	0.070558	0.997362	0.89585	0.904672	0.0640308	0.0506929	0.000948382	0.000857058	
4.8e-09	158	0.0342879	-0.00634704	0.999392	0.898191	0.902254	0.0308751	0.0573907	0.000554764	0.00052433	
4.86e-09	160	0.0288298	-0.0225129	0.999331	0.905112	0.901081	0.0574761	0.0516775	0.00092859	0.000633784	
4.92e-09	162	-0.0877643	-0.0971309	0.991394	0.902155	0.901726	0.0605882	0.0456057	0.000758443	0.000545353	
4.98e-09	164	-0.0160244	-0.0286885	0.99946	0.897274	0.898883	0.0539045	0.0772346	0.00104108	0.00059119	
5.04e-09	166	0.0137319	0.0749655	0.997092	0.900621	0.899038	0.0514877	0.0830362	0.000690691	0.000730612	
5.1e-09	168	-0.0574131	-0.0522975	0.99698	0.90156	0.897269	0.0435985	0.0712061	0.000933534	0.000755721	
5.16e-09	170	-0.043334	0.00138806	0.99906	0.892863	0.894512	0.0369767	0.0829109	0.000708839	0.000466994	
5.22e-09	172	-0.0214385	0.0429734	0.998846	0.895658	0.894406	0.0680857	0.0508408	0.000890046	0.000642714	
5.28e-09	174	-0.0594733	-0.00311483	0.998225	0.892856	0.894019	0.0452795	0.0597274	0.000773906	0.000601355	
5.34e-09	176	-0.10327	0.0458649	0.993595	0.885517	0.89172	0.0701317	0.0544625	0.000545881	0.000474082	
5.4e-09	178	-0.0149705	-0.000126111	0.999888	0.890484	0.88946	0.0516826	0.0643736	0.000810904	0.000885373	
5.46e-09	180	-0.00277566	-0.0168307	0.999855	0.889502	0.88821	0.0640199	0.0554749	0.00069207	0.000620106	
5.52e-09	182	-0.0341098	0.0278717	0.999029	0.887787	0.888528	0.0495438	0.0501426	0.0008042	0.000610491	
5.58e-09	184	0.058456	-0.0113159	0.998226	0.887868	0.886289	0.0695278	0.0552164	0.00086706	0.000640801	
5.64e-09	186	0.00961504	0.0845981	0.996369	0.893827	0.884988	0.0601817	0.0881178	0.000717667	0.000581044	
5.7e-09	188	0.0138106	0.0632115	0.997905	0.889328	0.883489	0.063246	0.0766795	0.000715587	0.000561694	
5.76e-09	190	0.167808	0.0307222	0.985341	0.884011	0.882062	0.101572	0.0511847	0.000943051	0.000628045	
5.82e-09	192	-0.0224742	-0.0446474	0.99875	0.870156	0.881644	0.0958707	0.0697036	0.000671378	0.000579681	
5.88e-09	194	-0.0646883	0.0274432	0.997528	0.878909	0.878854	0.0933107	0.0333845	0.000702102	0.000600241	
5.94e-09	196	0.0134434	0.0225284	0.999656	0.878751	0.877759	0.0676176	0.0403683	0.000755769	0.000488352	
6e-09	198	-0.0208005	-0.0565602	0.998182	0.861847	0.874031	0.0483345	0.0947277	0.00122332	0.000675752	
6.06e-09	200	0.0143117	-0.0340426	0.999318	0.870485	0.874114	0.0544437	0.0498406	0.000862693	0.000760985	
6.12e-09	202	-0.0922457	0.0648243	0.993624	0.87443	0.873829	0.0481932	0.0534053	0.00090753	0.000546578	
6.18e-09	204	0.0860822	0.00812938	0.996255	0.871667	0.872802	0.0690982	0.0694315	0.00132901	0.000778557	
6.24e-09	206	0.0222683	-0.05725	0.998111	0.868891	0.869898	0.0598809	0.0602862	0.000711319	0.000688581	
6.3e-09	208	-0.00895065	-0.0361527	0.999306	0.864689	0.869699	0.0804002	0.0470684	0.000699886	0.000554712	
6.36e-09	210	0.029139	-0.0469635	0.998472	0.866484	0.867349	0.0505234	0.0512224	0.000983048	0.00082848	
6.42e-09	212	-0.0136996	0.0836569	0.9964	0.864986	0.866465	0.0673879	0.0896518	0.000579396	0.000529709	
6.48e-09	214	0.113027	-0.131973	0.984788	0.86237	0.865491	0.0852283	0.0710168	0.000953106	0.000539416	
6.54e-09	216	-0.0587205	0.0339575	0.997697	0.857914	0.86405	0.0493541	0.0550927	0.000679809	0.000656101	
6.6e-09	218	0.0637049	-0.0921778	0.993703	0.871627	0.862593	0.0663356	0.0625594	0.00122906	0.00100229	
6.66e-09	220	-0.00134511	0.0988241	0.995104	0.855868	0.860791	0.0963776	0.0450938	0.00109755	0.000726372	
6.72e-09	222	-0.0977636	-0.00920562	0.995167	0.860472	0.85944	0.0734602	0.0462662	0.000436222	0.000499424	
6.78e-09	224	-0.0159398	0.0222111	0.999626	0.866158	0.858903	0.0725245	0.0861184	0.00156668	0.00111004	
6.84e-09	226	-0.0627392	0.0479339	0.996878	0.855186	0.855246	0.061272	0.0542422	0.000582106	0.000656042	
6.9e-09	228	0.0332886	-0.0386171	0.998699	0.858109	0.852006	0.0531606	0.065284	0.00182673	0.00127384	
6.96e-09	230	0.0129164	-0.038181	0.999187	0.846125	0.853805	0.0375247	0.0439075	0.00115833	0.00101333	
7.02e-09	232	-0.0128267	-0.0763424	0.996999	0.857168	0.852182	0.0568286	0.045714	0.000888417	0.000736881	
7.08e-09	234	-0.055366	0.0516245	0.997131	0.834694	0.850729	0.0351757	0.0542629	0.00112226	0.000836069	
7.14e-09	236	-0.082801	0.0958833	0.991943	0.853821	0.849791	0.0723422	0.0689657	0.000786301	0.000651594	
7.2e-09	238	-0.132911	0.0406746	0.990293	0.848522	0.846277	0.0711419	0.05539	0.0010002	0.000908115	
7.26e-09	240	-0.0815212	-0.0631915	0.994666	0.843179	0.845698	0.0393429	0.0659699	0.00110428	0.000857085	
7.32e-09	242	0.0859683	0.071047	0.993761	0.848581	0.84623	0.0696147	0.0663523	0.000774665	0.000577886	
7.38e-09	244	-0.032573	-0.0969908	0.994752	0.838307	0.844653	0.0414877	0.0396682	0.00110378	0.000945236	
7.44e-09	246	0.0986917	0.0283981	0.994713	0.843638	0.84257	0.0776945	0.0738026	0.00131135	0.000943426	
7.5e-09	248	0.0171219	0.143275	0.989535	0.841597	0.840332	0.0819148	0.0918953	0.00109845	0.000913092	
7.56e-09	250	0.0258104	-0.000445432	0.999667	0.856922	0.837653	0.0579468	0.0548352	0.00225111	0.00177498	
7.62e-09	252	-0.00619248	-0.0350052	0.999368	0.849502	0.836921	0.0704444	0.0639807	0.00130946	0.000868234	
7.68e-09	254	0.0660513	-0.0280046	0.997423	0.839418	0.834072	0.0939358	0.0421452	0.00147103	0.00130244	
7.74e-09	256	0.101121	-0.00447777	0.994864	0.834794	0.836408	0.0547988	0.0576378	0.000989628	0.000843729	
7.8e-09	258	0.111313	0.166327	0.979768	0.831129	0.831498	0.0716145	0.0888488	0.00175971	0.00087558	
7.86e-09	260	0.0325225	0.0154544	0.999352	0.834584	0.832198	0.0369303	0.0422966	0.00121813	0.00092508	
7.92e-09	262	0.124168	0.0840819	0.988692	0.819648	0.830993	0.0781164	0.0704195	0.00173631	0.00121575	
7.98e-09	264	-0.00565432	0.152946	0.988218	0.827624	0.828971	0.0561509	0.0520875	0.00143909	0.00107711	
8.04e-09	266	0.0107324	-0.0148502	0.999832	0.827572	0.8263	0.0482149	0.058137	0.00157896	0.00123836	
8.1e-09	268	0.00924008	-0.10311	0.994627	0.831765	0.825044	0.0549359	0.0405377	0.00110672	0.00108851	
8.16e-09	270	-0.0791891	0.0288147	0.996443	0.821119	0.822873	0.110393	0.0515197	0.00181857	0.00111084	
8.22e-09	272	0.107389	0.027737	0.99383	0.816551	0.81995	0.0775609	0.0709661	0.00130225	0.000874238	
8.28e-09	274	0.128223	0.0435715	0.990788	0.810679	0.822479	0.10103	0.0592744	0.0014967	0.000885733	
8.34e-09	276	-0.00332804	0.0751361	0.997168	0.813656	0.81853	0.0588618	0.104349	0.00247806	0.00172787	
8.4e-09	278	0.010162	0.0493514	0.99873	0.830599	0.818113	0.0412593	0.0508289	0.00120346	0.00120809	
8.46e-09	280	0.0485099	0.0181149	0.998658	0.811218	0.815226	0.0631435	0.03394	0.000815877	0.000836071	
8.52e-09	282	-0.107886	0.150345	0.982729	0.809634	0.812284	0.0726586	0.0748615	0.00159677	0.00131605	
8.58e-09	284	0.0248823	0.0283548	0.999288	0.802533	0.814901	0.089583	0.065963	0.00220569	0.00163225	
8.64e-09	286	0.0693191	-0.0404075	0.996776	0.807679	0.811095	0.0729159	0.119699	0.00134242	0.000826457	
8.7e-09	288	0.0249384	0.0229645	0.999425	0.807388	0.80821	0.072816	0.0883337	0.00151715	0.000836405	
8.76e-09	290	0.0314905	0.0440734	0.998532	0.805363	0.807949	0.062637	0.0462925	0.00123901	0.00103774	
8.82e-09	292	-0.0298746	-0.0381123	0.998827	0.815413	0.807024	0.0615027	0.046075	0.00122456	0.00101058	
8.88e-09	294	-0.00264463	0.0569529	0.998373	0.815934	0.806449	0.0604016	0.089376	0.00161445	0.00136496	
8.94e-09	296	-0.0549502	0.0422481	0.997595	0.809798	0.803661	0.0796601	0.116245	0.0030772	0.00193427	
9e-09	298	0.019752	0.0412387	0.998954	0.805708	0.801552	0.0650011	0.0619111	0.00160616	0.00109231	
9.06e-09	300	0.062736	0.146871	0.987164	0.796259	0.796898	0.0825751	0.0575975	0.00158288	0.00140592	
9.12e-09	302	0.0535409	-0.043047	0.997637	0.800131	0.798684	0.0617154	0.0607307	0.00116366	0.000684949	
9.18e-09	304	-0.0982804	-0.0397221	0.994366	0.786008	0.794644	0.0868694	0.0701911	0.00216159	0.00163214	
9.24e-09	306	-0.106004	0.176481	0.978579	0.805654	0.796781	0.0764379	0.0580256	0.00175067	0.000968582	
9.3e-09	308	0.074505	0.0371226	0.996529	0.802675	0.795397	0.0474319	0.0556078	0.00266204	0.00165963	
9.36e-09	310	0.0827872	-0.0899487	0.9925	0.793602	0.791249	0.0506203	0.0703142	0.00111941	0.00109377	
9.42e-09	312	-0.00412522	-0.0904154	0.995896	0.782316	0.788267	0.0474733	0.0343558	0.00151206	0.00123844	
9.48e-09	314	0.0723247	0.11608	0.990603	0.788971	0.78917	0.0424492	0.0619513	0.00119047	0.000920119	
9.54e-09	316	0.133923	0.0842906	0.987401	0.786551	0.784807	0.0530086	0.0657269	0.0023213	0.00164146	
9.6e-09	318	0.0107303	0.0296155	0.999504	0.771856	0.783955	0.0445277	0.0693819	0.0015025	0.00151273	
9.66e-09	320	-0.0895283	-0.0936669	0.99157	0.781663	0.783123	0.0605047	0.0555481	0.00174152	0.00190345	
9.72e-09	322	0.0676815	-0.00468965	0.997696	0.774425	0.783437	0.0497209	0.0975422	0.00278726	0.00160286	
9.78e-09	324	0.072479	0.152697	0.985612	0.790096	0.777374	0.0372234	0.0563902	0.00183807	0.00175471	
9.84e-09	326	-0.103653	-0.041256	0.993757	0.774575	0.776378	0.0436766	0.0578876	0.00187399	0.00143906	
9.9e-09	328	0.0826091	0.000320365	0.996582	0.771271	0.773706	0.0773412	0.0585624	0.00236856	0.0018576	
9.96e-09	330	0.00997174	0.0211562	0.999726	0.769783	0.777167	0.0695698	0.0912691	0.00111563	0.00118233	
1.002e-08	332	0.0947482	0.11702	0.9886	0.767618	0.774453	0.0751219	0.0696877	0.00183027	0.00142408	
1.008e-08	334	0.183252	0.0155474	0.982943	0.770653	0.768556	0.0588939	0.0789748	0.00247925	0.00177994	
1.014e-08	336	-0.0877807	0.0782505	0.993062	0.756777	0.769495	0.065399	0.0389098	0.00204696	0.00202439	
1.02e-08	338	-0.0049676	-0.10538	0.99442	0.780523	0.767176	0.0665704	0.0810773	0.00229012	0.00203688	
1.026e-08	340	-0.0596922	0.0546559	0.996719	0.742806	0.765973	0.0869276	0.0426626	0.00229399	0.00165343	
1.032e-08	342	-0.09363	0.0214175	0.995377	0.765425	0.765262	0.0624623	0.0440254	0.00221497	0.00155163	
1.038e-08	344	0.0404681	0.053113	0.997768	0.774066	0.75908	0.05629	0.059825	0.00303155	0.00244674	
1.044e-08	346	0.004697	0.110818	0.99383	0.763261	0.76352	0.07753	0.0488152	0.00319672	0.0017366	
1.05e-08	348	0.0767587	0.111026	0.990849	0.764821	0.756468	0.0820109	0.0891676	0.00278189	0.0023006	
1.056e-08	350	0.0678522	0.245468	0.967027	0.744696	0.756974	0.0643616	0.150838	0.00484221	0.00195768	
1.062e-08	352	-0.0136402	0.054883	0.9984	0.764064	0.75549	0.0918454	0.0297759	0.00299351	0.00187407	
1.068e-08	354	-0.132489	0.0116716	0.991116	0.759174	0.751155	0.0784073	0.0695763	0.00106147	0.000904027	
1.074e-08	356	0.0418276	-0.0251652	0.998808	0.746126	0.751941	0.0662882	0.059417	0.00203783	0.00137509	
1.08e-08	358	0.034244	0.000474384	0.999413	0.761569	0.749248	0.0537433	0.0761823	0.00258623	0.00160462	
1.086e-08	360	-0.210498	0.0882187	0.973606	0.757018	0.747791	0.0801083	0.0795741	0.00308858	0.00175527	
1.092e-08	362	-0.000346844	-0.155738	0.987798	0.746328	0.741517	0.0706923	0.0715788	0.00254898	0.0018466	
1.098e-08	364	-0.0975485	0.0454254	0.994194	0.753779	0.744193	0.0816125	0.0725821	0.00296327	0.00182938	
1.104e-08	366	0.0905213	0.0469995	0.994785	0.734231	0.74414	0.069847	0.0925052	0.00200119	0.00168047	
1.11e-08	368	-0.232849	-0.141556	0.962156	0.758257	0.743073	0.0824149	0.0376763	0.00143673	0.00147888	
1.116e-08	370	0.0131942	0.0410526	0.99907	0.703043	0.737208	0.0478532	0.0769887	0.00355599	0.00252668	
1.122e-08	372	0.0200243	-0.204458	0.97867	0.711179	0.731618	0.0717911	0.0870893	0.00282544	0.00213176	
1.128e-08	374	-0.231152	-0.0684501	0.970507	0.737743	0.736863	0.0930839	0.0738094	0.00212734	0.00157695	
1.134e-08	376	0.10459	0.0164083	0.99438	0.732879	0.73334	0.0500198	0.0868775	0.00116431	0.00150133	
1.14e-08	378	-0.0222614	0.00977428	0.999704	0.749951	0.730364	0.0991663	0.140707	0.00419698	0.0019081	
1.146e-08	380	-0.0864893	0.0375272	0.995546	0.719454	0.728718	0.0914176	0.0693733	0.00212002	0.00139796	
1.152e-08	382	-0.0316362	-0.149177	0.988304	0.729006	0.728169	0.0910589	0.0547083	0.00283618	0.00218259	
1.158e-08	384	-0.0583555	-0.201784	0.97769	0.72166	0.728818	0.065905	0.0595076	0.00245937	0.00168879	
1.164e-08	386	-0.0108627	-0.112966	0.99354	0.725277	0.724503	0.051443	0.0647465	0.00328499	0.00257875	
1.17e-08	388	0.131115	0.246881	0.960135	0.691055	0.720172	0.0644518	0.0932471	0.00427953	0.00273008	
1.176e-08	390	0.144891	0.057559	0.987772	0.72783	0.716867	0.0675557	0.132387	0.00550617	0.00348722	
1.182e-08	392	-0.0262257	0.10203	0.994436	0.733	0.714661	0.0708407	0.0513856	0.00292668	0.00242645	
1.188e-08	394	-0.052324	-0.00556454	0.998615	0.71618	0.715881	0.0614291	0.0685342	0.00245558	0.00213834	
1.194e-08	396	-0.0334874	-0.0898663	0.995391	0.720661	0.714859	0.0630893	0.0708388	0.00368248	0.00266972	
1.2e-08	398	0.0360459	0.0351309	0.998732	0.711213	0.71169	0.0893466	0.0671574	0.00206001	0.00147639	
1.206e-08	400	-0.231908	-0.149451	0.961188	0.69546	0.708406	0.0828374	0.0628015	0.00334802	0.00258563	
1.212e-08	402	-0.0341502	0.00670528	0.999394	0.699336	0.704767	0.061125	0.0720296	0.00309997	0.00214823	
1.218e-08	404	-0.116721	0.0719505	0.990555	0.706915	0.706306	0.101178	0.055523	0.0046608	0.00272173	
1.224e-08	406	0.0952696	0.230364	0.96843	0.7195	0.700816	0.100618	0.0773021	0.00514345	0.00227531	
1.23e-08	408	-0.00990457	0.079447	0.99679	0.719735	0.704812	0.0690348	0.0774186	0.00318106	0.00258763	
1.236e-08	410	0.00538259	-0.1495	0.988747	0.701607	0.697229	0.0824578	0.0535606	0.00251617	0.00256421	
1.242e-08	412	0.282851	0.318056	0.904896	0.667323	0.694463	0.0835421	0.0771237	0.00611779	0.0024144	
1.248e-08	414	0.0319235	0.198835	0.979513	0.671435	0.698231	0.122806	0.0702823	0.00253116	0.00152197	
1.254e-08	416	0.216673	0.131316	0.967372	0.693223	0.694042	0.103956	0.0546962	0.00584705	0.00415749	
1.26e-08	418	0.0541229	-0.104157	0.993087	0.67363	0.691484	0.0504633	0.0986247	0.00445085	0.00377625	
1.266e-08	420	-0.105776	-0.0930707	0.990025	0.692505	0.689661	0.0672729	0.100441	0.00352113	0.00268076	
1.272e-08	422	0.172364	-0.0250602	0.984714	0.694097	0.685091	0.0671234	0.136144	0.00355901	0.00265409	
1.278e-08	424	-0.10529	-0.150477	0.982991	0.674101	0.682577	0.074139	0.0735283	0.00518188	0.00250657	
1.284e-08	426	0.00864353	-0.0087001	0.999925	0.687807	0.680324	0.113318	0.0526413	0.00333832	0.00297292	
1.29e-08	428	-0.186168	0.309635	0.932452	0.671745	0.678576	0.0891734	0.0954104	0.0058382	0.00282643	
1.296e-08	430	-0.0103481	0.0599723	0.998146	0.708627	0.675068	0.0758371	0.0741182	0.00554415	0.00453864	
1.302e-08	432	0.0604742	-0.19919	0.978093	0.65864	0.676263	0.0727055	0.0892075	0.00342905	0.00173903	
1.308e-08	434	0.0447106	0.101379	0.993843	0.686573	0.67249	0.0626647	0.112843	0.00527635	0.00254127	
1.314e-08	436	0.120741	0.0315569	0.992182	0.664804	0.666764	0.123131	0.0411058	0.00503697	0.00312009	
1.32e-08	438	0.0106119	-0.00389444	0.999936	0.665512	0.662866	0.0713037	0.106656	0.00638295	0.00348414	
1.326e-08	440	0.0504774	0.0163655	0.998591	0.657848	0.665593	0.103975	0.0805688	0.00284128	0.00266112	
1.332e-08	442	-0.13387	-0.0981809	0.986123	0.665454	0.660597	0.0693571	0.0491344	0.00398484	0.00277249	
1.338e-08	444	-0.249077	0.0335199	0.967904	0.643436	0.660994	0.0993614	0.0687605	0.0032992	0.00152449	
1.344e-08	446	-0.00775854	-0.0819883	0.996603	0.661641	0.652999	0.0562836	0.0634116	0.00238541	0.00161093	
1.35e-08	448	-0.202413	-0.0350202	0.978674	0.68163	0.651073	0.0508366	0.0389386	0.00293031	0.00319446	
1.356e-08	450	0.0797174	0.1091	0.990829	0.658582	0.651263	0.0822875	0.0669824	0.00509734	0.0032235	
1.362e-08	452	0.128575	0.0536577	0.990247	0.663453	0.650429	0.0650546	0.0929849	0.00442938	0.00335924	
1.368e-08	454	0.0768895	0.123539	0.989356	0.636648	0.650285	0.0609658	0.072023	0.00415023	0.00354155	
1.374e-08	456	-0.161042	0.0171994	0.986798	0.642726	0.64513	0.0977643	0.0876815	0.00347615	0.0030095	
1.38e-08	458	-0.0678338	-0.0400279	0.996893	0.662525	0.639167	0.056036	0.0806017	0.00440307	0.00315956	
1.386e-08	460	0.0471271	0.0789122	0.995767	0.663486	0.644026	0.101635	0.0391337	0.00712019	0.00317793	
1.392e-08	462	0.0212915	0.0164214	0.999638	0.585213	0.639991	0.0644406	0.0510351	0.00391908	0.00301137	
1.398e-08	464	-0.145448	0.0360499	0.988709	0.620021	0.637532	0.0771289	0.0678835	0.0054034	0.00406129	
1.404e-08	466	-0.141762	0.218804	0.965416	0.632717	0.628488	0.0643765	0.0692296	0.00541759	0.00409847	
1.41e-08	468	-0.264913	0.00126079	0.964271	0.636827	0.631037	0.109527	0.0686976	0.00519574	0.0040887	
1.416e-08	470	0.0303338	0.156892	0.98715	0.630238	0.626989	0.0739293	0.0835205	0.00769055	0.00555725	
1.422e-08	472	-0.0514888	0.174939	0.983232	0.647816	0.627683	0.0666621	0.119139	0.00554401	0.00312446	
1.428e-08	474	0.00265096	-0.0851411	0.996365	0.67194	0.626081	0.0867225	0.0551554	0.00619733	0.00417967	
1.434e-08	476	0.0984271	-0.166898	0.981049	0.583993	0.623995	0.0679707	0.0720107	0.00657471	0.00584398	
1.44e-08	478	-0.193329	-0.189418	0.962676	0.589939	0.622644	0.0426467	0.0577985	0.00701449	0.00591284	
1.446e-08	480	-0.11704	0.0159816	0.992999	0.612419	0.615022	0.143587	0.0707405	0.00887922	0.00359602	
1.452e-08	482	-0.233027	0.225569	0.945948	0.596294	0.614956	0.0882544	0.0476756	0.00602372	0.00503195	
1.458e-08	484	0.231427	-0.135775	0.963331	0.620453	0.61008	0.0691846	0.0996211	0.00374271	0.00256101	
1.464e-08	486	0.0951442	-0.0136201	0.99537	0.603355	0.605716	0.0736932	0.112564	0.00516405	0.00390399	
1.47e-08	488	0.107462	-0.139741	0.98434	0.571357	0.60091	0.0751157	0.0573171	0.00607937	0.00360161	
1.476e-08	490	0.272558	-0.0225606	0.961875	0.624686	0.598986	0.105108	0.0815979	0.00511562	0.00313442	
1.482e-08	492	0.0121932	0.201091	0.979497	0.601668	0.590381	0.0941179	0.106659	0.00712168	0.00544427	
1.488e-08	494	-0.194352	-0.0229872	0.980663	0.611228	0.598598	0.100311	0.0951759	0.0086885	0.00299515	
1.494e-08	496	0.176987	-0.275209	0.944953	0.573943	0.592372	0.105784	0.103288	0.0145558	0.00397565	
1.5e-08	498	0.0421155	0.171403	0.9843	0.569213	0.592713	0.0875985	0.0718216	0.0062511	0.00370144	
1.506e-08	500	-0.227169	0.154123	0.961582	0.585796	0.588216	0.0504496	0.113855	0.00861334	0.00659185	
1.512e-08	502	0.153816	0.0795509	0.984892	0.581075	0.586864	0.143362	0.065386	0.00764395	0.00289807	
1.518e-08	504	-0.111551	-0.0191214	0.993575	0.56688	0.587359	0.0646511	0.061286	0.00485007	0.0038634	
1.524e-08	506	-0.049138	-0.0732932	0.996099	0.573807	0.584083	0.0842286	0.105022	0.00725627	0.00362902	
1.53e-08	508	0.116917	-0.37466	0.919761	0.582685	0.579108	0.130305	0.112921	0.00845371	0.00339721	
1.536e-08	510	0.503457	0.118068	0.855915	0.585973	0.570034	0.108263	0.0602248	0.0126535	0.0081416	
1.542e-08	512	-0.219864	0.0927508	0.971111	0.554889	0.571663	0.07876	0.100676	0.00900361	0.00511078	
1.548e-08	514	0.096603	0.228336	0.968778	0.580504	0.566292	0.0842655	0.0960742	0.00775346	0.00444879	
1.554e-08	516	0.17364	-0.161421	0.97149	0.537964	0.562588	0.111387	0.0737627	0.0068558	0.00440284	
1.56e-08	518	0.0916684	0.189056	0.977678	0.575315	0.564657	0.107076	0.047244	0.006547	0.00445067	
1.566e-08	520	-0.0144355	0.0173136	0.999746	0.591955	0.558551	0.0923575	0.0535954	0.0118736	0.00832402	
1.572e-08	522	0.118376	-0.0478083	0.991817	0.559219	0.548463	0.0852438	0.0702436	0.0106912	0.00641776	
1.578e-08	524	-0.0716401	-0.13952	0.987624	0.574673	0.556698	0.0928839	0.103636	0.00901923	0.0052443	
1.584e-08	526	-0.0639516	-0.0541456	0.996483	0.586833	0.556297	0.124728	0.105391	0.0122442	0.00471456	
1.59e-08	528	0.202214	0.0207034	0.979122	0.570379	0.548795	0.0802817	0.115784	0.0115696	0.0101244	
1.596e-08	530	-0.100767	0.0449711	0.993893	0.541082	0.53366	0.0918731	0.0771207	0.0151429	0.0138233	
1.602e-08	532	-0.0847443	-0.180964	0.979832	0.561964	0.535287	0.105046	0.131865	0.0104777	0.00440344	
1.608e-08	534	0.155472	-0.0166732	0.9877	0.536366	0.536488	0.0869018	0.0590431	0.00628167	0.00453674	
1.614e-08	536	0.0569796	0.162211	0.98511	0.556451	0.536125	0.0542797	0.0684382	0.0123524	0.00914931	
1.62e-08	538	0.155975	0.0300548	0.987304	0.560096	0.530592	0.124003	0.0748223	0.0167803	0.00312472	
1.626e-08	540	-0.000296426	-0.233691	0.972311	0.564128	0.528802	0.0737128	0.100744	0.012793	0.00694782	
1.632e-08	542	0.123651	-0.0507831	0.991025	0.508773	0.51941	0.119231	0.0559815	0.00732976	0.00651802	
1.638e-08	544	-0.0717541	0.0493314	0.996202	0.5087	0.519319	0.107538	0.155856	0.0298077	0.00910355	
1.644e-08	546	0.0702043	0.226975	0.971367	0.533386	0.506736	0.0848055	0.0751235	0.008057	0.00544698	
1.65e-08	548	-0.0150441	0.320577	0.947103	0.507561	0.499381	0.0699029	0.153867	0.0169356	0.0104531	
1.656e-08	550	-0.187237	0.383281	0.904455	0.49734	0.508126	0.0899108	0.0963532	0.00953697	0.00752606	
1.662e-08	552	0.45802	-0.234602	0.857426	0.446137	0.50047	0.110835	0.0731462	0.0151332	0.00608263	
1.668e-08	554	0.0937714	-0.334146	0.937845	0.511715	0.503935	0.0951773	0.137373	0.0120518	0.00591266	
1.674e-08	556	0.00277279	0.205924	0.978564	0.502935	0.502058	0.100879	0.0560804	0.00900269	0.00411454	
1.68e-08	558	0.105108	0.0971174	0.989707	0.491036	0.488987	0.134386	0.102266	0.0202949	0.0154664	
1.686e-08	560	0.132907	-0.35555	0.925159	0.435958	0.487124	0.0963732	0.0937532	0.0249939	0.00848926	
1.692e-08	562	0.00426129	0.12374	0.992306	0.496635	0.483717	0.0985114	0.107346	0.0179142	0.01043	
1.698e-08	564	0.211322	0.142828	0.966925	0.484554	0.471147	0.0469365	0.0862545	0.0210014	0.0141367	
1.704e-08	566	-0.131469	0.0950677	0.986751	0.476419	0.481959	0.122452	0.0894133	0.00848771	0.00954951	
1.71e-08	568	-0.050583	-0.320288	0.945969	0.476112	0.477681	0.0830193	0.0820357	0.0145908	0.0120981	
1.716e-08	570	-0.223372	-0.157337	0.961951	0.45725	0.469791	0.0856202	0.108887	0.0100684	0.0059382	
1.722e-08	572	0.058805	0.204758	0.977045	0.478542	0.468012	0.159192	0.0792513	0.0345856	0.00716032	
1.728e-08	574	0.0885995	0.0752389	0.993222	0.450686	0.462817	0.075371	0.0778375	0.0158664	0.0102314	
1.734e-08	576	0.345971	0.228435	0.910012	0.405114	0.459554	0.0793159	0.0994518	0.0200725	0.00914901	
1.74e-08	578	0.0480508	-0.407724	0.91184	0.348756	0.453206	0.0589738	0.12983	0.0337966	0.0144445	
1.746e-08	580	0.181042	0.15264	0.971558	0.462046	0.427022	0.116537	0.107542	0.0449876	0.0154843	
1.752e-08	582	-0.264998	-0.088035	0.960222	0.468959	0.433936	0.0639558	0.115627	0.0175981	0.0103586	
1.758e-08	584	-0.155314	-0.068858	0.985462	0.450755	0.450498	0.066559	0.0673342	0.00838894	0.00649264	
1.764e-08	586	-0.0629408	-0.406036	-0.911687	0.412713	0.405994	0.184221	0.250049	0.474161	0.0429968	
1.77e-08	588	0.393442	-0.0694138	-0.916725	0.467253	0.43927	0.0948145	0.0825853	0.0105453	0.0071097	
1.776e-08	590	-0.016423	0.162625	-0.986551	0.447199	0.42398	0.0518898	0.0966864	0.0200223	0.00944632	
1.782e-08	592	-0.327392	0.200853	-0.923294	0.480722	0.409719	0.160409	0.0816414	0.0272519	0.0124542	
1.788e-08	594	0.0818601	-0.280904	-0.956238	0.40733	0.422747	0.0575589	0.09286	0.0223279	0.0166773	
1.794e-08	596	0.168377	-0.332108	-0.928091	0.412105	0.384651	0.0980165	0.115185	0.0448368	0.026353	
1.8e-08	598	0.253319	0.446692	0.858077	0.386103	0.397081	0.0672153	0.17341	1.21717	0.0215257	
1.806e-08	600	0.13839	0.0336153	0.989807	0.33765	0.400023	0.0816483	0.0954205	0.0174403	0.0106195	
1.812e-08	602	0.2424	-0.33618	-0.910069	0.381752	0.360069	0.0884742	0.0717723	0.450754	0.0666393	
1.818e-08	604	0.337436	-0.291919	0.894941	0.233758	0.370283	0.147452	0.0632048	1.04543	0.0516728	
1.824e-08	606	-0.228276	0.532538	0.815042	0.363598	0.349982	0.170215	0.0725021	0.188883	0.0498681	
1.83e-08	608	0.243599	-0.40738	0.880171	0.277899	0.350937	0.118924	0.17021	0.0542128	0.0268828	
1.836e-08	610	-0.225328	-0.0341259	-0.973685	0.347845	0.333622	0.0956145	0.0821622	0.0840594	0.0267436	
1.842e-08	612	0.193284	0.0851245	0.977443	0.412398	0.36167	0.174081	0.161268	0.351867	0.023726	
1.848e-08	614	0.108129	-0.0990159	0.989194	0.306023	0.352397	0.085793	0.0642401	0.0344215	0.027048	
1.854e-08	616	-0.363198	0.490833	-0.791941	0.347453	0.327174	0.109896	0.0840232	0.786945	0.0533044	
1.86e-08	618	-0.237571	0.218289	0.946525	0.318201	0.323757	0.160769	0.104034	0.602917	0.0350877	
1.866e-08	620	-0.379095	0.17733	0.908208	0.341033	0.340755	0.0922737	0.0765497	0.0226779	0.0127708	
1.872e-08	622	-0.219963	0.597541	0.771078	0.250535	0.322476	0.0886456	0.15011	0.586647	0.0189917	
1.878e-08	624	-0.00707711	-0.154859	-0.987911	0.226469	0.306707	0.102522	0.129199	0.0974372	0.0319577	
1.884e-08	626	0.166166	-0.402209	-0.900342	0.226035	0.313636	0.135272	0.0692082	0.237336	0.0251126	
1.89e-08	628	0.285924	-0.0724969	-0.955506	0.35493	0.312948	0.107906	0.0611746	0.0888479	0.0430765	
1.896e-08	630	0.0966658	-0.226187	0.969276	0.315622	0.297184	0.0789988	0.0725906	0.63417	0.0338667	
1.902e-08	632	0.382631	0.448674	0.807641	0.240716	0.273395	0.166527	0.0702857	0.240223	0.0292393	
1.908e-08	634	0.964833	-0.133184	-0.226626	0.287585	0.284855	0.13355	0.116117	0.134115	0.0569193	
1.914e-08	636	-0.0466908	0.627663	0.777084	0.306742	0.270619	0.13079	0.152357	0.153594	0.036371	
1.92e-08	638	-0.857466	-0.436461	0.272494	0.292293	0.247866	0.12519	0.120136	0.306721	0.0609698	
1.926e-08	640	0.71872	-0.655368	0.232237	0.214374	0.25608	0.121598	0.0647128	0.240809	0.0194775	
1.932e-08	642	0.347274	0.180909	0.920148	0.306566	0.25138	0.107905	0.0465998	0.310995	0.0561926	
1.938e-08	644	0.275521	-0.431258	-0.85913	0.330116	0.262915	0.161285	0.0863454	0.245278	0.0365214	
1.944e-08	646	0.16729	0.144815	0.975214	0.266264	0.232991	0.136106	0.0612398	0.243984	0.0281894	
1.95e-08	648	0.499185	0.161059	0.851395	0.212137	0.222571	0.0672927	0.0807935	0.298426	0.0386681	
1.956e-08	650	-0.633052	-0.199865	-0.747863	0.243757	0.221776	0.0773667	0.1302	0.204892	0.0316845	
1.962e-08	652	-0.0758424	-0.379168	0.922214	0.0878821	0.188604	0.0470045	0.100729	0.148388	0.0240037	
1.968e-08	654	0.0824296	0.630741	0.771603	0.143421	0.218165	0.0926212	0.0711818	0.23453	0.0297424	
1.974e-08	656	-0.719355	0.131703	-0.682043	0.173374	0.186038	0.0676511	0.0857277	0.132279	0.0361285	
1.98e-08	658	0.241404	0.842904	-0.48087	0.0890645	0.179731	0.0822349	0.0535696	0.160055	0.043985	
1.986e-08	660	-0.234946	0.293143	-0.926751	0.288984	0.198786	0.0661049	0.0822743	0.184164	0.0361639	
1.992e-08	662	0.433623	0.0745497	0.898005	0.246374	0.223986	0.107382	0.108176	0.160464	0.0308873	
1.998e-08	664	-0.52945	0.695955	0.485107	0.0821155	0.190158	0.0761465	0.0737095	0.153468	0.0261722	
2.004e-08	666	0.932496	-0.277352	-0.231358	0.232693	0.164348	0.0791641	0.0412721	0.108225	0.0239764	
2.01e-08	668	0.278405	-0.632734	0.722592	0.18119	0.167731	0.0572459	0.0911449	0.0844279	0.0244888	
2.016e-08	670	-0.846103	0.490936	-0.207585	0.240317	0.166601	0.0864319	0.0331063	0.129915	0.0350849	
2.022e-08	672	0.610585	-0.346737	-0.712011	0.224899	0.158471	0.0533242	0.0519896	0.105859	0.022323	
2.028e-08	674	0.227651	-0.775645	-0.588684	0.142902	0.168891	0.0711949	0.0849066	0.084537	0.0279748	
2.034e-08	676	-0.497733	-0.278311	-0.821465	0.114922	0.138989	0.0252949	0.0284721	0.112084	0.0217941	
2.04e-08	678	0.874537	-0.389224	0.289291	0.140709	0.158701	0.052924	0.0586556	0.0652151	0.0254127	
2.046e-08	680	-0.995866	-0.0826292	0.0377151	0.106704	0.147663	0.0760634	0.045204	0.0730862	0.0252262	
2.052e-08	682	0.947042	0.245112	0.207443	0.0752305	0.147738	0.0411199	0.0285278	0.119778	0.0172711	
2.058e-08	684	0.281291	-0.853677	0.438305	0.175561	0.122972	0.0390991	0.046907	0.0483791	0.0223072	
2.064e-08	686	-0.660738	-0.656453	-0.363998	0.043804	0.147793	0.0431609	0.0673267	0.0891142	0.0339112	
2.07e-08	688	-0.418349	0.115629	-0.900896	0.15968	0.124556	0.0343098	0.05676	0.0511106	0.0249733	
2.076e-08	690	0.961282	0.226514	-0.156936	0.104453	0.137487	0.0482693	0.0385896	0.0708982	0.0153329	
2.082e-08	692	0.723452	-0.461986	-0.513017	0.213065	0.120232	0.0425304	0.0315876	0.054333	0.0223902	
2.088e-08	694	-0.733389	0.156215	-0.661617	0.146346	0.136223	0.0304541	0.0500346	0.0851121	0.0251849	
2.094e-08	696	-0.227028	0.0947791	0.969265	0.170858	0.125396	0.0303298	0.0405496	0.0612027	0.0109274	
2.1e-08	698	0.25345	0.048426	0.966136	0.13501	0.123723	0.0272518	0.022728	0.0858953	0.0196697	
2.106e-08	700	-0.208269	-0.439339	-0.873845	0.214935	0.130688	0.0356598	0.037519	0.0588617	0.0132923	
2.112e-08	702	0.482589	-0.279915	0.829913	0.162868	0.110675	0.034326	0.0293085	0.0424145	0.0157775	
2.118e-08	704	-0.24323	-0.202443	0.948607	0.0930744	0.109916	0.0191089	0.0443644	0.0412467	0.0127279	
2.124e-08	706	0.49473	0.239641	-0.835353	0.117868	0.0945514	0.0271827	0.0222873	0.0331847	0.0137574	
2.13e-08	708	-0.511782	0.859003	-0.0138777	0.127183	0.100366	0.0290276	0.0279437	0.0302874	0.0147634	
2.136e-08	710	-0.0487097	0.306047	0.95077	0.109354	0.100458	0.028375	0.0261152	0.036321	0.0157527	
2.142e-08	712	0.120444	0.865054	-0.487006	0.0873767	0.112767	0.0328514	0.0320077	0.0486477	0.0196063	
2.148e-08	714	-0.0816057	0.702025	-0.707461	0.128544	0.113496	0.0382699	0.0351368	0.0365675	0.0173847	
2.154e-08	716	0.537985	0.374188	0.755351	0.140692	0.0956444	0.0227032	0.0240242	0.0290023	0.00869376	
2.16e-08	718	0.706447	0.694905	0.134313	0.0938441	0.087575	0.0175971	0.0208904	0.0253233	0.00542846	
2.166e-08	720	0.965953	0.231834	0.114841	0.0689965	0.0859753	0.0241608	0.0107673	0.0257368	0.00906514	
2.172e-08	722	-0.39712	-0.699952	0.593602	0.0504078	0.0952437	0.0244609	0.0234538	0.0321803	0.0114679	
2.178e-08	724	-0.680966	0.55073	0.482682	0.0235932	0.0934124	0.0208207	0.0206715	0.0360066	0.0118826	
2.184e-08	726	0.63453	-0.758024	0.150903	0.0694993	0.0900859	0.0242439	0.0236251	0.0213122	0.00885999	
2.19e-08	728	0.193275	-0.696173	-0.691367	0.0447162	0.0824293	0.0163571	0.0191427	0.0233714	0.00891995	
2.196e-08	730	-0.00645682	-0.203631	-0.979026	0.0610978	0.0786024	0.0180226	0.0201886	0.0132109	0.00867805	
2.202e-08	732	-0.41393	0.752859	-0.511728	0.060709	0.0903139	0.0214114	0.0325002	0.0218757	0.0148847	
2.208e-08	734	0.754727	0.654513	-0.0447191	0.116619	0.0904927	0.0157921	0.023038	0.0294308	0.00877142	
2.214e-08	736	0.332415	-0.940612	-0.0689119	0.0818326	0.0901113	0.0273087	0.0233758	0.0143697	0.00905695	
2.22e-08	738	-0.262123	-0.718711	0.644008	0.0961638	0.0799844	0.0118608	0.0162392	0.0251268	0.00673255	
2.226e-08	740	-0.930015	0.0231361	0.366793	0.087958	0.0792664	0.0144316	0.0175878	0.019055	0.00710894	
2.232e-08	742	-0.25225	0.454701	0.854176	0.0433078	0.0795893	0.016248	0.015758	0.024417	0.010193	
2.238e-08	744	0.136112	0.962785	-0.233494	0.12339	0.0957717	0.0198783	0.035683	0.0235009	0.0132478	
2.244e-08	746	0.144179	-0.705621	0.693766	0.030892	0.0804694	0.0154872	0.0158021	0.0211585	0.00512581	
2.25e-08	748	0.851696	0.277939	0.444257	0.17111	0.0773983	0.0217852	0.00870383	0.0182519	0.00755307	
2.256e-08	750	0.350079	0.785497	-0.510332	0.039545	0.0745578	0.0203344	0.00946204	0.0168107	0.00672203	
2.262e-08	752	0.620174	0.521777	0.585776	0.0377241	0.078554	0.017455	0.00827125	0.0214	0.0096133	
2.268e-08	754	0.700077	-0.712746	-0.0434178	0.0582626	0.0746571	0.0135034	0.0155018	0.0164273	0.00724472	
2.274e-08	756	-0.36416	0.913739	0.180192	0.0738967	0.0704624	0.0115162	0.0145212	0.0136683	0.00486397	
2.28e-08	758	-0.695127	0.718771	0.0128909	0.0129011	0.0721054	0.0120151	0.0173607	0.0146544	0.00677294	
2.286e-08	760	-0.093166	0.836842	0.539459	0.11222	0.0784855	0.0130934	0.0180585	0.0157182	0.00458129	
2.292e-08	762	0.371476	0.242277	0.896274	0.0368083	0.0650606	0.00784377	0.0103233	0.0157408	0.00478733	
2.298e-08	764	0.640771	-0.412296	0.64763	0.0614589	0.0663608	0.0131151	0.0123347	0.0107263	0.00560756	
2.304e-08	766	0.590568	0.701568	0.398787	0.076974	0.0673123	0.0154162	0.0091228	0.0119316	0.00601969	
2.31e-08	768	0.0386465	-0.874891	0.482775	0.126669	0.0666992	0.010565	0.0148737	0.00941637	0.00438333	
2.316e-08	770	-0.773194	-0.456824	-0.439866	0.0645104	0.0562564	0.00845736	0.00952425	0.00809759	0.00467584	
2.322e-08	772	-0.451754	0.432217	0.780453	0.0932707	0.0705108	0.0168791	0.010355	0.0116519	0.00590306	
2.328e-08	774	-0.0412314	-0.590038	-0.806322	0.0663601	0.0672777	0.0119996	0.0116437	0.0117734	0.00505193	
2.334e-08	776	0.415643	-0.745536	-0.520977	0.10068	0.0605968	0.010394	0.00860232	0.0133268	0.0072221	
2.34e-08	778	-0.00171023	0.0944274	-0.99553	0.0287957	0.0628179	0.00931028	0.0114024	0.0109726	0.00458377	
2.346e-08	780	0.944525	-0.31594	-0.0897489	0.0629139	0.0634883	0.0132207	0.0101516	0.0075657	0.0031624	
2.352e-08	782	-0.847433	-0.092178	-0.522839	0.0523833	0.0531123	0.00731253	0.00677196	0.00877305	0.00360433	
2.358e-08	784	-0.31147	0.604551	-0.733147	0.0844141	0.0611186	0.00935035	0.00698853	0.0135644	0.00437211	
2.364e-08	786	-0.905137	0.322469	0.277022	0.057583	0.0642652	0.00939192	0.0121156	0.0100787	0.00424621	
2.37e-08	788	-0.414357	0.339097	-0.844584	0.125473	0.0680238	0.0114751	0.00970527	0.0159089	0.00576189	
2.376e-08	790	-0.838113	-0.122058	-0.531666	0.0754335	0.0621165	0.0110094	0.00759364	0.0125132	0.00535627	
2.382e-08	792	0.464605	-0.739302	0.487416	0.0558109	0.0624536	0.0091729	0.00977413	0.0105733	0.00307274	
2.388e-08	794	-0.50499	-0.860615	0.0657766	0.0674332	0.0679525	0.010985	0.0168039	0.0085623	0.00537823	
2.394e-08	796	-0.493357	0.0608236	0.867697	0.0796712	0.0478339	0.00540718	0.00602009	0.00664072	0.00288544	
2.4e-08	798	0.093369	0.0415223	-0.994765	0.0306051	0.0549171	0.00514942	0.00777746	0.00975194	0.00248008	
2.406e-08	800	-0.223048	0.847687	-0.481327	0.0870732	0.0614868	0.00897844	0.0117675	0.00829469	0.00368105	
2.412e-08	802	0.968315	0.228266	0.10129	0.0483633	0.0544603	0.00815361	0.00641574	0.00787157	0.00229944	
2.418e-08	804	-0.340276	0.906719	-0.249146	0.0320128	0.0580142	0.0138628	0.00558471	0.00571911	0.00264585	
2.424e-08	806	-0.265858	0.949857	0.164594	0.0831263	0.0560881	0.00694576	0.00747613	0.00920173	0.00278379	
2.43e-08	808	-0.524241	0.717861	0.45809	0.0568492	0.0579559	0.0104969	0.00712748	0.00812419	0.00471115	
2.436e-08	810	-0.806308	0.221506	0.548455	0.0481103	0.05913	0.00981541	0.00774813	0.00720531	0.00331397	
2.442e-08	812	0.683933	-0.381252	0.621999	0.0691043	0.0531649	0.00875186	0.00817047	0.00499996	0.00395292	
2.448e-08	814	0.58961	-0.782174	-0.201405	0.0688132	0.0543573	0.00854773	0.0087147	0.00540475	0.00303442	
2.454e-08	816	-0.733219	0.322828	0.598475	0.0723209	0.055166	0.00763672	0.0042654	0.00982471	0.00229418	
2.46e-08	818	-0.280303	0.470393	-0.836756	0.0505245	0.0596908	0.00941092	0.00582504	0.0126827	0.00487038	
2.466e-08	820	0.847257	0.514037	-0.133868	0.0461654	0.055946	0.00774089	0.00742096	0.00944319	0.00397902	
2.472e-08	822	0.925051	-0.372244	-0.075597	0.0762122	0.0555725	0.00508077	0.0127378	0.00586507	0.0032874	
2.478e-08	824	0.238202	-0.133748	-0.961962	0.0825944	0.0572166	0.00568312	0.009	0.0103431	0.0044745	
2.484e-08	826	0.612369	0.402313	-0.680551	0.0564638	0.0576762	0.00806077	0.0060265	0.0106866	0.00358405	
2.49e-08	828	0.323754	-0.892413	-0.314298	0.0973755	0.0520248	0.00605113	0.00736061	0.00696682	0.00336685	
2.496e-08	830	-0.376395	0.583033	-0.72	0.0187412	0.051164	0.00761654	0.00828615	0.00574337	0.00448365	
2.502e-08	832	-0.582759	-0.604213	-0.543433	0.0441455	0.0536171	0.00494559	0.00694526	0.00863271	0.00252793	
2.508e-08	834	-0.82904	-0.0945412	0.55114	0.0471571	0.0484435	0.0082483	0.00609839	0.00338408	0.00248811	
2.514e-08	836	0.543717	0.38112	0.747743	0.0225639	0.0535495	0.00618489	0.00897407	0.00710821	0.00399376	
2.52e-08	838	-0.446688	0.458948	-0.768008	0.023023	0.0482766	0.00319611	0.00879634	0.00580879	0.00356558	
2.526e-08	840	-0.578186	0.0324665	0.815259	0.0651784	0.0533886	0.00947034	0.00606576	0.0051485	0.00253561	
2.532e-08	842	-0.933387	-0.251911	0.255598	0.0758213	0.0538283	0.00745184	0.00531743	0.0088662	0.00350553	
2.538e-08	844	0.141191	-0.941681	-0.305453	0.0580304	0.0483219	0.00444353	0.00833621	0.00427171	0.00303229	
2.544e-08	846	-0.223931	-0.501035	0.835954	0.0293358	0.0546492	0.00610642	0.00700845	0.0054456	0.0021644	
2.55e-08	848	-0.705324	0.156335	-0.691431	0.0242825	0.0436764	0.00284857	0.00730225	0.0039688	0.00217693	
2.556e-08	850	-0.800777	0.0580668	-0.596142	0.044059	0.0461013	0.00463375	0.00379288	0.00824195	0.00324626	
2.562e-08	852	-0.49437	0.425339	0.75808	0.0853574	0.0519011	0.00552466	0.00457626	0.00720857	0.00179798	
2.568e-08	854	-0.385244	0.0244151	0.922492	0.0530015	0.0592916	0.0100256	0.00560933	0.00853929	0.00169119	
2.574e-08	856	-0.566476	0.823922	0.0160584	0.0253088	0.0467501	0.00504175	0.00605731	0.00421308	0.00227607	
2.58e-08	858	0.0308527	-0.0231445	0.999256	0.0616641	0.0508342	0.00390744	0.00525631	0.00836552	0.00228064	
2.586e-08	860	-0.99854	-0.0230755	-0.0488506	0.0238089	0.0500106	0.00846819	0.00540958	0.00422817	0.00301219	
2.592e-08	862	-0.171464	-0.203581	-0.963927	0.0226926	0.0535719	0.0073477	0.00519138	0.00816074	0.00332408	
2.598e-08	864	-0.42106	-0.437272	0.794671	0.08436	0.048871	0.00683136	0.00519474	0.00491103	0.00315086	
2.604e-08	866	0.333718	0.678101	0.654837	0.0219056	0.0468103	0.0048488	0.00479988	0.0063902	0.00257607	
2.61e-08	868	-0.209125	0.238403	0.948383	0.0614723	0.0473906	0.00475563	0.00577748	0.00512675	0.00190321	
2.616e-08	870	-0.327012	0.944592	0.0284548	0.0307203	0.0479347	0.005296	0.00584827	0.00548638	0.00239978	
2.622e-08	872	0.0572717	-0.675954	0.734715	0.0701174	0.0457431	0.00638766	0.00350419	0.00480589	0.00197813	
2.628e-08	874	-0.283967	0.0850974	-0.95505	0.0185328	0.0468386	0.00457594	0.00419324	0.00652622	0.00198568	
2.634e-08	876	-0.187335	-0.446891	0.874754	0.0391631	0.0421696	0.0046629	0.00236368	0.00499729	0.00191108	
2.64e-08	878	0.883318	0.333792	0.329137	0.021892	0.04401	0.00352315	0.00608513	0.00384799	0.00148895	
2.646e-08	880	-0.204171	0.635063	0.74499	0.036481	0.0546476	0.0075221	0.0057453	0.00884283	0.00372451	
2.652e-08	882	-0.423784	-0.482857	-0.766326	0.0253624	0.047377	0.00443715	0.00468406	0.00626158	0.00182675	
2.658e-08	884	0.279436	0.506491	-0.81571	0.0252522	0.0398613	0.00288925	0.00379334	0.0039631	0.00147968	
2.664e-08	886	0.834681	-0.536574	-0.124078	0.0380521	0.0421008	0.00512398	0.00456481	0.00275753	0.00191974	
2.67e-08	888	-0.500407	-0.174981	0.847923	0.0770791	0.0466325	0.00530671	0.00417889	0.00430523	0.00225123	
2.676e-08	890	0.909887	0.413326	0.0356059	0.0149081	0.0485402	0.00562934	0.00602237	0.00549611	0.00295821	
2.682e-08	892	0.83197	-0.230315	-0.504759	0.0676608	0.047451	0.00636327	0.00392607	0.00533328	0.00236644	
2.688e-08	894	0.964444	0.136534	-0.226286	0.021477	0.0469342	0.00472475	0.00348985	0.00667017	0.00196396	
2.694e-08	896	0.77884	0.18177	-0.600306	0.044165	0.0479541	0.00427089	0.00455001	0.00599067	0.00197281	
2.7e-08	898	-0.24109	0.591248	-0.769611	0.0691774	0.0456359	0.00585233	0.0041089	0.00389122	0.00236556	
2.706e-08	900	0.642208	-0.405826	-0.650288	0.0828641	0.0452973	0.00445406	0.00590519	0.00342661	0.00202623	
