#----------------------------------------------------------------------------------------------------------------------------------------------------------
# Output file for vampire simulation
#   time       : 2024-08-29 04:57:37     process id : 4008997
#   hostname   : node120.viking2.yor.alces.network
#   path       : /users/ky883/parameter/WS_dia5/AI_Dataset/size_8.0_8.0_10.0/Temp_900/random_1
#----------------------------------------------------------------------------------------------------------------------------------------------------------
6e-11	0	0.0104938	-0.0127155	0.999864	0.999921	0.999897	0	0	0	0	
1.2e-10	2	0.00214337	-0.00324353	0.999992	0.998951	0.998969	0.0633478	0.0624353	4.3672e-06	3.75458e-06	
1.8e-10	4	0.00133439	0.000758058	0.999999	0.997903	0.997937	0.0474817	0.0389539	1.18536e-05	1.07931e-05	
2.4e-10	6	-0.00323926	0.00382083	0.999987	0.996903	0.996915	0.0573986	0.0798381	1.43111e-05	1.3915e-05	
3e-10	8	-8.28131e-05	-0.00190403	0.999998	0.99588	0.995892	0.0278871	0.0406944	1.40884e-05	1.28163e-05	
3.6e-10	10	0.00523315	0.00258157	0.999983	0.994971	0.994838	0.0368676	0.0542491	2.17131e-05	2.39553e-05	
4.2e-10	12	0.00197217	-0.00212392	0.999996	0.993788	0.993779	0.0248039	0.04171	1.54068e-05	1.72261e-05	
4.8e-10	14	0.00393597	0.00269455	0.999989	0.992779	0.992797	0.0509021	0.0624675	1.84999e-05	1.46893e-05	
5.4e-10	16	0.00339223	0.00200201	0.999992	0.991492	0.99173	0.0779298	0.0388255	2.83922e-05	2.99718e-05	
6e-10	18	0.00474909	0.00988763	0.99994	0.990688	0.990695	0.0572987	0.0499751	3.90316e-05	3.49034e-05	
6.6e-10	20	-0.00156945	0.0022481	0.999996	0.989574	0.989649	0.0845678	0.0653122	3.6086e-05	3.18937e-05	
7.2e-10	22	0.00399654	0.00585676	0.999975	0.988884	0.988598	0.0524775	0.0521562	4.99843e-05	4.65512e-05	
7.8e-10	24	0.000508001	0.0058717	0.999983	0.987679	0.987583	0.0720731	0.0451516	5.41196e-05	4.57821e-05	
8.4e-10	26	0.00432228	-0.012286	0.999915	0.986641	0.986542	0.0643972	0.0571264	3.83875e-05	3.98907e-05	
9e-10	28	0.0042511	-0.00326885	0.999986	0.985609	0.985496	0.0650964	0.0436	7.18477e-05	6.51134e-05	
9.6e-10	30	0.00748962	-0.00155777	0.999971	0.984281	0.98444	0.0467359	0.0475073	5.18715e-05	5.16185e-05	
1.02e-09	32	0.000898493	0.00441613	0.99999	0.983509	0.98335	0.0600128	0.0716383	5.93075e-05	4.95737e-05	
1.08e-09	34	0.00596318	0.00212123	0.99998	0.981942	0.982298	0.0850952	0.0756356	6.1714e-05	6.54982e-05	
1.14e-09	36	-0.00174893	-0.00623058	0.999979	0.98114	0.981288	0.0213159	0.0532381	6.3561e-05	5.5464e-05	
1.2e-09	38	-0.00128406	0.000171892	0.999999	0.980008	0.980164	0.0480091	0.0507532	6.78257e-05	6.44816e-05	
1.26e-09	40	0.00354865	0.00027003	0.999994	0.978835	0.979126	0.10273	0.0561186	3.84517e-05	3.31267e-05	
1.32e-09	42	-0.00586169	-0.0141177	0.999883	0.978669	0.978184	0.0702988	0.0659155	9.82499e-05	8.42212e-05	
1.38e-09	44	-0.00796782	0.00910591	0.999927	0.977034	0.977037	0.0836048	0.0543896	0.000129983	0.000115224	
1.44e-09	46	0.00011148	-0.0115939	0.999933	0.976096	0.975967	0.0712755	0.0403238	7.99726e-05	7.27108e-05	
1.5e-09	48	0.0141192	0.00635345	0.99988	0.975176	0.974816	0.0453621	0.0424258	0.000135465	0.000137899	
1.56e-09	50	-0.00387413	-0.00709929	0.999967	0.974018	0.973864	0.0652425	0.0480911	6.85586e-05	6.02328e-05	
1.62e-09	52	-0.0177049	0.00814909	0.99981	0.972004	0.972559	0.0563682	0.0482273	8.50654e-05	7.52843e-05	
1.68e-09	54	6.67617e-05	0.00464881	0.999989	0.971759	0.971663	0.0408137	0.044535	0.000140977	0.000133001	
1.74e-09	56	0.00492802	-0.0131779	0.999901	0.970817	0.970467	0.0590904	0.0467804	0.000131069	0.000130571	
1.8e-09	58	0.00876679	-0.00326145	0.999956	0.969629	0.96964	0.0366377	0.0597101	9.0463e-05	8.45514e-05	
1.86e-09	60	0.0180101	0.00101173	0.999837	0.968086	0.968504	0.0457284	0.0376019	0.000109505	0.000100889	
1.92e-09	62	0.00519512	-0.00909763	0.999945	0.967572	0.967407	0.0480355	0.0513548	0.000136616	0.000127201	
1.98e-09	64	-0.0136995	0.00230536	0.999903	0.965716	0.966377	0.0672339	0.0703505	7.47527e-05	7.83375e-05	
2.04e-09	66	-0.00932483	0.0127691	0.999875	0.964271	0.965088	0.0444829	0.0480406	0.000195317	0.000188751	
2.1e-09	68	0.000128488	-0.0235947	0.999722	0.963676	0.964095	0.0432184	0.0716074	0.000129329	0.000132441	
2.16e-09	70	-0.0122864	-0.0162058	0.999793	0.963578	0.963092	0.0466859	0.0731785	0.000145462	0.000131247	
2.22e-09	72	-0.000449703	-0.00281717	0.999996	0.961177	0.961809	0.0310191	0.0958133	0.000217627	0.000220554	
2.28e-09	74	0.0131054	0.00991378	0.999865	0.960733	0.960841	0.0579937	0.0586677	0.000175894	0.000182482	
2.34e-09	76	0.0133407	-0.00824717	0.999877	0.959226	0.959545	0.0479848	0.0447873	0.00014715	0.000138282	
2.4e-09	78	-0.00186644	0.00249989	0.999995	0.95803	0.958615	0.0480463	0.0599798	0.000150608	0.000173523	
2.46e-09	80	0.00977674	0.0148089	0.999843	0.957505	0.957464	0.0540074	0.0577622	0.000101306	0.000112636	
2.52e-09	82	0.0157028	-0.021468	0.999646	0.956657	0.956553	0.0751218	0.0607541	0.000144491	0.000137596	
2.58e-09	84	0.015438	0.000463606	0.999881	0.955814	0.955187	0.0461225	0.0412174	0.000209426	0.000208475	
2.64e-09	86	0.00184869	-0.0153853	0.99988	0.954077	0.954259	0.0276608	0.0732224	0.000129184	0.000130345	
2.7e-09	88	-0.0137474	-0.00538378	0.999891	0.952721	0.953095	0.0461931	0.0511123	0.000171727	0.000185069	
2.76e-09	90	0.00129379	-0.0162019	0.999868	0.952362	0.952142	0.0476159	0.0422774	0.00014924	0.000141013	
2.82e-09	92	0.0186446	-0.0222688	0.999578	0.951231	0.950981	0.0475343	0.0798048	0.000177834	0.000172884	
2.88e-09	94	-0.00485463	-0.000492021	0.999988	0.950175	0.949846	0.0666692	0.058763	0.000235457	0.000187393	
2.94e-09	96	-0.00483541	-0.0113299	0.999924	0.948548	0.94877	0.0661097	0.049426	0.00017407	0.000163735	
3e-09	98	0.00636047	0.00535968	0.999965	0.946339	0.947609	0.0365411	0.0329586	0.000241297	0.000244212	
3.06e-09	100	0.00304362	-0.00368742	0.999989	0.946757	0.946403	0.0638539	0.0426502	0.000118053	0.000111126	
3.12e-09	102	0.0016926	0.0231215	0.999731	0.943726	0.945218	0.0522649	0.0591589	0.000358163	0.00032761	
3.18e-09	104	-7.62047e-05	-0.000630482	1	0.943247	0.944151	0.0410346	0.0456254	0.000274608	0.000271314	
3.24e-09	106	0.00997829	0.000366131	0.99995	0.943726	0.943126	0.0630472	0.0442859	0.000260444	0.000244805	
3.3e-09	108	-0.0107648	-0.00959645	0.999896	0.941325	0.942098	0.064642	0.0603248	0.00020254	0.000184002	
3.36e-09	110	-0.0206861	-0.000980517	0.999786	0.940747	0.940645	0.0503743	0.0402773	0.000223832	0.000233043	
3.42e-09	112	0.0173531	-0.00768122	0.99982	0.939329	0.939733	0.0473312	0.094185	0.000179756	0.000176353	
3.48e-09	114	0.00570793	0.0338911	0.999409	0.938588	0.938579	0.101937	0.066108	0.000220195	0.000203605	
3.54e-09	116	-0.00692074	0.00962407	0.99993	0.936388	0.937422	0.0714032	0.0695688	0.00037168	0.000376317	
3.6e-09	118	0.0206443	0.0154517	0.999667	0.935662	0.936338	0.0349823	0.0490091	0.000215129	0.000188748	
3.66e-09	120	0.0198038	0.000921519	0.999803	0.934599	0.935104	0.057148	0.0458903	0.000327646	0.000294334	
3.72e-09	122	-0.00791267	0.0219199	0.999728	0.934488	0.933986	0.0424859	0.0420786	0.000204626	0.000193318	
3.78e-09	124	0.00183145	-0.00585077	0.999981	0.933067	0.933025	0.0577302	0.0476871	0.000284838	0.000275174	
3.84e-09	126	0.000430194	0.0170981	0.999854	0.929638	0.931835	0.0513695	0.0726753	0.000203548	0.000221641	
3.9e-09	128	0.00821914	0.0403583	0.999151	0.928681	0.930444	0.0502567	0.0885863	0.000401956	0.000339235	
3.96e-09	130	0.00696084	0.00436485	0.999966	0.929695	0.929407	0.0282516	0.098145	0.000246422	0.000233773	
4.02e-09	132	0.00538988	-0.000795056	0.999985	0.928522	0.928324	0.039506	0.071989	0.000378318	0.000366206	
4.08e-09	134	-0.0160179	0.0127132	0.999791	0.928301	0.927144	0.0384387	0.087303	0.000509849	0.000470241	
4.14e-09	136	0.00547199	-0.00915561	0.999943	0.927022	0.926201	0.0533582	0.0349838	0.000235044	0.000224914	
4.2e-09	138	0.00765433	0.00514983	0.999957	0.92393	0.92531	0.0650738	0.0653936	0.000273452	0.000299752	
4.26e-09	140	0.00871135	-0.022628	0.999706	0.924714	0.923605	0.0473693	0.0433784	0.000378545	0.00033146	
4.32e-09	142	0.0151243	-0.00437885	0.999876	0.923658	0.922442	0.053507	0.0493988	0.000269656	0.000254889	
4.38e-09	144	-0.0304386	-0.0103191	0.999483	0.922641	0.921437	0.0632346	0.0885396	0.000401619	0.00031425	
4.44e-09	146	-0.00981407	0.0174386	0.9998	0.920391	0.920085	0.0809919	0.0648091	0.000560702	0.000504439	
4.5e-09	148	0.00619622	-0.0185302	0.999809	0.921336	0.918713	0.0498648	0.0587588	0.000304595	0.000273561	
4.56e-09	150	0.0102839	0.000127408	0.999947	0.919909	0.918292	0.0517779	0.103449	0.000248776	0.000249084	
4.62e-09	152	0.0015959	0.012512	0.99992	0.916629	0.916744	0.0767152	0.0451935	0.000352162	0.000337274	
4.68e-09	154	-0.0021995	-0.00154693	0.999996	0.916127	0.915902	0.0507499	0.0441856	0.000287268	0.000273834	
4.74e-09	156	0.0194728	-0.0236277	0.999531	0.911799	0.913774	0.0722079	0.0912959	0.000482443	0.000484362	
4.8e-09	158	0.0100024	-0.0131365	0.999864	0.913488	0.913088	0.11212	0.0362222	0.00023247	0.000201141	
4.86e-09	160	0.00810921	0.0156325	0.999845	0.910964	0.911977	0.0665112	0.055977	0.000337413	0.000307329	
4.92e-09	162	-0.00490581	-0.00153078	0.999987	0.910857	0.910774	0.0583377	0.0447559	0.000445319	0.000354206	
4.98e-09	164	0.0189935	0.029809	0.999375	0.907083	0.909091	0.058362	0.0798037	0.000429586	0.00039432	
5.04e-09	166	0.00645681	-0.00851083	0.999943	0.908736	0.908211	0.0750262	0.0630823	0.000355766	0.000310345	
5.1e-09	168	0.00889037	-0.0119208	0.999889	0.907292	0.906991	0.0548492	0.0534108	0.000430191	0.000427702	
5.16e-09	170	-0.0218992	0.00380964	0.999753	0.907536	0.90584	0.0394039	0.0525605	0.000403486	0.000421645	
5.22e-09	172	0.0209494	-0.0228202	0.99952	0.905199	0.905144	0.0455307	0.102218	0.000407453	0.000366901	
5.28e-09	174	-0.0181766	-0.0190471	0.999653	0.902295	0.903508	0.0626937	0.0767649	0.000465404	0.000394522	
5.34e-09	176	0.023584	-0.0230899	0.999455	0.901471	0.902604	0.0615756	0.0395706	0.000324068	0.000309956	
5.4e-09	178	-0.00959731	0.0211998	0.999729	0.903158	0.900798	0.093455	0.0439139	0.000657561	0.000611535	
5.46e-09	180	-0.00867193	-0.0148745	0.999852	0.902938	0.900232	0.0568418	0.0357533	0.000312817	0.000290599	
5.52e-09	182	0.00702779	0.00141245	0.999974	0.898886	0.899088	0.0548407	0.0297127	0.000359943	0.000349025	
5.58e-09	184	0.00226034	-0.0143674	0.999894	0.897041	0.897453	0.0589814	0.0545207	0.000571675	0.000528929	
5.64e-09	186	-0.00367069	0.00232724	0.999991	0.896737	0.89658	0.0324175	0.0862722	0.000639858	0.000590502	
5.7e-09	188	-0.000485512	0.0160616	0.999871	0.893048	0.894815	0.0851171	0.0491462	0.00071365	0.000677542	
5.76e-09	190	0.00627522	-0.00706908	0.999955	0.891603	0.893911	0.0483414	0.0406063	0.000419499	0.000438483	
5.82e-09	192	-0.0262499	-0.0128649	0.999573	0.893556	0.892838	0.0562858	0.0659787	0.000927974	0.000934096	
5.88e-09	194	0.0267195	0.0038908	0.999635	0.892362	0.891311	0.0542548	0.0577275	0.000338565	0.000327417	
5.94e-09	196	-0.0216889	0.0215887	0.999532	0.890815	0.890084	0.082464	0.0506343	0.000354689	0.000325596	
6e-09	198	0.00600378	0.00824766	0.999948	0.889705	0.889196	0.0626618	0.104967	0.000466369	0.000440759	
6.06e-09	200	0.0167758	0.00366367	0.999853	0.888324	0.887336	0.0650371	0.0501961	0.000468332	0.00045806	
6.12e-09	202	0.0105897	-0.0147274	0.999835	0.883321	0.886483	0.0492566	0.0958734	0.000730684	0.000729724	
6.18e-09	204	0.027602	-0.00536554	0.999605	0.886045	0.884603	0.0670044	0.0558519	0.000479715	0.000424488	
6.24e-09	206	-0.0012017	0.00574784	0.999983	0.883718	0.883949	0.0524149	0.0649607	0.000554866	0.00045763	
6.3e-09	208	0.0207301	-0.00257738	0.999782	0.885469	0.882196	0.0864604	0.0494406	0.000801321	0.000674219	
6.36e-09	210	0.0103933	0.0161509	0.999816	0.8826	0.880858	0.0514198	0.055161	0.000751603	0.000755621	
6.42e-09	212	-0.00429105	-0.031185	0.999504	0.880624	0.880157	0.0464235	0.0349743	0.00055378	0.000563592	
6.48e-09	214	0.0154337	0.00297123	0.999876	0.877641	0.879137	0.0410973	0.0210327	0.000286874	0.000296473	
6.54e-09	216	-0.0369969	0.0399792	0.998515	0.876736	0.87698	0.0690318	0.0552033	0.00051914	0.000552928	
6.6e-09	218	0.0166174	-0.00209215	0.99986	0.874906	0.876011	0.0705499	0.069291	0.00029744	0.000268663	
6.66e-09	220	-0.0144703	0.0210868	0.999673	0.873871	0.874644	0.051746	0.0548913	0.000422844	0.000428147	
6.72e-09	222	-0.01085	-0.0138878	0.999845	0.875256	0.873508	0.0567602	0.0754113	0.000354112	0.000367284	
6.78e-09	224	0.0270094	-0.00120859	0.999634	0.872577	0.872147	0.0579286	0.0605563	0.000636134	0.00067733	
6.84e-09	226	-0.02173	-0.00576781	0.999747	0.872527	0.870874	0.0640651	0.0736829	0.000735067	0.000673899	
6.9e-09	228	-0.0172059	0.0258212	0.999518	0.864813	0.869213	0.057008	0.0465482	0.000507374	0.000484279	
6.96e-09	230	0.0186235	0.000636866	0.999826	0.865668	0.868317	0.0803851	0.0528654	0.000380405	0.000411853	
7.02e-09	232	0.0307228	-0.0265054	0.999176	0.867092	0.867059	0.07027	0.0620912	0.000412097	0.000333997	
7.08e-09	234	-0.0279214	-0.0383535	0.998874	0.865416	0.865427	0.0536243	0.080601	0.000753667	0.00069651	
7.14e-09	236	0.00629417	0.00316094	0.999975	0.864049	0.864838	0.0666431	0.0775479	0.000463546	0.000442634	
7.2e-09	238	0.00123639	0.0193878	0.999811	0.863674	0.862647	0.0291267	0.0862099	0.000792173	0.000743173	
7.26e-09	240	-0.0158507	0.03	0.999424	0.861256	0.861922	0.0446765	0.0737604	0.000584571	0.000610511	
7.32e-09	242	0.0121579	0.0139201	0.999829	0.861467	0.861334	0.0339073	0.0870487	0.000593466	0.000581202	
7.38e-09	244	-0.0199745	0.0010725	0.9998	0.862256	0.859193	0.0268468	0.0339432	0.00066845	0.000699289	
7.44e-09	246	0.0151228	0.0253233	0.999565	0.858619	0.857881	0.0434211	0.0566527	0.000639954	0.000608909	
7.5e-09	248	0.0176897	0.0279065	0.999454	0.855312	0.857163	0.0714097	0.0476063	0.000393065	0.000394616	
7.56e-09	250	-0.0113011	0.00436796	0.999927	0.854934	0.855178	0.0726376	0.0969399	0.000464231	0.000507152	
7.62e-09	252	0.0154861	0.0273075	0.999507	0.857049	0.854201	0.046551	0.0628723	0.000866606	0.00090717	
7.68e-09	254	-0.0515621	-0.0405508	0.997846	0.854202	0.852726	0.0501834	0.0359403	0.000713896	0.000732532	
7.74e-09	256	-0.0205612	0.0173095	0.999639	0.852462	0.851253	0.0487638	0.0395778	0.000483797	0.000476361	
7.8e-09	258	0.00207177	-0.028377	0.999595	0.847816	0.84972	0.0477249	0.0765459	0.000722431	0.00060271	
7.86e-09	260	-0.0337704	-0.0460567	0.998368	0.847978	0.848872	0.0509112	0.0762843	0.000915765	0.000918099	
7.92e-09	262	-0.0385522	0.00319931	0.999251	0.849371	0.847979	0.0863959	0.0934407	0.000920188	0.000778586	
7.98e-09	264	-0.011172	0.00056603	0.999937	0.840531	0.845696	0.0733872	0.0750076	0.000690815	0.00067415	
8.04e-09	266	-0.0255796	-0.0179703	0.999511	0.845163	0.844514	0.0324344	0.0922075	0.00101096	0.00105755	
8.1e-09	268	-0.0428188	0.0384745	0.998342	0.84491	0.842705	0.080212	0.0869498	0.000684728	0.000591024	
8.16e-09	270	0.0343673	-0.0129474	0.999325	0.842246	0.842296	0.0693838	0.0439519	0.000608841	0.000527351	
8.22e-09	272	0.00983857	-0.026033	0.999613	0.838529	0.841012	0.0363928	0.0809628	0.000817941	0.000922036	
8.28e-09	274	-0.0384235	-0.00466832	0.999251	0.835437	0.839105	0.0729839	0.050502	0.000935374	0.000902353	
8.34e-09	276	-0.0347239	-0.00942815	0.999352	0.839877	0.837937	0.0551287	0.0363666	0.00143884	0.00136135	
8.4e-09	278	-0.013424	-0.0373412	0.999212	0.838999	0.836425	0.0741419	0.0677428	0.000863793	0.000801247	
8.46e-09	280	0.0316998	0.0122597	0.999422	0.834647	0.834307	0.0463851	0.0629455	0.00103722	0.000905714	
8.52e-09	282	-0.00649265	-0.014836	0.999869	0.837556	0.833992	0.0527441	0.0709138	0.000836419	0.000723322	
8.58e-09	284	-0.0484049	0.0578358	0.997152	0.833633	0.832133	0.0824047	0.0499123	0.000707784	0.000675482	
8.64e-09	286	-0.00993397	0.0103139	0.999897	0.831722	0.83162	0.0609777	0.0558561	0.000691049	0.000643488	
8.7e-09	288	-0.0385075	-0.0063399	0.999238	0.825483	0.829282	0.0880022	0.0337932	0.00116	0.0010324	
8.76e-09	290	0.00318476	0.0164307	0.99986	0.825912	0.827638	0.0525452	0.0749441	0.000685846	0.000590946	
8.82e-09	292	0.0042996	0.0496339	0.998758	0.826252	0.826832	0.0681656	0.0590778	0.000726028	0.000802505	
8.88e-09	294	-0.0108744	0.0335349	0.999378	0.821873	0.825186	0.0328731	0.080203	0.00108065	0.00114903	
8.94e-09	296	-0.0149824	0.0342095	0.999302	0.822497	0.824139	0.0485912	0.052186	0.00117767	0.00113367	
9e-09	298	-0.011415	0.0520676	0.998578	0.82325	0.822518	0.0967212	0.069226	0.000561333	0.000530283	
9.06e-09	300	0.00591092	-0.062865	0.998005	0.816869	0.821173	0.0428684	0.0475233	0.000996808	0.000891856	
9.12e-09	302	-0.00202846	0.0408569	0.999163	0.817703	0.819757	0.0606392	0.0919115	0.00116543	0.00108615	
9.18e-09	304	-0.0168579	-0.00445514	0.999848	0.815711	0.817969	0.048891	0.0423841	0.000667945	0.000647023	
9.24e-09	306	-0.0111522	-0.0159205	0.999811	0.812869	0.816038	0.0503266	0.0620665	0.000931068	0.000910305	
9.3e-09	308	0.026368	0.00995237	0.999603	0.813984	0.815212	0.0803293	0.0568951	0.000861708	0.000785029	
9.36e-09	310	-0.0190335	0.0364868	0.999153	0.814397	0.814021	0.0717346	0.075908	0.00131819	0.00126118	
9.42e-09	312	0.00817138	0.00434963	0.999957	0.81155	0.812603	0.0678751	0.0402783	0.000767918	0.00074676	
9.48e-09	314	0.0230496	-0.0338755	0.99916	0.811363	0.810443	0.0739213	0.069884	0.000871403	0.000746737	
9.54e-09	316	0.0283994	-0.0206496	0.999383	0.806683	0.810622	0.108405	0.0863034	0.00113225	0.00106778	
9.6e-09	318	0.0190914	0.00822871	0.999784	0.808308	0.808306	0.0569899	0.0801892	0.000627865	0.000573964	
9.66e-09	320	0.0142408	-0.00533496	0.999884	0.804108	0.805968	0.0713144	0.0689831	0.000655614	0.000726422	
9.72e-09	322	-0.0149253	-0.0298543	0.999443	0.806113	0.805205	0.0824833	0.047033	0.000780739	0.000716944	
9.78e-09	324	-0.0226287	-0.0687534	0.997377	0.808453	0.803921	0.0611556	0.0800129	0.000996449	0.00105588	
9.84e-09	326	-0.0107057	0.0132408	0.999855	0.797126	0.801988	0.0558465	0.0566606	0.0011704	0.00103775	
9.9e-09	328	-0.0357299	0.0391635	0.998594	0.802048	0.800745	0.0577241	0.0412118	0.00097902	0.00105284	
9.96e-09	330	0.0607069	0.0631032	0.996159	0.798202	0.797041	0.0913102	0.0536377	0.00116487	0.00129741	
1.002e-08	332	-0.0508539	0.0243156	0.99841	0.800221	0.797567	0.0727019	0.0620821	0.00150322	0.00139116	
1.008e-08	334	0.0390296	-0.0149626	0.999126	0.797025	0.795428	0.0533969	0.0865528	0.00123943	0.00106797	
1.014e-08	336	-0.0137288	0.019075	0.999724	0.797243	0.794247	0.0869747	0.0500138	0.00120521	0.00117213	
1.02e-08	338	-0.0210622	0.00545819	0.999763	0.794901	0.791414	0.0832032	0.0800345	0.00101681	0.000851012	
1.026e-08	340	-0.0543589	0.0517118	0.997182	0.790516	0.79155	0.0590477	0.0744592	0.00074063	0.000693594	
1.032e-08	342	0.0425603	-0.0355961	0.99846	0.792779	0.790683	0.0686768	0.0548118	0.00124849	0.00133982	
1.038e-08	344	-0.0445572	0.0455317	0.997969	0.786647	0.787203	0.0528997	0.06372	0.00133914	0.00121154	
1.044e-08	346	0.00404844	-0.038144	0.999264	0.788039	0.788241	0.0703726	0.0698436	0.00101939	0.00073412	
1.05e-08	348	0.0145456	-0.00448649	0.999884	0.780499	0.784973	0.0769836	0.0741452	0.00114535	0.00123842	
1.056e-08	350	0.0196047	0.0232909	0.999536	0.785399	0.783803	0.0823292	0.0647758	0.00129727	0.00141646	
1.062e-08	352	-0.00441697	0.0399924	0.99919	0.780949	0.782755	0.0734722	0.0773632	0.0010883	0.000930566	
1.068e-08	354	-0.0186587	0.0434539	0.998881	0.782327	0.780484	0.0749102	0.0522329	0.00122794	0.000972165	
1.074e-08	356	-0.0229688	-0.023694	0.999455	0.775195	0.779645	0.0641108	0.0617839	0.00106228	0.00111626	
1.08e-08	358	0.0294495	0.042486	0.998663	0.777939	0.777582	0.0361614	0.061917	0.0012335	0.00119169	
1.086e-08	360	-0.0156457	0.0176023	0.999723	0.772905	0.774209	0.0693526	0.0884609	0.00101265	0.000970382	
1.092e-08	362	0.00952158	0.0216765	0.99972	0.774425	0.773941	0.0591995	0.0590624	0.000986737	0.000883949	
1.098e-08	364	0.0565045	-0.0179382	0.998241	0.766025	0.772521	0.0765354	0.0667134	0.0013531	0.00140845	
1.104e-08	366	-0.0153805	0.0175709	0.999727	0.771153	0.771329	0.0922909	0.0505782	0.00193984	0.00147906	
1.11e-08	368	0.0153555	0.0261611	0.99954	0.772765	0.770177	0.0894801	0.0651115	0.00140344	0.00144353	
1.116e-08	370	-0.0132236	0.0491853	0.998702	0.762464	0.768378	0.0641016	0.0853077	0.00162658	0.00151213	
1.122e-08	372	0.0245936	0.0781689	0.996637	0.7657	0.767793	0.0689494	0.0528709	0.000968544	0.000829376	
1.128e-08	374	0.0631277	-0.0383375	0.997269	0.760873	0.765084	0.0892311	0.0672784	0.0019672	0.0017462	
1.134e-08	376	0.0491481	0.0149198	0.99868	0.756769	0.761511	0.0609654	0.0479983	0.00170474	0.00166367	
1.14e-08	378	-0.033849	-0.0100739	0.999376	0.758582	0.761302	0.0849675	0.0932783	0.00195873	0.00167695	
1.146e-08	380	-0.0832006	-0.0179598	0.996371	0.757755	0.758547	0.113398	0.0571131	0.00245635	0.00197916	
1.152e-08	382	-0.0252761	-0.0122314	0.999606	0.754301	0.758632	0.106026	0.0913084	0.00101546	0.00104528	
1.158e-08	384	-0.00298776	0.0366606	0.999323	0.756593	0.756205	0.0653257	0.0716895	0.00113963	0.0011427	
1.164e-08	386	0.031333	-0.00166437	0.999508	0.756308	0.754804	0.0571699	0.0620293	0.00111899	0.00109428	
1.17e-08	388	-0.0162667	0.0272626	0.999496	0.744248	0.75395	0.0630014	0.0725091	0.00154306	0.00158034	
1.176e-08	390	-0.0675109	-0.018578	0.997546	0.753078	0.75167	0.103738	0.0559794	0.00261864	0.00223264	
1.182e-08	392	-0.00431814	-0.00649062	0.99997	0.742179	0.750318	0.0985835	0.0937839	0.00156983	0.00165345	
1.188e-08	394	0.0274574	0.11143	0.993393	0.743724	0.747692	0.101191	0.0619945	0.00156918	0.00122268	
1.194e-08	396	0.0193875	-0.0121427	0.999738	0.745165	0.745679	0.0784375	0.0292937	0.00225789	0.00217804	
1.2e-08	398	0.0256618	-0.0287423	0.999257	0.742093	0.743472	0.0739954	0.0824533	0.00187037	0.00153539	
1.206e-08	400	-0.0249326	-0.0207229	0.999474	0.7497	0.743693	0.0545249	0.051754	0.00196731	0.00207598	
1.212e-08	402	0.00560317	-0.0451093	0.998966	0.741292	0.742332	0.0565697	0.0676065	0.00139062	0.00145055	
1.218e-08	404	0.0198175	-0.017002	0.999659	0.735661	0.73859	0.0571852	0.0501039	0.00103599	0.00120451	
1.224e-08	406	-0.0149796	0.0200663	0.999686	0.73574	0.738194	0.0684969	0.0728956	0.00127845	0.00108909	
1.23e-08	408	-0.0233527	-0.0270282	0.999362	0.734839	0.734312	0.060072	0.07982	0.00195504	0.0018012	
1.236e-08	410	-0.0432283	0.0450396	0.998049	0.725899	0.73239	0.0578065	0.0775965	0.00125465	0.00127583	
1.242e-08	412	-0.00327709	-0.0399344	0.999197	0.7296	0.731787	0.129339	0.0956069	0.00129887	0.00113983	
1.248e-08	414	0.0525314	0.0132783	0.998531	0.726018	0.728332	0.0473468	0.0695617	0.00168147	0.00165554	
1.254e-08	416	-0.0460007	0.0519428	0.99759	0.733088	0.728808	0.112671	0.083406	0.00295955	0.00253091	
1.26e-08	418	-0.0375023	-0.0489779	0.998096	0.727499	0.724376	0.09935	0.0893684	0.00142945	0.0010725	
1.266e-08	420	0.0269243	0.00532483	0.999623	0.733476	0.724315	0.100695	0.0874331	0.00145953	0.00118761	
1.272e-08	422	0.0186403	0.0435042	0.998879	0.725961	0.721862	0.0649737	0.0814185	0.00161747	0.00171519	
1.278e-08	424	0.00545054	-0.00401546	0.999977	0.717566	0.72176	0.0768486	0.0719722	0.00209096	0.00179167	
1.284e-08	426	0.023408	-0.0085127	0.99969	0.721843	0.719954	0.106364	0.0639075	0.00184021	0.00174577	
1.29e-08	428	0.0145872	0.0549019	0.998385	0.725259	0.717839	0.0821812	0.0860894	0.00120383	0.00119341	
1.296e-08	430	-0.0145237	-0.00939373	0.99985	0.709975	0.716308	0.09963	0.0601581	0.00208152	0.00161692	
1.302e-08	432	0.0179714	0.0148368	0.999728	0.711543	0.712837	0.133406	0.0543912	0.0016452	0.00149755	
1.308e-08	434	0.0198271	0.0249975	0.999491	0.713892	0.711395	0.06839	0.0564787	0.00100784	0.000926243	
1.314e-08	436	-0.00263168	0.00764285	0.999967	0.701208	0.709701	0.0827909	0.0647872	0.00260695	0.00247671	
1.32e-08	438	0.0269699	0.0477431	0.998495	0.703834	0.706982	0.0873156	0.0612065	0.00237804	0.00205745	
1.326e-08	440	-0.00324446	-0.0456416	0.998953	0.703311	0.707287	0.0852639	0.0632199	0.00155082	0.00176206	
1.332e-08	442	-0.0238516	0.00356226	0.999709	0.704332	0.704156	0.0474078	0.0714218	0.00402609	0.00374057	
1.338e-08	444	0.0416125	0.00277059	0.99913	0.701363	0.699497	0.0881643	0.0883818	0.00156562	0.00138678	
1.344e-08	446	0.0716604	0.0237989	0.997145	0.69741	0.699079	0.0763048	0.0897691	0.00212638	0.0022056	
1.35e-08	448	0.0559816	-0.0291672	0.998006	0.699564	0.697175	0.101989	0.0835087	0.0018072	0.00219121	
1.356e-08	450	-0.00438303	0.0366988	0.999317	0.6899	0.694859	0.0795523	0.0793996	0.00210888	0.00203004	
1.362e-08	452	0.0552289	0.0407635	0.997641	0.699848	0.692926	0.0745578	0.0594694	0.00328442	0.0029483	
1.368e-08	454	0.0164787	0.0210504	0.999643	0.693956	0.692833	0.0902829	0.0636193	0.00166979	0.00132165	
1.374e-08	456	0.023088	-0.0122727	0.999658	0.691519	0.687561	0.0642331	0.0750218	0.00279695	0.00277064	
1.38e-08	458	-0.0432624	-0.0319106	0.998554	0.68341	0.690573	0.0722463	0.0578911	0.00161898	0.00123964	
1.386e-08	460	0.0560763	0.041733	0.997554	0.682512	0.685692	0.0765199	0.064883	0.00269619	0.00211132	
1.392e-08	462	0.025534	-0.0751564	0.996845	0.683835	0.682151	0.0683641	0.112585	0.0026412	0.00271708	
1.398e-08	464	0.0525559	-0.00339358	0.998612	0.688331	0.680805	0.0845344	0.0623307	0.00253451	0.00224787	
1.404e-08	466	0.0400283	-0.00838102	0.999163	0.671542	0.67758	0.0701579	0.0960737	0.00147212	0.00125475	
1.41e-08	468	0.0764482	0.077234	0.994078	0.677298	0.676716	0.11528	0.0764567	0.00156342	0.00152694	
1.416e-08	470	0.0707077	0.0264766	0.997146	0.681445	0.675639	0.0801154	0.0912737	0.00334558	0.00305441	
1.422e-08	472	-0.0234817	-0.00292086	0.99972	0.67362	0.676067	0.0743268	0.0372053	0.00237852	0.00232397	
1.428e-08	474	0.051044	0.0739883	0.995952	0.672616	0.671125	0.110137	0.0811241	0.00144626	0.00170172	
1.434e-08	476	0.00521086	0.00786295	0.999956	0.67601	0.669819	0.0382466	0.097138	0.00336073	0.00311971	
1.44e-08	478	-0.0396861	0.0687288	0.996846	0.672915	0.667629	0.0529439	0.0927248	0.00394728	0.003682	
1.446e-08	480	0.0393522	0.0625213	0.997268	0.670979	0.664287	0.0656613	0.0506501	0.0026601	0.00237192	
1.452e-08	482	0.0572988	0.033616	0.997791	0.661726	0.662722	0.0773874	0.0546951	0.00301927	0.00266159	
1.458e-08	484	0.00154095	-0.0398912	0.999203	0.652582	0.661121	0.0606632	0.0445085	0.00172792	0.0018135	
1.464e-08	486	-0.0226123	-0.0348192	0.999138	0.65635	0.659612	0.0542056	0.0871349	0.00308519	0.00282545	
1.47e-08	488	0.0113785	-0.0515779	0.998604	0.661789	0.65513	0.103599	0.0570842	0.00272338	0.00251266	
1.476e-08	490	-0.00967584	-0.0237787	0.99967	0.655505	0.652833	0.0408068	0.0812496	0.00314709	0.00321643	
1.482e-08	492	0.0224248	-0.0448189	0.998743	0.651371	0.650648	0.112465	0.0865058	0.00180979	0.00144044	
1.488e-08	494	-0.0438099	0.0598966	0.997243	0.650992	0.647732	0.177465	0.111607	0.00468427	0.00331078	
1.494e-08	496	0.0400514	-0.0687497	0.99683	0.668248	0.646913	0.0976455	0.0699368	0.00464531	0.00461551	
1.5e-08	498	0.00132443	-0.00894739	0.999959	0.660842	0.645083	0.0784008	0.0919332	0.00381303	0.00297287	
1.506e-08	500	0.0350279	-0.00174861	0.999385	0.638141	0.643747	0.106197	0.0509236	0.00270308	0.00238601	
1.512e-08	502	-0.0224823	-0.023396	0.999473	0.628484	0.640325	0.0489896	0.0866673	0.0018621	0.00192122	
1.518e-08	504	-0.0223024	-0.077867	0.996714	0.635848	0.638498	0.0713717	0.11225	0.00620073	0.00560753	
1.524e-08	506	-0.0682544	0.00263182	0.997664	0.629641	0.635814	0.134485	0.0746247	0.003229	0.00351619	
1.53e-08	508	0.00228008	-0.0624612	0.998045	0.640138	0.633628	0.0632524	0.0885087	0.00224653	0.00192638	
1.536e-08	510	0.0425755	-0.0671113	0.996837	0.636427	0.633523	0.112465	0.0723888	0.00435007	0.00376468	
1.542e-08	512	0.0323852	-0.0393667	0.9987	0.61561	0.627029	0.114024	0.0715561	0.00309195	0.00247905	
1.548e-08	514	0.0492513	0.0729649	0.996118	0.625709	0.625041	0.0864971	0.0988467	0.00200078	0.00187482	
1.554e-08	516	-0.0944843	0.0162514	0.995394	0.612819	0.623618	0.0982324	0.101583	0.00470538	0.0043005	
1.56e-08	518	0.0588344	0.0161145	0.998138	0.623043	0.620238	0.0888779	0.102923	0.0025689	0.00235564	
1.566e-08	520	-0.0442433	0.0198035	0.998824	0.619944	0.619841	0.0485239	0.0811161	0.00265084	0.00279191	
1.572e-08	522	0.0261455	-0.0144057	0.999554	0.61917	0.614907	0.0554104	0.0712471	0.00382829	0.00373003	
1.578e-08	524	-0.0633848	0.0415221	0.997125	0.618735	0.611685	0.0970983	0.0745745	0.00502518	0.00435996	
1.584e-08	526	-0.0317049	-0.00594261	0.99948	0.616521	0.610387	0.121908	0.0882772	0.00435218	0.00348202	
1.59e-08	528	0.0549697	0.0326224	0.997955	0.605111	0.605978	0.0881861	0.0967471	0.00480622	0.00398365	
1.596e-08	530	0.125258	0.0743437	0.989335	0.593161	0.603547	0.122393	0.0697698	0.00387807	0.00327235	
1.602e-08	532	-0.0356088	-0.0426105	0.998457	0.594595	0.601932	0.0697639	0.0724601	0.00335587	0.00356128	
1.608e-08	534	0.0368502	0.0823819	0.995919	0.594447	0.599361	0.0715354	0.0667885	0.00280465	0.00277836	
1.614e-08	536	0.0143747	-0.00223932	0.999894	0.596461	0.598303	0.0933888	0.0679299	0.00228292	0.0023164	
1.62e-08	538	0.0420771	0.0353655	0.998488	0.597435	0.593265	0.0724609	0.0832568	0.00320875	0.0024203	
1.626e-08	540	-0.00828446	-0.00113687	0.999965	0.60143	0.590927	0.0499035	0.126514	0.00400125	0.00348227	
1.632e-08	542	-0.0193697	-0.000296319	0.999812	0.588675	0.590173	0.0888775	0.0770114	0.00435608	0.00357621	
1.638e-08	544	-0.0349863	-0.00221812	0.999385	0.569538	0.583849	0.0966604	0.0525403	0.00425962	0.00398633	
1.644e-08	546	0.0115828	-0.0124801	0.999855	0.571422	0.579902	0.126592	0.111528	0.0055185	0.00553037	
1.65e-08	548	0.0560343	0.0607799	0.996577	0.58496	0.582082	0.0752224	0.0979359	0.00407693	0.00388766	
1.656e-08	550	-0.0553243	-0.139806	0.988632	0.568594	0.577119	0.0614934	0.0823221	0.0072698	0.00681625	
1.662e-08	552	-0.118477	-0.0303476	0.992493	0.566702	0.573216	0.098858	0.0698959	0.0038632	0.00328695	
1.668e-08	554	-0.0954466	-0.0194753	0.995244	0.577281	0.573456	0.107573	0.111725	0.00585808	0.00550631	
1.674e-08	556	-0.0812061	-0.042544	0.995789	0.570535	0.569597	0.0991861	0.0914321	0.00430541	0.00273221	
1.68e-08	558	0.137251	0.0106541	0.990479	0.573609	0.566903	0.138872	0.0987322	0.00324523	0.00279768	
1.686e-08	560	-0.108535	0.0666114	0.991858	0.544373	0.560152	0.104261	0.0641498	0.00572175	0.00485533	
1.692e-08	562	0.0540151	0.0637134	0.996505	0.539659	0.557325	0.0726685	0.0710818	0.00536601	0.00500533	
1.698e-08	564	-0.000127736	0.0622051	0.998063	0.555397	0.555272	0.0602076	0.0681121	0.00709018	0.00694799	
1.704e-08	566	-0.0543239	0.00585633	0.998506	0.557506	0.553751	0.0828722	0.0915059	0.00474452	0.00415656	
1.71e-08	568	-0.0716032	-0.0124459	0.997356	0.540055	0.549325	0.0665011	0.124546	0.00517344	0.00439025	
1.716e-08	570	0.112337	-0.0142079	0.993569	0.550509	0.5494	0.0818357	0.0498687	0.00444597	0.00423492	
1.722e-08	572	0.00574682	0.0803357	0.996751	0.527878	0.540613	0.0762198	0.0713061	0.00547829	0.0047453	
1.728e-08	574	0.0499727	-0.0876069	0.994901	0.530699	0.540244	0.138102	0.139502	0.00673896	0.00631737	
1.734e-08	576	-0.0452175	0.0400712	0.998173	0.523596	0.536365	0.0828477	0.100723	0.0050381	0.00553841	
1.74e-08	578	-0.00164665	0.01529	0.999882	0.531298	0.534621	0.0830005	0.101242	0.00858881	0.00683778	
1.746e-08	580	-0.0896401	-0.0959569	0.991341	0.514234	0.530449	0.0912035	0.0810953	0.00461044	0.00419369	
1.752e-08	582	0.06551	0.0235785	0.997573	0.52817	0.529634	0.0745985	0.0874132	0.00656659	0.00613158	
1.758e-08	584	-0.00916854	0.021672	0.999723	0.515735	0.51926	0.0762261	0.0745623	0.00629584	0.00620222	
1.764e-08	586	0.00688663	-0.100561	0.994907	0.52339	0.517518	0.0876861	0.0791385	0.00714729	0.00551206	
1.77e-08	588	-0.00266632	0.0174936	0.999843	0.52216	0.517746	0.0881241	0.122482	0.00452936	0.00396202	
1.776e-08	590	0.0165041	0.00717012	0.999838	0.49171	0.511783	0.0784351	0.134606	0.00718556	0.00688989	
1.782e-08	592	-0.0334281	-0.0369665	0.998757	0.507127	0.508191	0.0788517	0.0841359	0.00525277	0.00547887	
1.788e-08	594	-0.00948307	0.0984291	0.995099	0.51045	0.505608	0.0703346	0.0914915	0.00871905	0.00884922	
1.794e-08	596	-0.00129405	-0.00658032	0.999978	0.51295	0.505428	0.0617296	0.110839	0.00477192	0.00392445	
1.8e-08	598	-0.118998	0.159971	0.979923	0.490403	0.494744	0.0750082	0.0717674	0.00726947	0.00649937	
1.806e-08	600	-0.119107	0.0648796	0.990759	0.488486	0.491544	0.0693296	0.0826805	0.00729962	0.00633083	
1.812e-08	602	-0.137073	-0.0116166	0.990493	0.488388	0.488506	0.0971896	0.0521508	0.00848914	0.00878706	
1.818e-08	604	-0.124683	-0.0137133	0.992102	0.482592	0.487414	0.0923155	0.0658029	0.00991421	0.00728462	
1.824e-08	606	-0.00953698	0.158791	0.987266	0.476625	0.478996	0.0948515	0.0977496	0.00979031	0.00952988	
1.83e-08	608	0.164801	0.0822212	0.982894	0.466991	0.472524	0.0811059	0.115525	0.0131387	0.00940282	
1.836e-08	610	-0.00463355	-0.122705	0.992432	0.48378	0.473289	0.0898105	0.0925005	0.0090962	0.00810969	
1.842e-08	612	-0.0473246	-0.0169992	0.998735	0.455257	0.466737	0.109618	0.0866203	0.00742886	0.00627547	
1.848e-08	614	0.0648408	0.00128996	0.997895	0.474993	0.461285	0.0879571	0.0803996	0.0113056	0.00964445	
1.854e-08	616	0.0214676	0.0155208	0.999649	0.46783	0.460621	0.0558766	0.0814106	0.00901501	0.00963196	
1.86e-08	618	0.125794	0.116177	0.98523	0.46931	0.455817	0.0777875	0.0763992	0.0120822	0.0129163	
1.866e-08	620	-0.124446	0.0382107	0.99149	0.461309	0.453122	0.133632	0.0931366	0.0105524	0.0109537	
1.872e-08	622	0.116336	-0.0313885	0.992714	0.454725	0.450199	0.0878051	0.126641	0.0173582	0.0156877	
1.878e-08	624	0.20683	0.0798292	0.975115	0.450764	0.444096	0.0936459	0.102128	0.00997944	0.00821981	
1.884e-08	626	-0.0809672	-0.0427416	0.9958	0.425409	0.438428	0.0580871	0.0803776	0.00911985	0.00900435	
1.89e-08	628	-0.00655433	0.12976	0.991524	0.421492	0.429037	0.0974644	0.0853534	0.0156612	0.0139464	
1.896e-08	630	-0.0794502	0.179097	0.980618	0.397305	0.430814	0.0543642	0.0696607	0.0113874	0.0099544	
1.902e-08	632	-0.106489	0.0243195	0.994016	0.388966	0.42083	0.0763303	0.0598015	0.015212	0.0139272	
1.908e-08	634	-0.204497	-0.0480873	0.977685	0.431265	0.424331	0.12286	0.0521047	0.00797532	0.00714145	
1.914e-08	636	0.0284233	-0.0971186	0.994867	0.420522	0.41415	0.0943743	0.0933718	0.0112417	0.0109812	
1.92e-08	638	0.0619663	-0.0778616	0.995037	0.406005	0.40343	0.073568	0.0723575	0.0183441	0.0155349	
1.926e-08	640	-0.150178	-0.0791092	0.985489	0.408322	0.401041	0.0747193	0.10913	0.0101725	0.010707	
1.932e-08	642	0.177078	0.00457259	0.984186	0.425937	0.397012	0.0918225	0.0584081	0.0159557	0.0161051	
1.938e-08	644	-0.12251	0.0227228	0.992207	0.385466	0.392628	0.115612	0.100652	0.0160486	0.0147434	
1.944e-08	646	-0.196063	0.124337	0.972677	0.384945	0.384373	0.115972	0.136981	0.0162139	0.0122324	
1.95e-08	648	0.159245	-0.124775	0.979322	0.38501	0.388114	0.0590054	0.114684	0.0142871	0.0106386	
1.956e-08	650	-0.178044	0.045781	0.982957	0.377517	0.376484	0.108477	0.0732143	0.0193437	0.0185273	
1.962e-08	652	0.0494966	-0.058147	0.99708	0.359294	0.367265	0.0574783	0.0627146	0.00817671	0.00811716	
1.968e-08	654	-0.0418949	-0.0542387	0.997649	0.364119	0.354248	0.119138	0.142072	0.0279354	0.0283408	
1.974e-08	656	0.298729	-0.187282	0.935781	0.353166	0.353522	0.118155	0.0814736	0.0193367	0.0157587	
1.98e-08	658	-0.230332	0.0145048	0.973004	0.332525	0.349424	0.130533	0.0917661	0.0183396	0.014065	
1.986e-08	660	-0.0177755	0.24332	0.969783	0.351098	0.340836	0.126899	0.0912456	0.0208877	0.0188689	
1.992e-08	662	0.0789235	-0.051596	0.995545	0.341141	0.33232	0.0938393	0.073633	0.0275549	0.0266433	
1.998e-08	664	-0.115666	-0.107808	0.98742	0.331086	0.327938	0.101235	0.081861	0.0289022	0.0229722	
2.004e-08	666	-0.0585976	-0.0213087	0.998054	0.310202	0.323832	0.0691543	0.0695767	0.021477	0.0183624	
2.01e-08	668	-0.0245682	0.0231593	0.99943	0.303031	0.322161	0.104182	0.066701	0.0274223	0.0218018	
2.016e-08	670	0.0768007	-0.0942109	0.992585	0.284492	0.313927	0.0921654	0.0858994	0.0188434	0.0201475	
2.022e-08	672	0.0768873	0.0341063	0.996456	0.295719	0.299689	0.102781	0.0626394	0.0332876	0.0323911	
2.028e-08	674	-0.169136	0.157222	0.972972	0.302523	0.292991	0.104357	0.0997085	0.0241131	0.0239092	
2.034e-08	676	-0.0659327	-0.012889	0.997741	0.274225	0.274273	0.088369	0.123029	0.0336678	0.0242653	
2.04e-08	678	-0.0408733	0.466113	0.88378	0.254957	0.277869	0.0946145	0.0998469	0.0369158	0.0301299	
2.046e-08	680	0.14438	-0.145415	0.978779	0.262048	0.262341	0.08983	0.126168	0.0447667	0.0363934	
2.052e-08	682	0.0780122	-0.0253056	0.996631	0.253612	0.257963	0.0906835	0.150274	0.0839965	0.0539545	
2.058e-08	684	0.146303	0.11787	0.982192	0.262538	0.251891	0.131868	0.0977704	0.0590539	0.053732	
2.064e-08	686	0.0782126	-0.276919	0.957705	0.208772	0.231815	0.121044	0.102914	0.0421402	0.03186	
2.07e-08	688	-0.0363674	-0.321376	0.946253	0.222184	0.213086	0.141981	0.12567	0.185186	0.11184	
2.076e-08	690	-0.179349	-0.261963	0.948267	0.182908	0.226286	0.0686345	0.122057	0.0707295	0.0670304	
2.082e-08	692	0.0698123	0.122023	0.990069	0.209572	0.208313	0.0859389	0.109491	0.0266413	0.0184721	
2.088e-08	694	-0.0545466	0.154766	0.986444	0.217655	0.188565	0.121219	0.168019	0.101438	0.0632057	
2.094e-08	696	0.199071	0.0104671	0.979929	0.0743017	0.179319	0.109582	0.117045	0.0986397	0.0846427	
2.1e-08	698	0.0250863	-0.19009	0.981446	0.157871	0.145709	0.0564426	0.126302	1.0037	0.0832424	
2.106e-08	700	-0.0249337	-0.181119	-0.983145	0.150107	0.15923	0.101974	0.101215	0.110167	0.0891989	
2.112e-08	702	-0.536271	-0.182197	-0.824147	0.0982062	0.0988154	0.0811674	0.079207	0.329371	0.0520378	
2.118e-08	704	-0.0115848	-0.232346	-0.972564	0.122366	0.111023	0.0886604	0.118998	0.271111	0.105721	
2.124e-08	706	0.00934398	-0.120469	0.992673	0.159759	0.120967	0.104238	0.119612	0.502508	0.0773768	
2.13e-08	708	0.0728013	-0.748704	0.658895	0.111623	0.0850388	0.0998804	0.114093	0.199919	0.0676479	
2.136e-08	710	0.58505	-0.269488	-0.764913	0.118916	0.100592	0.0886177	0.070942	0.244536	0.0512509	
2.142e-08	712	-0.0573687	0.16299	0.984958	0.0627207	0.0873471	0.127963	0.0507185	0.265815	0.062515	
2.148e-08	714	0.638462	-0.390598	-0.663174	0.0523763	0.0716665	0.0491194	0.0636662	0.206462	0.0540366	
2.154e-08	716	-0.480297	-0.294159	-0.826308	0.0622895	0.0739622	0.0423384	0.0743187	0.227827	0.0641004	
2.16e-08	718	-0.192187	-0.959192	-0.207399	0.0644834	0.0751816	0.0891846	0.0709251	0.16613	0.0552837	
2.166e-08	720	0.256051	0.592344	-0.763915	0.0662067	0.0700657	0.0403385	0.0687265	0.200968	0.0567494	
2.172e-08	722	-0.851822	0.0402664	0.522281	0.0441854	0.0599808	0.0474168	0.0477709	0.119626	0.031339	
2.178e-08	724	-0.470255	-0.627948	-0.620114	0.0404396	0.0556189	0.0355573	0.0452909	0.116056	0.0368574	
2.184e-08	726	-0.817257	0.218922	-0.533071	0.0299898	0.0548332	0.0463542	0.0420592	0.0938713	0.026864	
2.19e-08	728	-0.405587	0.420511	-0.811585	0.0687426	0.0594545	0.0571172	0.0574898	0.0863617	0.0209949	
2.196e-08	730	0.562334	0.207059	0.800567	0.0316703	0.0474213	0.0454185	0.0383004	0.0523371	0.0209363	
2.202e-08	732	-0.0479929	0.113667	-0.992359	0.0516793	0.0563895	0.0450792	0.0526692	0.0824648	0.0190585	
2.208e-08	734	0.207476	-0.442809	0.872281	0.0599006	0.0422118	0.0319026	0.0330494	0.034668	0.01192	
2.214e-08	736	0.112378	0.987579	-0.109809	0.0397055	0.0429332	0.0299928	0.0295945	0.0467248	0.0187755	
2.22e-08	738	0.41503	0.780388	0.467701	0.0491961	0.0475771	0.0199749	0.0412535	0.0777381	0.0287003	
2.226e-08	740	-0.777092	0.543622	-0.31718	0.0381782	0.0457217	0.0338822	0.0399958	0.050962	0.0194462	
2.232e-08	742	0.54335	0.681447	0.490306	0.0162981	0.0409473	0.0321931	0.0236568	0.037349	0.0129758	
2.238e-08	744	-0.294472	0.221274	-0.92969	0.0398453	0.0409761	0.0234246	0.0282796	0.0463744	0.015119	
2.244e-08	746	0.144498	0.953962	0.262824	0.0715157	0.0391234	0.0202227	0.0403404	0.0357223	0.0212418	
2.25e-08	748	-0.607007	0.793753	0.0387136	0.0427655	0.038961	0.0302714	0.0210461	0.0369337	0.0131197	
2.256e-08	750	-0.174551	-0.205162	-0.963037	0.0356897	0.0403212	0.0348542	0.017589	0.0368638	0.0124906	
2.262e-08	752	-0.1016	-0.978807	0.177803	0.0277103	0.0398834	0.0264701	0.0213403	0.0405085	0.0105403	
2.268e-08	754	-0.0303127	-0.939762	0.340483	0.0176404	0.0412365	0.0363126	0.0348632	0.0255908	0.0130611	
2.274e-08	756	-0.172717	0.144574	-0.974303	0.0603768	0.0375606	0.0184566	0.0209602	0.0366242	0.00712418	
2.28e-08	758	0.581807	-0.425816	0.692952	0.0321012	0.0338295	0.0218269	0.0214378	0.0208171	0.00947787	
2.286e-08	760	-0.957754	-0.174653	-0.228479	0.0437634	0.0362938	0.0329748	0.020854	0.0293944	0.0184548	
2.292e-08	762	-0.770025	-0.135823	-0.623388	0.0323973	0.0325487	0.0189991	0.0172977	0.0269516	0.0106628	
2.298e-08	764	0.707553	0.678285	0.198235	0.0392089	0.0371093	0.0186772	0.0257208	0.0303608	0.00880312	
2.304e-08	766	-0.530315	0.564506	-0.632533	0.0330983	0.0333419	0.0147345	0.0166282	0.0306831	0.00913176	
2.31e-08	768	0.596267	-0.366027	-0.714486	0.0170747	0.0330978	0.0211332	0.0181995	0.0221367	0.00868694	
2.316e-08	770	0.890401	-0.360908	-0.277365	0.00661078	0.0293147	0.0145567	0.0142545	0.0221751	0.00936646	
2.322e-08	772	0.132475	-0.930583	-0.34127	0.00863626	0.0311024	0.0160156	0.0224995	0.0127131	0.0070639	
2.328e-08	774	-0.413552	0.430189	0.802441	0.0415906	0.0304035	0.0102716	0.0193786	0.021605	0.00802561	
2.334e-08	776	-0.43216	-0.277608	-0.858004	0.0531014	0.032279	0.0100653	0.0173209	0.0289592	0.00905943	
2.34e-08	778	-0.0609476	-0.566109	-0.822075	0.0522025	0.0294772	0.0132716	0.0139081	0.020879	0.00776173	
2.346e-08	780	0.572677	0.505995	-0.644988	0.0522497	0.0327293	0.0231445	0.011127	0.0250988	0.0106581	
2.352e-08	782	0.515479	0.852335	0.0883556	0.0238906	0.022667	0.00568268	0.00884095	0.018042	0.00846404	
2.358e-08	784	0.550773	-0.10045	-0.828588	0.0762381	0.0305897	0.013933	0.0116807	0.0308684	0.0130206	
2.364e-08	786	-0.763172	-0.411508	0.498227	0.0287395	0.0329009	0.0186153	0.0182417	0.0195497	0.00739272	
2.37e-08	788	0.0964268	0.534186	-0.83985	0.0264573	0.0320385	0.0163652	0.0153181	0.0260991	0.0121474	
2.376e-08	790	-0.355216	0.883999	0.30392	0.0310201	0.029021	0.0183326	0.0111827	0.0183341	0.00776243	
2.382e-08	792	0.239276	0.756795	0.608283	0.0198124	0.0286929	0.0198451	0.0108824	0.0157764	0.00851399	
2.388e-08	794	0.283663	0.909744	-0.303152	0.0165314	0.0296933	0.0145317	0.0146973	0.0193334	0.00667141	
2.394e-08	796	-0.551861	0.604423	-0.574563	0.0255716	0.0260429	0.012716	0.0105288	0.0132866	0.00466669	
2.4e-08	798	-0.788976	0.570924	-0.227076	0.0334369	0.0274128	0.010469	0.0128129	0.0160023	0.00504566	
2.406e-08	800	0.80075	0.499747	-0.33023	0.0155605	0.0229945	0.0100937	0.00681161	0.0108485	0.00282395	
2.412e-08	802	-0.123039	0.370543	-0.92063	0.0218688	0.0284268	0.0166989	0.0164073	0.0102408	0.00571292	
2.418e-08	804	-0.966659	0.181687	0.180443	0.0239758	0.0275707	0.011053	0.0127842	0.0134073	0.00385852	
2.424e-08	806	0.239165	0.341838	-0.908816	0.040104	0.0241211	0.00871527	0.00929341	0.0134884	0.00450409	
2.43e-08	808	0.945154	0.0978134	0.311634	0.0175166	0.0267641	0.012346	0.0113642	0.0149056	0.0063097	
2.436e-08	810	-0.831364	-0.543463	-0.116108	0.0235193	0.0235513	0.0113706	0.00947515	0.00760328	0.00351075	
2.442e-08	812	-0.133563	-0.194386	-0.97179	0.0139802	0.0238569	0.00785266	0.010696	0.0115961	0.0047709	
2.448e-08	814	0.181212	0.365141	-0.913145	0.0152374	0.0298045	0.0167647	0.0141091	0.0167442	0.00688009	
2.454e-08	816	-0.535629	0.518816	0.666282	0.0144797	0.0251626	0.00836323	0.0110804	0.014157	0.00454683	
2.46e-08	818	0.562635	-0.0572773	0.824719	0.0358528	0.0214186	0.0104473	0.00672446	0.00613943	0.00408901	
2.466e-08	820	0.878521	0.0512808	-0.474944	0.0209094	0.0230598	0.0165284	0.00808771	0.00602421	0.00652149	
2.472e-08	822	-0.149926	-0.184583	0.971314	0.0137202	0.0277907	0.0151223	0.00996834	0.0135783	0.00398806	
2.478e-08	824	0.989442	0.0106605	0.144535	0.0337535	0.0263794	0.0114887	0.00784443	0.014097	0.00355914	
2.484e-08	826	-0.506059	0.211884	-0.836068	0.0139888	0.0237393	0.00858559	0.0091691	0.0132783	0.0056163	
2.49e-08	828	-0.224222	0.0816436	0.971112	0.0265507	0.0233332	0.00786797	0.00605544	0.0143694	0.00484165	
2.496e-08	830	0.322138	-0.181243	-0.929181	0.0312198	0.0242417	0.00924598	0.0113965	0.0084167	0.00401811	
2.502e-08	832	-0.702908	0.151052	-0.695056	0.026286	0.0202081	0.00732869	0.00700071	0.00743627	0.00428941	
2.508e-08	834	0.901667	0.0983359	0.421101	0.0206391	0.0217703	0.00919798	0.00857069	0.005879	0.00363306	
2.514e-08	836	-0.573013	-0.767168	-0.288287	0.0422961	0.022636	0.00647163	0.00906503	0.0106859	0.0041386	
2.52e-08	838	-0.520894	-0.143987	0.84139	0.0186709	0.0214699	0.00588537	0.00709059	0.00950641	0.00237625	
2.526e-08	840	0.753426	-0.625504	0.202719	0.0143735	0.0230444	0.0125703	0.00708498	0.00657128	0.00431643	
2.532e-08	842	-0.142049	-0.768439	0.623958	0.0183738	0.023336	0.0113728	0.0100662	0.00908182	0.00634698	
2.538e-08	844	-0.0342278	-0.958293	-0.283732	0.0287729	0.0210623	0.00659828	0.00882761	0.00544363	0.00294314	
2.544e-08	846	-0.175577	-0.356002	-0.917843	0.0229198	0.0218834	0.00938912	0.00709884	0.00854309	0.00413285	
2.55e-08	848	-0.0342281	-0.932615	-0.359245	0.0108832	0.0208075	0.00427224	0.00997441	0.00833066	0.00389162	
2.556e-08	850	0.531555	-0.759955	0.374055	0.0150011	0.0194249	0.00616021	0.00684233	0.00680757	0.00297359	
2.562e-08	852	-0.986349	0.122871	-0.109624	0.00577518	0.0164146	0.0025959	0.00445124	0.00474292	0.00200208	
2.568e-08	854	0.903809	0.347405	0.249877	0.00919398	0.0203184	0.00987375	0.00535322	0.0055539	0.0028097	
2.574e-08	856	0.0786801	0.436196	-0.896405	0.0211348	0.0240549	0.00948602	0.0096469	0.00828956	0.00258618	
2.58e-08	858	-0.0403778	-0.971596	0.233174	0.0221063	0.0202339	0.00761361	0.00678647	0.00659287	0.00408501	
2.586e-08	860	-0.0358972	0.34674	-0.937274	0.0104676	0.023571	0.00660592	0.00962385	0.0114202	0.00331114	
2.592e-08	862	0.792125	-0.519259	-0.320793	0.0214328	0.0207762	0.00506215	0.00722776	0.00926279	0.00256384	
2.598e-08	864	-0.127919	0.790499	-0.598956	0.0109059	0.0208105	0.00471826	0.0069854	0.0086035	0.0024607	
2.604e-08	866	-0.323731	0.886769	0.329907	0.0199394	0.0210226	0.00575145	0.00561413	0.0108387	0.00291668	
2.61e-08	868	0.459273	0.88449	-0.0821362	0.0198516	0.0201625	0.00584822	0.00486792	0.00822716	0.00177424	
2.616e-08	870	0.113533	0.422636	-0.89916	0.0114883	0.0220403	0.00887287	0.00796846	0.00635744	0.00392099	
2.622e-08	872	-0.162644	-0.363492	-0.91729	0.0125133	0.0239355	0.00788665	0.00892125	0.0112489	0.00335789	
2.628e-08	874	0.269574	0.90988	-0.315354	0.0172113	0.0206169	0.00932747	0.00690506	0.00528155	0.0032503	
2.634e-08	876	-0.251891	-0.535698	-0.805965	0.0253189	0.021352	0.00729638	0.00711511	0.00936596	0.00406779	
2.64e-08	878	-0.752398	-0.212332	-0.623548	0.0251727	0.021049	0.00699724	0.00937286	0.00546476	0.00303468	
2.646e-08	880	-0.814317	0.0568201	-0.577633	0.0170166	0.0162048	0.00671481	0.002499	0.00438296	0.00244531	
2.652e-08	882	-0.399822	-0.80399	0.440161	0.013178	0.0201883	0.00843912	0.00597767	0.00500244	0.00277496	
2.658e-08	884	0.400244	-0.901464	-0.164823	0.0324222	0.0168464	0.00383554	0.00469999	0.0066633	0.00317299	
2.664e-08	886	0.985741	-0.039664	-0.163531	0.0301045	0.0186486	0.00620225	0.00710566	0.00458985	0.00302936	
2.67e-08	888	-0.354495	0.826027	-0.438193	0.00971482	0.0177723	0.00547324	0.00525649	0.00465536	0.00234629	
2.676e-08	890	-0.0751491	-0.900168	-0.429011	0.0100554	0.0202777	0.00642292	0.00748442	0.00624275	0.00267017	
2.682e-08	892	-0.0199353	0.8652	-0.501031	0.0142773	0.0181081	0.00532896	0.00542981	0.00539725	0.00229239	
2.688e-08	894	-0.970143	0.227096	0.0851454	0.00515923	0.0174334	0.00727782	0.00414063	0.00374961	0.00259214	
2.694e-08	896	0.400586	0.905345	-0.141001	0.00706868	0.0181937	0.00513052	0.00422108	0.00640466	0.00282846	
2.7e-08	898	-0.828122	0.138881	-0.543071	0.0183227	0.0208647	0.00493607	0.00909925	0.00706372	0.00278484	
2.706e-08	900	0.0519015	-0.997013	0.0571968	0.0159964	0.0193151	0.00443399	0.00465467	0.00724755	0.00231366	
