#----------------------------------------------------------------------------------------------------------------------------------------------------------
# Output file for vampire simulation
#   time       : 2024-08-29 04:53:21     process id : 3557070
#   hostname   : node116.viking2.yor.alces.network
#   path       : /users/ky883/parameter/WS_dia5/AI_Dataset/size_4.0_4.0_5.0/Temp_900/random_1
#----------------------------------------------------------------------------------------------------------------------------------------------------------
6e-11	0	0.00364084	-0.0240373	0.999704	0.999975	0.999962	0	0	0	0	
1.2e-10	2	0.0036324	-0.00271558	0.99999	0.998863	0.998879	0.0534005	0.0520964	3.89355e-06	3.87143e-06	
1.8e-10	4	0.000251832	-0.00831204	0.999965	0.997753	0.997781	0.0543162	0.0498179	1.1085e-05	1.00147e-05	
2.4e-10	6	-0.0151694	-0.007784	0.999855	0.99658	0.996645	0.0407512	0.0326578	1.12248e-05	9.97708e-06	
3e-10	8	-0.0110399	-0.00831795	0.999904	0.995738	0.995545	0.0746986	0.0445523	1.64473e-05	1.30778e-05	
3.6e-10	10	0.0124568	0.0165554	0.999785	0.994413	0.994362	0.124256	0.0456922	4.80069e-05	2.30683e-05	
4.2e-10	12	0.0301624	-0.023802	0.999262	0.993377	0.9933	0.0766429	0.0296535	3.81447e-05	2.28613e-05	
4.8e-10	14	-0.010296	0.00846925	0.999911	0.992208	0.992166	0.035003	0.0549528	3.4706e-05	2.6092e-05	
5.4e-10	16	-0.0226554	-0.0124695	0.999666	0.989831	0.991033	0.0674114	0.0383008	5.40455e-05	4.61303e-05	
6e-10	18	-0.00646553	0.00963283	0.999933	0.989469	0.989809	0.0265134	0.0284601	6.6226e-05	5.81856e-05	
6.6e-10	20	0.0291667	-0.00165394	0.999573	0.989435	0.988702	0.0401855	0.050636	5.5074e-05	4.05592e-05	
7.2e-10	22	0.0271728	-0.0188514	0.999453	0.987567	0.987664	0.0271763	0.0277115	8.4391e-05	7.326e-05	
7.8e-10	24	0.0123303	-0.0105742	0.999868	0.986644	0.986321	0.0725548	0.0561649	6.8174e-05	4.02044e-05	
8.4e-10	26	-0.0317271	0.00936234	0.999453	0.984959	0.985407	0.0356967	0.0503064	6.46815e-05	6.43971e-05	
9e-10	28	0.0112027	-0.0140501	0.999839	0.984055	0.984141	0.0533709	0.073469	8.72505e-05	7.43354e-05	
9.6e-10	30	0.00636992	-0.0142512	0.999878	0.982778	0.982924	0.0558231	0.0585974	0.000114251	6.24367e-05	
1.02e-09	32	0.0277232	-0.0107694	0.999558	0.982275	0.981924	0.047091	0.0633974	9.79856e-05	7.44265e-05	
1.08e-09	34	0.0240063	-0.00265254	0.999708	0.981183	0.980703	0.0481167	0.0364722	9.23762e-05	7.51829e-05	
1.14e-09	36	-0.012433	0.0134567	0.999832	0.978157	0.979845	0.0670918	0.0514411	7.44648e-05	7.37002e-05	
1.2e-09	38	-0.0267835	0.0341572	0.999058	0.978201	0.978498	0.0391539	0.0345708	9.91932e-05	9.20701e-05	
1.26e-09	40	0.0209411	-0.0189049	0.999602	0.977155	0.977227	0.0590739	0.02884	7.77996e-05	9.18676e-05	
1.32e-09	42	0.0191132	0.0221103	0.999573	0.97585	0.976066	0.0581934	0.0481383	0.000132476	9.71066e-05	
1.38e-09	44	-0.0211325	0.00313307	0.999772	0.976219	0.975069	0.058772	0.0487169	0.000127473	9.25743e-05	
1.44e-09	46	-0.00817648	-0.0354639	0.999338	0.973737	0.973842	0.0370311	0.0523888	0.000134409	8.74709e-05	
1.5e-09	48	0.0213186	0.0694987	0.997354	0.973943	0.97279	0.0571421	0.0627209	9.05189e-05	7.73367e-05	
1.56e-09	50	-0.02019	0.0379113	0.999077	0.972327	0.971652	0.0561673	0.0598374	0.000101049	8.74007e-05	
1.62e-09	52	0.0205554	0.00595439	0.999771	0.971271	0.970218	0.0580241	0.0522237	0.000128698	0.000129286	
1.68e-09	54	0.0183159	-0.00901767	0.999792	0.967139	0.969277	0.0657202	0.0475566	8.6148e-05	6.29612e-05	
1.74e-09	56	0.0210304	-0.00524884	0.999765	0.967977	0.96771	0.0458964	0.045559	0.000176622	0.00018532	
1.8e-09	58	-0.0564355	0.00490284	0.998394	0.966048	0.966959	0.0572197	0.0504597	0.000120275	9.94288e-05	
1.86e-09	60	0.0169467	0.00615091	0.999837	0.967052	0.965722	0.0578997	0.0648937	0.000270519	0.000205408	
1.92e-09	62	-0.0204295	-0.0185918	0.999618	0.964065	0.964483	0.0505787	0.029937	0.000233986	0.000199866	
1.98e-09	64	-0.0137011	0.0127237	0.999825	0.962837	0.963656	0.0362478	0.0972565	0.000116676	9.34515e-05	
2.04e-09	66	0.00149818	-0.0236171	0.99972	0.960871	0.961566	0.0536356	0.0347933	0.000167331	0.00012419	
2.1e-09	68	-0.0331901	0.00894359	0.999409	0.96195	0.960465	0.0312443	0.0632821	0.000167967	0.000154394	
2.16e-09	70	0.057008	-0.0147267	0.998265	0.958994	0.9599	0.0828132	0.0365865	0.000225432	0.000213573	
2.22e-09	72	0.00412104	0.0411695	0.999144	0.960723	0.9585	0.0659767	0.0584345	0.000202934	0.000159372	
2.28e-09	74	0.00330957	-0.0328394	0.999455	0.957792	0.95722	0.0299335	0.0459643	0.000165054	0.00012558	
2.34e-09	76	0.0157659	-0.027895	0.999487	0.955921	0.955895	0.0541405	0.074852	0.000293747	0.00017097	
2.4e-09	78	0.0343216	-0.000362645	0.999411	0.954254	0.954736	0.040937	0.0706101	0.000261989	0.000191275	
2.46e-09	80	0.017985	0.0134455	0.999748	0.953726	0.953318	0.0698169	0.0800045	0.000282262	0.000241704	
2.52e-09	82	0.0255528	-0.0313037	0.999183	0.953382	0.952401	0.0555095	0.063134	0.000182247	0.000130892	
2.58e-09	84	-0.00191885	0.00431024	0.999989	0.947448	0.951288	0.0632764	0.0406162	0.000274987	0.000219054	
2.64e-09	86	-0.0339238	0.0018174	0.999423	0.951438	0.950319	0.0493284	0.0543027	0.000189319	0.000160732	
2.7e-09	88	-0.0229625	0.00547304	0.999721	0.947924	0.94885	0.0506372	0.0787481	0.000400056	0.000317057	
2.76e-09	90	-0.0426714	0.0265579	0.998736	0.948094	0.948578	0.0936945	0.0509283	0.000221657	0.000158107	
2.82e-09	92	-0.00599447	-0.0355168	0.999351	0.945528	0.946545	0.0808925	0.0563503	0.000323312	0.000309256	
2.88e-09	94	-0.0385258	-0.0524719	0.997879	0.945766	0.945145	0.0665735	0.0419952	0.00022464	0.000188653	
2.94e-09	96	0.0186786	-0.00912965	0.999784	0.943943	0.943097	0.0819343	0.0676488	0.000473957	0.000188865	
3e-09	98	-0.0211185	-0.0240806	0.999487	0.940847	0.943094	0.0594428	0.0481154	0.00044067	0.000278582	
3.06e-09	100	0.019888	-0.0175643	0.999648	0.938812	0.941083	0.0569205	0.0282187	0.000279788	0.000184892	
3.12e-09	102	0.0307669	0.0481619	0.998366	0.937188	0.940052	0.069959	0.089313	0.000545749	0.000321015	
3.18e-09	104	0.0407253	-0.00409778	0.999162	0.938188	0.938992	0.0744536	0.030115	0.000400898	0.000282367	
3.24e-09	106	-0.00265065	-0.0113424	0.999932	0.939804	0.938691	0.0657935	0.0370734	0.000269286	0.000251742	
3.3e-09	108	-0.106037	0.0300896	0.993907	0.939124	0.936353	0.102154	0.0739797	0.000698113	0.000548399	
3.36e-09	110	-0.00605717	0.0339336	0.999406	0.934974	0.935514	0.0521425	0.0656721	0.000550391	0.000334731	
3.42e-09	112	0.00590825	-0.00674562	0.99996	0.93518	0.934215	0.0560253	0.0712102	0.000479117	0.000265717	
3.48e-09	114	-0.0405479	0.0379424	0.998457	0.933238	0.933089	0.0481225	0.048642	0.000538963	0.000372132	
3.54e-09	116	-0.0170047	-0.0338089	0.999284	0.936914	0.93157	0.0518231	0.0918513	0.000518696	0.000410667	
3.6e-09	118	0.0022525	-0.0311609	0.999512	0.932207	0.930491	0.0576027	0.0686131	0.000366623	0.000253525	
3.66e-09	120	-0.00256918	-0.0277505	0.999612	0.928738	0.929971	0.0662247	0.0485922	0.00031784	0.000242313	
3.72e-09	122	0.00064342	-0.0544969	0.998514	0.931154	0.92848	0.0462796	0.0514422	0.000277144	0.0002408	
3.78e-09	124	0.0172365	0.0410755	0.999007	0.927667	0.926359	0.0676705	0.0428753	0.000262899	0.000181922	
3.84e-09	126	-0.00413932	-0.0537982	0.998543	0.925152	0.92588	0.0700143	0.0295169	0.000243164	0.000168315	
3.9e-09	128	0.010856	-0.119034	0.992831	0.91998	0.923932	0.0632033	0.0570109	0.000281066	0.000170677	
3.96e-09	130	0.00976199	-0.067177	0.997693	0.921037	0.922745	0.0653239	0.0371604	0.000397488	0.000350255	
4.02e-09	132	0.0558457	-0.00110099	0.998439	0.921403	0.921493	0.0865187	0.0326499	0.000391941	0.000316094	
4.08e-09	134	0.0152087	-0.000557308	0.999884	0.920855	0.920717	0.0414581	0.0603612	0.000418125	0.000339051	
4.14e-09	136	-0.0336689	-0.011773	0.999364	0.924517	0.919917	0.0807338	0.0492824	0.000522821	0.000377237	
4.2e-09	138	0.00390211	-0.011793	0.999923	0.923662	0.918021	0.100557	0.0986584	0.00104468	0.000549769	
4.26e-09	140	-0.00192736	-0.0191768	0.999814	0.917837	0.916175	0.0639169	0.0482706	0.000674543	0.000376531	
4.32e-09	142	0.0286675	0.0630622	0.997598	0.917413	0.915191	0.053165	0.0244101	0.000507083	0.000353437	
4.38e-09	144	0.0416286	0.0181005	0.998969	0.910696	0.913851	0.0483409	0.044121	0.000237292	0.0002199	
4.44e-09	146	0.00306991	-0.00503796	0.999983	0.908314	0.912256	0.0492385	0.0561438	0.000400528	0.000384047	
4.5e-09	148	0.00360286	-0.0978075	0.995199	0.909835	0.910883	0.0383678	0.0768863	0.000432069	0.000234677	
4.56e-09	150	0.0153979	-0.0548503	0.998376	0.914621	0.910231	0.0606449	0.0590701	0.000389843	0.000312416	
4.62e-09	152	-0.0254911	0.0743524	0.996906	0.913364	0.907928	0.0513112	0.0543572	0.000618373	0.000547237	
4.68e-09	154	-0.0130252	0.0893205	0.995918	0.908687	0.907179	0.0703513	0.0315109	0.000473832	0.000361258	
4.74e-09	156	0.0452941	-0.0266623	0.998618	0.913442	0.907196	0.0463131	0.0430939	0.000761135	0.000636954	
4.8e-09	158	0.0701511	0.00351157	0.99753	0.903432	0.903889	0.0766747	0.0750779	0.000876124	0.000588567	
4.86e-09	160	0.0364836	-0.0403561	0.998519	0.904918	0.902558	0.0377938	0.0749527	0.000582226	0.000524654	
4.92e-09	162	0.0680203	-0.0760133	0.994784	0.900734	0.902761	0.0500179	0.0641415	0.000709869	0.000437155	
4.98e-09	164	0.0427057	-0.105574	0.993494	0.90032	0.901335	0.0752727	0.0622076	0.000637555	0.000472058	
5.04e-09	166	0.0442352	0.000662069	0.999021	0.905532	0.900591	0.0732153	0.0610356	0.00093963	0.000838887	
5.1e-09	168	-0.0142864	-0.0112834	0.999834	0.902491	0.897435	0.0923987	0.0369719	0.00102836	0.00068476	
5.16e-09	170	-0.00571907	-0.0442082	0.999006	0.894717	0.896956	0.0427336	0.0467359	0.000648299	0.000554744	
5.22e-09	172	0.0215385	-0.0299801	0.999318	0.886809	0.894917	0.0684383	0.0552881	0.000945236	0.000686627	
5.28e-09	174	0.0721005	0.0626668	0.995427	0.892422	0.894468	0.101934	0.0518542	0.000754108	0.000342278	
5.34e-09	176	-0.0172766	0.01941	0.999662	0.887191	0.892321	0.0381772	0.0573799	0.000977049	0.000966386	
5.4e-09	178	0.026116	0.0680684	0.997339	0.893437	0.892741	0.0585098	0.0604306	0.000745735	0.000775783	
5.46e-09	180	-0.00127772	0.0404062	0.999183	0.882423	0.889552	0.0349863	0.0506624	0.000627888	0.000547069	
5.52e-09	182	-0.0632693	0.0310269	0.997514	0.890222	0.890725	0.0450876	0.0550483	0.000692182	0.000483837	
5.58e-09	184	-0.0151722	-0.0323766	0.999361	0.891891	0.889166	0.0380274	0.0685574	0.000680962	0.000477316	
5.64e-09	186	-0.0283266	0.0611974	0.997724	0.896129	0.884826	0.0477721	0.0559735	0.000841581	0.000622137	
5.7e-09	188	0.0841614	0.0777168	0.993417	0.880394	0.885807	0.0662421	0.0659297	0.000878694	0.000550796	
5.76e-09	190	0.144888	-0.0687192	0.987059	0.888866	0.885481	0.0645193	0.0543851	0.00060707	0.000447874	
5.82e-09	192	0.0608196	0.00570644	0.998132	0.880828	0.882003	0.0511224	0.0561091	0.000880973	0.000638665	
5.88e-09	194	0.0418888	-0.00612109	0.999104	0.878073	0.881899	0.0618781	0.0645323	0.00044318	0.00041859	
5.94e-09	196	0.00962514	0.0856048	0.996283	0.878857	0.881118	0.0402621	0.0541365	0.00039697	0.000305402	
6e-09	198	0.0314983	0.035024	0.99889	0.882124	0.881304	0.0602665	0.0598299	0.000394383	0.000382172	
6.06e-09	200	0.0110566	0.00539525	0.999924	0.880089	0.876721	0.0568964	0.043296	0.000955736	0.000660104	
6.12e-09	202	-0.0296757	0.0865669	0.995804	0.877075	0.875828	0.0586013	0.0695295	0.000736758	0.000486269	
6.18e-09	204	3.45375e-05	0.0288654	0.999583	0.878139	0.875355	0.0699471	0.0737962	0.00067017	0.000514553	
6.24e-09	206	0.0350255	0.0586133	0.997666	0.877672	0.87264	0.06137	0.0568777	0.000563771	0.000352665	
6.3e-09	208	0.0869205	0.0818147	0.99285	0.875058	0.872698	0.0780836	0.0407496	0.000631036	0.000522842	
6.36e-09	210	0.121373	0.00139805	0.992606	0.871314	0.869483	0.037069	0.0477846	0.000885078	0.000703301	
6.42e-09	212	0.016832	0.0854178	0.996203	0.86769	0.869325	0.0699874	0.0507073	0.000697251	0.000326601	
6.48e-09	214	0.0844066	0.0951402	0.991879	0.865316	0.86769	0.0789578	0.0653164	0.000762172	0.000600336	
6.54e-09	216	0.00474153	-0.00742609	0.999961	0.874021	0.866979	0.0609579	0.057834	0.000731645	0.000457902	
6.6e-09	218	0.0186069	-0.106898	0.994096	0.855606	0.864733	0.0841382	0.0922838	0.000719032	0.000588696	
6.66e-09	220	-0.0472264	-0.0433458	0.997943	0.863501	0.862006	0.0490286	0.064192	0.00129555	0.00100121	
6.72e-09	222	-0.0490054	0.0325592	0.998268	0.866804	0.863853	0.0412401	0.0458355	0.000723524	0.000586887	
6.78e-09	224	-0.0674305	0.00467368	0.997713	0.85636	0.858616	0.0551412	0.0493523	0.000945608	0.00092112	
6.84e-09	226	0.0118903	0.0704153	0.997447	0.85698	0.860273	0.0575301	0.0695656	0.000561949	0.000364148	
6.9e-09	228	-0.0083162	0.0819611	0.996601	0.861989	0.85653	0.0380115	0.0664335	0.00144211	0.00102202	
6.96e-09	230	-0.0209309	0.11027	0.993681	0.861705	0.856537	0.0760745	0.0480521	0.00130106	0.000820621	
7.02e-09	232	0.0252144	0.0160422	0.999553	0.865194	0.853878	0.0532667	0.0473076	0.00123114	0.00104324	
7.08e-09	234	-0.132095	0.0284521	0.990829	0.857224	0.853923	0.061932	0.0854483	0.00159652	0.000993607	
7.14e-09	236	-0.117722	0.0427159	0.992127	0.847107	0.851048	0.0537348	0.0761501	0.00076467	0.000612749	
7.2e-09	238	-0.068364	0.00411509	0.997652	0.848942	0.84876	0.0564697	0.0477946	0.000764108	0.000849528	
7.26e-09	240	0.0820989	-0.0913965	0.992425	0.850436	0.850404	0.095858	0.0630014	0.00129962	0.000997603	
7.32e-09	242	-0.00614871	-0.192148	0.981347	0.841478	0.849805	0.043739	0.103967	0.000781528	0.000681409	
7.38e-09	244	-0.0864302	-0.0322041	0.995737	0.854243	0.84561	0.0549156	0.0576169	0.00109463	0.000888187	
7.44e-09	246	-0.0744961	-0.0236305	0.996941	0.849997	0.84472	0.0535186	0.0594715	0.00163478	0.00105247	
7.5e-09	248	0.0894347	0.074358	0.993213	0.847619	0.842791	0.083524	0.0604819	0.00110196	0.000756319	
7.56e-09	250	0.0386209	0.130913	0.990641	0.854443	0.842699	0.0734241	0.0564514	0.00119907	0.000943386	
7.62e-09	252	-0.0172796	-0.0696159	0.997424	0.850585	0.841606	0.0907665	0.0584328	0.00132019	0.000759911	
7.68e-09	254	-0.0334214	-0.00292445	0.999437	0.849448	0.838869	0.0590215	0.07138	0.00149515	0.00127803	
7.74e-09	256	0.011936	0.0835163	0.996435	0.841359	0.835856	0.0227587	0.0513681	0.000969344	0.000927035	
7.8e-09	258	0.0469846	-0.0727334	0.996244	0.836275	0.836475	0.0648886	0.0578978	0.00111664	0.000693005	
7.86e-09	260	-0.0274873	0.00239005	0.999619	0.825971	0.833096	0.0718122	0.0505925	0.00165956	0.00139514	
7.92e-09	262	0.0120353	0.00504913	0.999915	0.8246	0.833178	0.0747841	0.0779714	0.00156287	0.00119446	
7.98e-09	264	0.0695036	0.0635034	0.995558	0.8342	0.829764	0.0598036	0.0449474	0.000736398	0.000721409	
8.04e-09	266	0.0145103	-0.0119451	0.999823	0.833577	0.828663	0.0384592	0.0470785	0.000676569	0.000607998	
8.1e-09	268	0.067909	0.010904	0.997632	0.830464	0.827946	0.0603673	0.0498786	0.00161037	0.00127658	
8.16e-09	270	0.12688	0.0319488	0.991403	0.822806	0.827177	0.0861937	0.063427	0.000957147	0.000636778	
8.22e-09	272	-0.0317376	0.0515539	0.998166	0.827857	0.822958	0.0471318	0.097042	0.00248075	0.00184657	
8.28e-09	274	-0.12323	-0.0897123	0.988315	0.802065	0.822486	0.0921956	0.0709214	0.00204646	0.00131995	
8.34e-09	276	-0.152281	0.0382754	0.987596	0.819513	0.823942	0.117882	0.0572086	0.00240597	0.0013363	
8.4e-09	278	0.179007	-0.118548	0.97668	0.808609	0.817732	0.0838697	0.071704	0.00176836	0.00145716	
8.46e-09	280	0.0133972	0.0461859	0.998843	0.809688	0.820061	0.0721438	0.0911721	0.00111073	0.000667154	
8.52e-09	282	-0.019559	-0.0739068	0.997073	0.803114	0.819941	0.0367668	0.0882052	0.00142545	0.00119579	
8.58e-09	284	0.134299	-0.0418027	0.990059	0.811794	0.814628	0.0658053	0.0538789	0.00106803	0.000923484	
8.64e-09	286	0.148667	-0.170581	0.974064	0.824095	0.811481	0.0708554	0.0663856	0.00188762	0.0012541	
8.7e-09	288	0.00390532	-0.0496501	0.998759	0.809568	0.81213	0.0895801	0.0461315	0.000864368	0.000869055	
8.76e-09	290	-0.0364205	-0.00111575	0.999336	0.815701	0.810651	0.0545696	0.0672257	0.00119156	0.000929919	
8.82e-09	292	-0.053682	-0.113698	0.992064	0.798797	0.808965	0.0393295	0.0652181	0.00151008	0.00112514	
8.88e-09	294	0.0130417	-0.00474599	0.999904	0.801511	0.806315	0.0914735	0.0324062	0.00195061	0.00117829	
8.94e-09	296	0.0872048	-0.000439294	0.99619	0.802743	0.808679	0.0642445	0.0562939	0.00139998	0.00117641	
9e-09	298	-0.0717315	-0.116921	0.990547	0.789201	0.803117	0.0490774	0.0353054	0.0010415	0.000959918	
9.06e-09	300	-0.150391	0.0944936	0.9841	0.804346	0.802825	0.0797715	0.0767917	0.00271395	0.0013999	
9.12e-09	302	-0.090837	0.174685	0.980425	0.804895	0.798963	0.0547537	0.0431071	0.000897437	0.000700225	
9.18e-09	304	-0.0195905	0.0368379	0.999129	0.811794	0.801745	0.0694245	0.0669401	0.00154646	0.00108573	
9.24e-09	306	-0.0576213	0.00283995	0.998334	0.788863	0.797248	0.0502593	0.0850282	0.00229781	0.00123947	
9.3e-09	308	0.0547532	-0.053215	0.997081	0.795758	0.795339	0.0610094	0.0883254	0.00258559	0.00180072	
9.36e-09	310	-0.082644	0.104824	0.991051	0.781973	0.795286	0.0367276	0.0812874	0.00135563	0.00075299	
9.42e-09	312	0.0394657	-0.13364	0.990244	0.796771	0.792207	0.0989217	0.0765331	0.00194245	0.00123291	
9.48e-09	314	0.0546629	0.0929772	0.994167	0.791509	0.788827	0.0445975	0.0845494	0.00170865	0.00115624	
9.54e-09	316	-0.22013	0.0226006	0.975209	0.788767	0.789752	0.0796327	0.0558164	0.001935	0.000930038	
9.6e-09	318	-0.0455343	0.0849444	0.995345	0.785556	0.789442	0.0619775	0.0520979	0.00119327	0.000975405	
9.66e-09	320	0.0168867	0.0741089	0.997107	0.797482	0.786397	0.0448752	0.0749905	0.00172947	0.00120395	
9.72e-09	322	0.0684363	0.0439957	0.996685	0.788384	0.784647	0.0524144	0.0679394	0.00260579	0.00209012	
9.78e-09	324	-0.0910345	0.0330702	0.995298	0.786882	0.781574	0.0412715	0.0852913	0.00170554	0.00117909	
9.84e-09	326	-0.0278161	0.13792	0.990053	0.778148	0.781823	0.0502505	0.0745059	0.00166337	0.00130593	
9.9e-09	328	0.0377901	-0.0994468	0.994325	0.784274	0.779857	0.0501055	0.0721795	0.00147802	0.00105129	
9.96e-09	330	-0.0854791	0.0386915	0.995588	0.795651	0.777965	0.0487882	0.0572407	0.00118964	0.00127437	
1.002e-08	332	0.001565	0.0970586	0.995277	0.762392	0.778715	0.0324888	0.0598522	0.00121141	0.000984562	
1.008e-08	334	0.000326254	-0.00663108	0.999978	0.777456	0.775932	0.0521369	0.0816462	0.00262851	0.00179889	
1.014e-08	336	0.0127114	-0.0119401	0.999848	0.782146	0.774165	0.0577349	0.0677219	0.00258404	0.00172829	
1.02e-08	338	0.102391	0.0593944	0.992969	0.771355	0.772558	0.0872108	0.0958423	0.00303356	0.00136547	
1.026e-08	340	-0.0554624	0.141438	0.988392	0.777547	0.772427	0.0434044	0.0842064	0.00165771	0.00128912	
1.032e-08	342	-0.030479	0.155214	0.987411	0.779499	0.766372	0.0700646	0.0486743	0.00156292	0.00115794	
1.038e-08	344	-0.0753967	-0.116307	0.990347	0.762457	0.764858	0.0569503	0.0681034	0.00186104	0.00165969	
1.044e-08	346	-0.0422874	-0.0142543	0.999004	0.761779	0.767159	0.0661397	0.081698	0.00181125	0.00143015	
1.05e-08	348	0.0474552	-0.0245575	0.998571	0.73916	0.762247	0.0698647	0.0742359	0.0041419	0.00315302	
1.056e-08	350	-0.0579673	0.0680401	0.995997	0.760225	0.76021	0.039908	0.0758844	0.00189674	0.00122585	
1.062e-08	352	0.0109268	-0.0467403	0.998847	0.762808	0.759989	0.0697136	0.0503839	0.0015977	0.00150585	
1.068e-08	354	0.0750904	-0.0833798	0.993685	0.757856	0.758201	0.0944731	0.0527884	0.00370659	0.00289584	
1.074e-08	356	0.0230035	-0.0149068	0.999624	0.767448	0.759569	0.0478573	0.074353	0.00219805	0.00155242	
1.08e-08	358	0.132657	-0.0454209	0.990121	0.757498	0.75104	0.0665417	0.0525619	0.00317322	0.0022718	
1.086e-08	360	-0.0947665	-0.0631167	0.993497	0.747434	0.751877	0.132552	0.091546	0.00623288	0.00151421	
1.092e-08	362	-0.00519988	-0.170718	0.985306	0.758078	0.750686	0.0738814	0.0703385	0.00291121	0.00119378	
1.098e-08	364	0.136667	-0.0162864	0.990483	0.743378	0.748237	0.072128	0.079637	0.00368258	0.00280687	
1.104e-08	366	0.0432677	-0.0489808	0.997862	0.755775	0.745764	0.0719771	0.0703394	0.00303787	0.00200963	
1.11e-08	368	0.038143	0.0400262	0.99847	0.760122	0.743244	0.0199737	0.0759504	0.00244373	0.00199283	
1.116e-08	370	-0.171847	-0.215715	0.961216	0.751093	0.748143	0.0778384	0.0943428	0.00328405	0.00213463	
1.122e-08	372	-0.0291452	0.0256139	0.999247	0.747908	0.740768	0.0886115	0.0795232	0.00291416	0.00118939	
1.128e-08	374	-0.0301022	0.159817	0.986688	0.754461	0.741593	0.0545401	0.0603999	0.0016352	0.00162162	
1.134e-08	376	0.00100716	0.0885813	0.996068	0.731705	0.740591	0.0624993	0.074323	0.00205501	0.00142354	
1.14e-08	378	-0.100188	0.0424572	0.994062	0.742569	0.733626	0.0598778	0.0774443	0.00412752	0.00315804	
1.146e-08	380	-0.152266	-0.299851	0.941756	0.753138	0.737463	0.099538	0.109212	0.00288595	0.00143119	
1.152e-08	382	0.0135948	-0.00438641	0.999898	0.748869	0.736437	0.0518905	0.0615127	0.00323133	0.0023817	
1.158e-08	384	0.0561561	0.142732	0.988167	0.744822	0.727301	0.100846	0.0863835	0.00421516	0.00249357	
1.164e-08	386	-0.215494	0.0482991	0.97531	0.73018	0.727276	0.0997593	0.0716887	0.00298161	0.00226761	
1.17e-08	388	-0.0384535	-0.141736	0.989157	0.730126	0.730067	0.061654	0.0611883	0.00166705	0.00126454	
1.176e-08	390	-0.00693986	0.254243	0.967115	0.716205	0.723465	0.0707879	0.0974214	0.00267728	0.00151984	
1.182e-08	392	0.0339254	-0.102225	0.994183	0.745044	0.724699	0.0505774	0.071374	0.00237218	0.00163441	
1.188e-08	394	0.0427751	-0.103928	0.993665	0.727883	0.718875	0.0887412	0.0553749	0.00202041	0.00177846	
1.194e-08	396	-0.01637	0.138961	0.990162	0.735684	0.717405	0.0827169	0.0632527	0.00257083	0.00194965	
1.2e-08	398	-0.0309639	0.0837399	0.996006	0.714863	0.720259	0.0599778	0.0694934	0.00089633	0.00128462	
1.206e-08	400	-0.0141568	-0.110438	0.993782	0.715907	0.714712	0.0729032	0.0856956	0.00328018	0.00179595	
1.212e-08	402	-0.230683	0.175612	0.95705	0.703142	0.712632	0.0667128	0.0932043	0.00296846	0.00241076	
1.218e-08	404	0.0449772	-0.25763	0.965196	0.720456	0.711771	0.0648076	0.077651	0.00332374	0.00221826	
1.224e-08	406	-0.0729243	0.0472227	0.996219	0.709455	0.708631	0.0894893	0.057532	0.00322518	0.00131146	
1.23e-08	408	-0.0234875	0.000832269	0.999724	0.705319	0.703357	0.0434437	0.0927905	0.00134509	0.00138283	
1.236e-08	410	-0.0799614	0.120532	0.989484	0.693792	0.707585	0.0377177	0.0614431	0.00232076	0.00194275	
1.242e-08	412	-0.0675976	-0.130691	0.989116	0.706832	0.703068	0.0296961	0.099676	0.00173077	0.00143997	
1.248e-08	414	0.0617382	0.167041	0.984015	0.696209	0.703016	0.0648591	0.0785279	0.00260922	0.00201708	
1.254e-08	416	-0.125342	0.205212	0.970658	0.730215	0.701957	0.0717091	0.0772843	0.00234575	0.00214533	
1.26e-08	418	0.0836163	-0.0177001	0.996341	0.717972	0.696832	0.048429	0.0610079	0.00229827	0.00185328	
1.266e-08	420	-0.0537254	0.208881	0.976464	0.707232	0.693831	0.0755496	0.0712906	0.00194136	0.00141697	
1.272e-08	422	-0.0495375	-0.280176	0.95867	0.701196	0.694789	0.0461475	0.0838252	0.00286673	0.00205579	
1.278e-08	424	0.0133442	-0.0564946	0.998314	0.673158	0.689077	0.0710474	0.0564881	0.00303218	0.00252802	
1.284e-08	426	0.0737122	0.0487612	0.996087	0.688102	0.689269	0.0502586	0.0942938	0.00259096	0.00140137	
1.29e-08	428	-0.231524	-0.128311	0.96433	0.671773	0.688051	0.0734305	0.0712695	0.00353727	0.00156203	
1.296e-08	430	-0.0448893	0.0668022	0.996756	0.650909	0.681107	0.0605578	0.0890653	0.00399944	0.00265958	
1.302e-08	432	-0.120476	0.114038	0.986144	0.674728	0.682269	0.0853372	0.0830794	0.00307451	0.00202186	
1.308e-08	434	-0.167529	-0.0639746	0.983789	0.700106	0.683448	0.0913155	0.0594102	0.0021596	0.00126507	
1.314e-08	436	0.0952484	-0.0215025	0.995221	0.672074	0.675974	0.106127	0.0754289	0.00319878	0.00300795	
1.32e-08	438	-0.0569597	-0.190412	0.980051	0.672459	0.672197	0.0529646	0.0866142	0.00235113	0.00211339	
1.326e-08	440	-0.145643	0.27872	0.949265	0.68459	0.67314	0.0619302	0.0582533	0.0024582	0.00264967	
1.332e-08	442	-0.0269614	-0.068837	0.997264	0.664926	0.66985	0.123901	0.0808273	0.00400527	0.00196867	
1.338e-08	444	-0.0414002	-0.158804	0.986442	0.657367	0.669693	0.085007	0.0792664	0.00187767	0.00152439	
1.344e-08	446	0.0378022	0.0962549	0.994639	0.666584	0.665979	0.083214	0.0825275	0.00422827	0.00259929	
1.35e-08	448	0.0831804	0.220973	0.971726	0.647654	0.657049	0.0786141	0.0559813	0.00535895	0.00373491	
1.356e-08	450	-0.188523	-0.0085586	0.982031	0.656284	0.663942	0.118585	0.121573	0.00604472	0.00358817	
1.362e-08	452	-0.0665462	-0.0644149	0.995702	0.661994	0.657746	0.0903673	0.118487	0.0046311	0.00296143	
1.368e-08	454	-0.217986	-0.161106	0.962563	0.686045	0.659993	0.119853	0.107791	0.00576467	0.00243442	
1.374e-08	456	0.0218914	-0.169266	0.985327	0.669781	0.653107	0.0404183	0.0537415	0.00358144	0.0032396	
1.38e-08	458	0.262986	0.0561045	0.963167	0.644385	0.652642	0.0745852	0.111283	0.00401529	0.00193829	
1.386e-08	460	0.154879	-0.0545107	0.986428	0.609004	0.644017	0.0728555	0.0624502	0.00575462	0.00430176	
1.392e-08	462	0.0659383	0.047174	0.996708	0.631731	0.647063	0.0703072	0.0651139	0.00421474	0.00278014	
1.398e-08	464	0.215585	-0.0231594	0.97621	0.620055	0.641605	0.0705087	0.0880239	0.00446689	0.00323279	
1.404e-08	466	0.000815915	-0.0544841	0.998514	0.652404	0.638132	0.0874086	0.100315	0.00483281	0.00212936	
1.41e-08	468	0.0260869	0.246708	0.968739	0.654723	0.641537	0.0958543	0.0589008	0.00380928	0.00251184	
1.416e-08	470	0.138999	0.264495	0.954317	0.62215	0.634102	0.08334	0.0787021	0.0034212	0.00173044	
1.422e-08	472	0.0922201	-0.0601796	0.993918	0.60042	0.632382	0.0790857	0.0716112	0.00397116	0.0034709	
1.428e-08	474	-0.00645884	-0.0141624	0.999879	0.643712	0.633332	0.0856626	0.0617771	0.00381732	0.00227583	
1.434e-08	476	0.0492357	-0.0475474	0.997655	0.625644	0.627407	0.0594445	0.0755978	0.00697489	0.0035632	
1.44e-08	478	-0.1474	0.0666778	0.986827	0.655983	0.625687	0.0444318	0.0645176	0.00265075	0.00233101	
1.446e-08	480	0.157742	0.167578	0.973157	0.629767	0.626765	0.123048	0.0829129	0.0118234	0.00362222	
1.452e-08	482	0.0429676	0.23603	0.970795	0.62429	0.623938	0.102766	0.133438	0.0094789	0.00306179	
1.458e-08	484	0.113915	0.0366526	0.992814	0.632814	0.619326	0.155266	0.0895265	0.012785	0.00495221	
1.464e-08	486	0.276996	0.216782	0.936098	0.582106	0.619698	0.0838808	0.0661665	0.00558825	0.00351458	
1.47e-08	488	0.00978845	0.0146611	0.999845	0.592586	0.619567	0.0628022	0.0951485	0.00363888	0.00244259	
1.476e-08	490	0.217104	0.328124	0.919348	0.619948	0.613127	0.0453165	0.0528957	0.00416062	0.00326682	
1.482e-08	492	0.112592	-0.204576	0.972354	0.622572	0.605994	0.101704	0.0419847	0.00799339	0.00499061	
1.488e-08	494	0.299605	-0.215038	0.929513	0.591998	0.608383	0.0799124	0.0629492	0.00419214	0.00232544	
1.494e-08	496	-0.158703	-0.118546	0.980184	0.555663	0.599169	0.0782305	0.105884	0.00910782	0.00484881	
1.5e-08	498	0.297624	-0.00871248	0.954643	0.576474	0.602006	0.0669019	0.069558	0.00682835	0.00284552	
1.506e-08	500	-0.0342245	-0.053452	0.997984	0.619211	0.606559	0.0518586	0.0402744	0.00538758	0.00450137	
1.512e-08	502	-0.0917033	-0.0733593	0.993081	0.608918	0.593528	0.108306	0.0850035	0.0077072	0.00439374	
1.518e-08	504	0.0231586	0.16791	0.98553	0.621887	0.596099	0.064381	0.100617	0.00530482	0.00286236	
1.524e-08	506	-0.120129	0.205399	0.971278	0.644613	0.592392	0.0844318	0.0642328	0.00542127	0.0052081	
1.53e-08	508	0.343311	-0.184976	0.920826	0.600963	0.595697	0.105456	0.10171	0.00701078	0.00353556	
1.536e-08	510	-0.179469	0.0735079	0.981013	0.570968	0.586488	0.0982723	0.0521481	0.00616293	0.00470412	
1.542e-08	512	0.0562024	0.240115	0.969116	0.592922	0.58117	0.0693934	0.119366	0.0093276	0.00409482	
1.548e-08	514	0.0492819	0.0326482	0.998251	0.559977	0.578757	0.0482675	0.0582144	0.00263021	0.00282958	
1.554e-08	516	0.147247	0.356878	0.922473	0.582674	0.576108	0.0830128	0.122289	0.0101764	0.00456082	
1.56e-08	518	0.0676802	-0.118321	0.990666	0.59293	0.570888	0.0564927	0.102021	0.00674102	0.00493145	
1.566e-08	520	-0.046079	-0.101971	0.99372	0.555779	0.564684	0.084694	0.116636	0.0081504	0.0041305	
1.572e-08	522	-0.392175	0.0781973	0.916561	0.588494	0.571347	0.110153	0.061242	0.00876364	0.00562301	
1.578e-08	524	0.227736	0.0562517	0.972097	0.533621	0.562489	0.0812716	0.0967832	0.00777436	0.00595766	
1.584e-08	526	0.0465276	0.103697	0.99352	0.533964	0.552023	0.123112	0.0710613	0.00993808	0.00265395	
1.59e-08	528	0.0366108	0.0225934	0.999074	0.551183	0.56133	0.087674	0.0720238	0.00732564	0.00269058	
1.596e-08	530	0.175283	-0.2212	0.959347	0.54111	0.550591	0.0858081	0.0630117	0.00681933	0.00544336	
1.602e-08	532	0.175035	-0.0647221	0.982433	0.505587	0.5473	0.0808853	0.0904168	0.0144288	0.00697831	
1.608e-08	534	0.0525731	-0.0313863	0.998124	0.535229	0.544708	0.0904847	0.0794727	0.00846831	0.00439251	
1.614e-08	536	0.0973273	-0.128836	0.986878	0.518451	0.541938	0.0942392	0.126454	0.0101424	0.00279687	
1.62e-08	538	-0.23743	0.10997	0.96516	0.53773	0.542277	0.150025	0.0495379	0.0103275	0.00268252	
1.626e-08	540	-0.0437607	0.247511	0.967896	0.525518	0.541682	0.0876507	0.097198	0.013696	0.00382248	
1.632e-08	542	0.0385931	0.0639858	0.997204	0.549745	0.529929	0.0926307	0.048449	0.0156848	0.00619211	
1.638e-08	544	-0.0105269	-0.238238	0.97115	0.519458	0.535104	0.0706225	0.0996769	0.0119162	0.00424469	
1.644e-08	546	0.0418135	-0.374784	0.926169	0.530577	0.521258	0.0636155	0.0484758	0.00919326	0.00667523	
1.65e-08	548	0.0752589	-0.0469959	0.996056	0.508715	0.521208	0.0885234	0.1267	0.00774124	0.00438512	
1.656e-08	550	0.00512638	0.023292	0.999716	0.5503	0.52308	0.0545961	0.0855363	0.00899179	0.00453056	
1.662e-08	552	-0.145821	-0.189665	0.97096	0.473025	0.509111	0.128843	0.0946269	0.0116823	0.0096935	
1.668e-08	554	0.110797	-0.392258	0.913158	0.517668	0.522164	0.0543781	0.0891893	0.00689796	0.00407825	
1.674e-08	556	-0.00987146	-0.171219	0.985184	0.510866	0.510686	0.0718192	0.0866855	0.0119744	0.00553636	
1.68e-08	558	-0.0823902	-0.180988	0.980028	0.497241	0.507999	0.116482	0.0687115	0.00731362	0.00618965	
1.686e-08	560	-0.0751472	0.252593	0.96465	0.51782	0.502825	0.0613398	0.0960023	0.0149892	0.00830385	
1.692e-08	562	-0.0202953	0.066975	0.997548	0.469288	0.500593	0.0843569	0.0485864	0.00519615	0.0063103	
1.698e-08	564	0.339595	0.0897923	0.936276	0.435975	0.489704	0.147573	0.0567592	0.0195509	0.00905874	
1.704e-08	566	0.514327	0.000884105	0.857594	0.408896	0.493454	0.1062	0.0939196	0.0155156	0.00796715	
1.71e-08	568	-0.149073	-0.0772371	0.985805	0.531517	0.496957	0.101916	0.103554	0.0152011	0.00615783	
1.716e-08	570	0.293127	-0.112149	0.949473	0.448275	0.481786	0.163686	0.099979	0.0191254	0.00624349	
1.722e-08	572	-0.173362	0.223542	0.959153	0.519776	0.478297	0.110248	0.0587241	0.00697139	0.00825651	
1.728e-08	574	-0.00722938	-0.293719	0.955864	0.485463	0.480433	0.114926	0.0856053	0.02015	0.00939562	
1.734e-08	576	-0.0600061	0.190585	0.979835	0.457515	0.473474	0.102408	0.0896646	0.0166465	0.00563907	
1.74e-08	578	-0.434017	0.00287077	0.9009	0.434232	0.468016	0.0836462	0.0955623	0.0188564	0.00979622	
1.746e-08	580	-0.0640075	-0.288308	0.955396	0.507084	0.467709	0.0648978	0.0616568	0.00802314	0.00642111	
1.752e-08	582	0.0584204	0.147394	0.987351	0.475415	0.454095	0.103793	0.0885574	0.0100293	0.00795303	
1.758e-08	584	-0.066666	0.103214	0.992423	0.452959	0.463691	0.0685508	0.0897226	0.0145304	0.00820014	
1.764e-08	586	-0.415766	0.232518	0.879246	0.488131	0.45747	0.124889	0.113853	0.0135771	0.00646809	
1.77e-08	588	0.475245	0.101926	0.87393	0.510151	0.452766	0.0991381	0.0756063	0.0122096	0.00846603	
1.776e-08	590	-0.0743022	0.209738	0.97493	0.465954	0.436254	0.0611312	0.126488	0.0204706	0.0085599	
1.782e-08	592	-0.0405699	0.0968524	0.994472	0.454429	0.437187	0.0743378	0.0844946	0.021761	0.00972052	
1.788e-08	594	0.13625	-0.665575	0.733789	0.413078	0.429222	0.138563	0.0929622	0.0370921	0.00602308	
1.794e-08	596	-0.371106	0.418018	0.829181	0.360893	0.426723	0.0758325	0.0747062	0.0222304	0.00955099	
1.8e-08	598	-0.149723	-0.635237	0.757666	0.472912	0.43093	0.118329	0.114259	0.0380257	0.0134876	
1.806e-08	600	0.582179	0.0217318	0.81277	0.426203	0.43061	0.164466	0.177514	0.157511	0.0128023	
1.812e-08	602	-0.363163	0.258448	0.895163	0.448302	0.416685	0.0655183	0.126483	0.013293	0.013158	
1.818e-08	604	-0.291755	0.391978	0.872486	0.409159	0.411436	0.102544	0.110328	0.0279236	0.0112989	
1.824e-08	606	-0.285382	0.105918	-0.952543	0.34072	0.390621	0.114462	0.123826	0.505278	0.0142338	
1.83e-08	608	0.104446	-0.367094	-0.924301	0.419455	0.394844	0.118282	0.150314	0.0345481	0.0115319	
1.836e-08	610	0.29581	-0.113091	-0.948529	0.396305	0.399267	0.122148	0.0806859	0.0237261	0.00888731	
1.842e-08	612	0.0892811	0.349511	-0.932669	0.414054	0.389527	0.0907145	0.051716	0.014665	0.01247	
1.848e-08	614	-0.3293	-0.159864	-0.930594	0.382499	0.384999	0.0564074	0.0926428	0.0251509	0.0136944	
1.854e-08	616	0.267117	-0.093102	-0.959156	0.39175	0.378086	0.0879612	0.0859685	0.0341877	0.0113118	
1.86e-08	618	0.0326532	0.0703118	-0.99699	0.322308	0.375528	0.0781943	0.0846349	0.0160868	0.00989547	
1.866e-08	620	-0.49035	-0.167257	-0.855326	0.390749	0.369655	0.144695	0.157954	0.0591428	0.0153478	
1.872e-08	622	-0.0700668	-0.52344	-0.849177	0.340868	0.365727	0.11521	0.0979881	0.0434825	0.013482	
1.878e-08	624	0.45035	-0.387778	-0.804247	0.401112	0.354667	0.0888011	0.0684568	0.0269958	0.0159254	
1.884e-08	626	0.0870398	-0.0321366	-0.995686	0.41777	0.346732	0.127397	0.100721	0.0418219	0.0271998	
1.89e-08	628	0.193604	-0.842266	-0.503095	0.403973	0.347128	0.0920049	0.112207	0.771278	0.0235415	
1.896e-08	630	0.14973	-0.455488	-0.87756	0.348691	0.348001	0.0772576	0.0808974	0.0238968	0.0155078	
1.902e-08	632	0.161607	0.317849	-0.934267	0.358184	0.343604	0.0701877	0.1028	0.0748425	0.00735139	
1.908e-08	634	0.198574	0.178609	-0.963674	0.322455	0.328356	0.0498006	0.125677	0.0225571	0.0147886	
1.914e-08	636	-0.407664	0.100031	0.907636	0.304293	0.314371	0.0745489	0.0876686	0.154429	0.0254367	
1.92e-08	638	-0.245757	-0.234291	0.940591	0.362327	0.320442	0.138673	0.0781153	0.121082	0.0247415	
1.926e-08	640	-0.194066	-0.359524	0.912732	0.321378	0.298182	0.141476	0.143132	0.27329	0.0191908	
1.932e-08	642	0.931183	0.204241	0.301965	0.317819	0.30959	0.092144	0.101633	0.0752264	0.019621	
1.938e-08	644	0.148585	-0.173821	-0.973503	0.349447	0.299323	0.142731	0.149014	0.381104	0.0150593	
1.944e-08	646	-0.2558	0.100241	-0.961519	0.328785	0.297741	0.0850676	0.099043	0.451217	0.0131145	
1.95e-08	648	-0.576201	0.2028	-0.791748	0.222053	0.284873	0.0793107	0.0979089	0.394318	0.0150886	
1.956e-08	650	0.33541	-0.16565	0.927394	0.137877	0.261271	0.122114	0.0695326	0.326381	0.0267392	
1.962e-08	652	0.733191	0.663254	0.150085	0.151587	0.26172	0.115279	0.102591	0.191697	0.0354148	
1.968e-08	654	0.256738	-0.13358	0.957205	0.301003	0.230973	0.0626128	0.0923575	0.184666	0.0326885	
1.974e-08	656	-0.388263	-0.48959	-0.780739	0.20302	0.251424	0.11158	0.132237	0.221783	0.0260457	
1.98e-08	658	0.807579	0.332146	0.487334	0.121464	0.229584	0.106097	0.145985	0.172432	0.0271846	
1.986e-08	660	-0.176205	-0.217977	-0.959915	0.105158	0.212629	0.0731769	0.0537296	0.242653	0.0410144	
1.992e-08	662	-0.636733	0.227743	0.736685	0.272667	0.231711	0.123651	0.0451458	0.239992	0.0118148	
1.998e-08	664	-0.773473	0.306214	-0.554953	0.127419	0.199189	0.0640052	0.0500946	0.174379	0.0298974	
2.004e-08	666	0.265743	0.394812	0.879491	0.205321	0.214043	0.0873253	0.0483567	0.0490329	0.0206753	
2.01e-08	668	0.130152	0.137905	-0.981857	0.138172	0.206569	0.054103	0.074843	0.151633	0.0261459	
2.016e-08	670	-0.282071	-0.139261	0.949232	0.212786	0.196733	0.0539546	0.0362909	0.227926	0.0407894	
2.022e-08	672	-0.996543	0.0525366	-0.0643561	0.118617	0.216975	0.0758798	0.0619182	0.144744	0.0205546	
2.028e-08	674	0.0961238	0.818933	-0.565782	0.281493	0.214672	0.0759735	0.105121	0.16304	0.0209031	
2.034e-08	676	-0.200571	-0.194914	-0.960094	0.211353	0.172751	0.05651	0.0473379	0.114742	0.0255198	
2.04e-08	678	0.637005	0.521856	-0.567355	0.105559	0.177745	0.0605514	0.0515206	0.146328	0.0273088	
2.046e-08	680	0.128148	0.965012	0.228756	0.142251	0.182765	0.0546745	0.0816822	0.104891	0.0170482	
2.052e-08	682	0.598513	-0.697093	0.39477	0.148486	0.161494	0.0369004	0.0677935	0.110734	0.0257127	
2.058e-08	684	-0.0572915	0.0185918	0.998184	0.273986	0.169219	0.045915	0.0440803	0.129896	0.0281293	
2.064e-08	686	0.111993	-0.538807	-0.834952	0.163359	0.152209	0.0437055	0.0549821	0.089901	0.0229816	
2.07e-08	688	-0.744031	0.564562	-0.357335	0.10656	0.149769	0.0417299	0.0491037	0.0891035	0.0209063	
2.076e-08	690	-0.434726	0.331411	-0.837365	0.179512	0.146895	0.0499459	0.0397894	0.0685368	0.0143614	
2.082e-08	692	-0.314307	-0.742143	-0.591975	0.197457	0.160698	0.0498027	0.0686248	0.0887956	0.0238908	
2.088e-08	694	-0.305184	0.906656	-0.291269	0.145162	0.144603	0.0387672	0.0403068	0.0867597	0.0195389	
2.094e-08	696	-0.346029	-0.0150654	0.938103	0.189983	0.144165	0.0570258	0.0381673	0.065112	0.016333	
2.1e-08	698	0.439848	0.878134	-0.188188	0.0379783	0.137708	0.0570053	0.0204183	0.0789318	0.0250315	
2.106e-08	700	0.986543	0.0490949	0.15596	0.0773457	0.122607	0.0356434	0.0310093	0.0481008	0.00995886	
2.112e-08	702	-0.339339	0.793242	-0.505585	0.135564	0.12512	0.0188365	0.0528759	0.054036	0.0154801	
2.118e-08	704	-0.0361657	-0.956744	-0.288674	0.18606	0.123965	0.0163221	0.0409532	0.0685659	0.019587	
2.124e-08	706	0.906456	-0.324911	0.269759	0.104545	0.128181	0.0280288	0.0350411	0.0691971	0.0178323	
2.13e-08	708	0.403275	0.231548	0.885299	0.16975	0.138661	0.0505384	0.0314962	0.0664872	0.013413	
2.136e-08	710	-0.20573	0.723851	0.65857	0.141468	0.111129	0.0292061	0.0293683	0.0391705	0.0133872	
2.142e-08	712	0.34264	-0.833219	0.433987	0.0287954	0.12742	0.0353011	0.0335577	0.065976	0.0218681	
2.148e-08	714	0.393355	0.57898	-0.714181	0.063026	0.111206	0.0322378	0.0273962	0.0324096	0.00837668	
2.154e-08	716	0.620882	-0.207647	0.755902	0.0821204	0.109272	0.0243964	0.0257588	0.0401456	0.0147568	
2.16e-08	718	0.349536	0.715805	-0.604523	0.0435577	0.104929	0.0230024	0.032741	0.033631	0.0155013	
2.166e-08	720	-0.0910082	0.318928	0.943399	0.124399	0.0970924	0.0230176	0.0201254	0.0300041	0.0128218	
2.172e-08	722	-0.464489	0.462087	0.755464	0.0949642	0.11153	0.0329686	0.0285215	0.0361128	0.012857	
2.178e-08	724	0.643233	0.272337	0.7156	0.0938106	0.100612	0.0148149	0.0160792	0.0425558	0.00765352	
2.184e-08	726	0.41128	-0.780542	-0.470748	0.101858	0.0939365	0.025868	0.02137	0.0198985	0.00724164	
2.19e-08	728	-0.600174	0.0274928	-0.799397	0.151244	0.112665	0.0292381	0.0316579	0.0352363	0.0121107	
2.196e-08	730	-0.257846	-0.963931	0.065968	0.0749224	0.087623	0.0246585	0.0210245	0.0120386	0.00690817	
2.202e-08	732	0.425395	-0.656538	-0.622894	0.138859	0.100376	0.0253087	0.0265281	0.0252832	0.0096524	
2.208e-08	734	-0.713947	0.0700013	0.696692	0.0913477	0.087778	0.0139908	0.0225742	0.0201553	0.00605552	
2.214e-08	736	-0.831206	-0.520213	-0.19615	0.0762355	0.10035	0.0240265	0.0242279	0.0287861	0.0091037	
2.22e-08	738	0.220354	-0.592098	-0.775154	0.0471179	0.0892534	0.0168279	0.0207766	0.0225282	0.00876887	
2.226e-08	740	-0.561699	0.790084	-0.245483	0.114447	0.09264	0.0124596	0.0211891	0.0303729	0.00844986	
2.232e-08	742	-0.768874	-0.624176	-0.138701	0.211833	0.085195	0.02035	0.0262989	0.0136737	0.0125121	
2.238e-08	744	0.410288	-0.73093	-0.545349	0.0193055	0.0889529	0.0106743	0.0144133	0.0364161	0.0111657	
2.244e-08	746	0.931328	-0.29478	-0.213854	0.0521448	0.0827745	0.017986	0.0173405	0.017694	0.00826365	
2.25e-08	748	0.783657	0.354191	-0.510324	0.152876	0.0853086	0.0178927	0.0177412	0.0198731	0.0078927	
2.256e-08	750	-0.731363	0.619312	0.285587	0.0113901	0.0775429	0.0123356	0.01938	0.0148835	0.00911805	
2.262e-08	752	0.755078	0.328352	-0.567487	0.0256152	0.0844865	0.0201108	0.0153705	0.0167649	0.00603299	
2.268e-08	754	-0.890942	-0.436422	0.125528	0.0380007	0.0765763	0.0136133	0.0124929	0.0174268	0.00572827	
2.274e-08	756	0.0459382	-0.998214	-0.0382001	0.082295	0.0877464	0.0178337	0.0130504	0.0263153	0.00643181	
2.28e-08	758	0.706145	0.66177	-0.251834	0.0676494	0.0725171	0.0129559	0.013688	0.0138392	0.00623943	
2.286e-08	760	0.971376	-0.227189	-0.0693775	0.130052	0.0782116	0.0150316	0.0147287	0.0172298	0.00809317	
2.292e-08	762	-0.20869	-0.423961	0.881309	0.0831854	0.0730773	0.0156469	0.00803789	0.0199888	0.00900155	
2.298e-08	764	0.556689	0.492735	-0.668812	0.0721481	0.0659456	0.00666418	0.0142422	0.0144179	0.00717631	
2.304e-08	766	-0.923677	-0.252865	0.287888	0.0649665	0.0730777	0.00994907	0.0174692	0.0107709	0.00400547	
2.31e-08	768	-0.424929	-0.821908	0.379345	0.0842429	0.0742453	0.00761948	0.0129989	0.0199515	0.00640551	
2.316e-08	770	0.527301	0.740772	-0.416185	0.0954118	0.0817515	0.0216442	0.0123888	0.0132513	0.00549184	
2.322e-08	772	0.728104	-0.281743	0.624888	0.0518712	0.0754433	0.0123837	0.0130048	0.0149047	0.00405589	
2.328e-08	774	0.412944	0.598279	0.686687	0.0441205	0.0606646	0.0112796	0.0065709	0.0117834	0.00635068	
2.334e-08	776	0.54751	-0.247079	-0.79949	0.0358351	0.0618212	0.0054316	0.0117772	0.0129363	0.00586969	
2.34e-08	778	-0.974776	-0.211421	-0.0715068	0.0648881	0.0642545	0.00737845	0.0125624	0.00985035	0.00432131	
2.346e-08	780	-0.502496	-0.851176	0.151651	0.0603826	0.0695063	0.0124231	0.0127959	0.010591	0.00538068	
2.352e-08	782	0.636299	0.679583	-0.36509	0.0580659	0.0628792	0.0109624	0.0076495	0.00875031	0.00347705	
2.358e-08	784	0.0105764	0.823162	0.567708	0.0586783	0.0768028	0.0136734	0.0141982	0.0192107	0.00973807	
2.364e-08	786	-0.873707	-0.327405	-0.35978	0.0251288	0.0653438	0.011976	0.00862995	0.0104818	0.00568043	
2.37e-08	788	0.483369	-0.828709	0.282128	0.0971477	0.0712487	0.0173914	0.0117296	0.00781994	0.00793629	
2.376e-08	790	-0.357755	0.886031	0.29489	0.0800988	0.0680663	0.00928443	0.0115545	0.0104629	0.0029626	
2.382e-08	792	0.858026	0.0634837	0.509668	0.0735346	0.0611525	0.00689544	0.00676821	0.0114033	0.00295441	
2.388e-08	794	-0.994969	-0.0953212	0.0308273	0.117504	0.0643155	0.00934208	0.00947457	0.0115272	0.00662969	
2.394e-08	796	-0.667002	0.609146	0.42901	0.0751256	0.0672457	0.0102587	0.00841489	0.0112825	0.00406331	
2.4e-08	798	-0.629954	0.315189	0.709798	0.0544694	0.0575522	0.0104115	0.00721316	0.00655952	0.00426358	
2.406e-08	800	-0.380376	-0.923141	-0.0558892	0.0771666	0.0590478	0.00633066	0.00862738	0.0108239	0.00408828	
2.412e-08	802	0.857223	-0.233777	-0.458821	0.0294207	0.0665257	0.00956517	0.00944242	0.0122492	0.00425622	
2.418e-08	804	-0.694128	0.692978	0.194852	0.0426396	0.0622566	0.0115294	0.00843629	0.00475164	0.00316752	
2.424e-08	806	0.393404	0.423286	-0.816126	0.0292226	0.06234	0.00780069	0.00926543	0.0112294	0.00596491	
2.43e-08	808	0.869614	0.372774	-0.323747	0.0286104	0.059459	0.00876557	0.00930614	0.00556899	0.00340704	
2.436e-08	810	-0.199545	-0.37526	-0.905186	0.0472353	0.0599485	0.0104152	0.00941299	0.0049531	0.00363555	
2.442e-08	812	0.375182	-0.926565	0.0267565	0.0653869	0.0612031	0.0105552	0.0115863	0.00521671	0.00461264	
2.448e-08	814	0.454433	0.143209	0.879194	0.0919492	0.0558414	0.00781068	0.00858831	0.00631365	0.00377618	
2.454e-08	816	0.640073	0.698202	0.320658	0.0560545	0.0588443	0.00716223	0.0071361	0.0107381	0.00521117	
2.46e-08	818	0.727919	0.684907	-0.0321815	0.0325793	0.0618847	0.00933609	0.00584171	0.010598	0.00323407	
2.466e-08	820	0.557797	0.802424	0.212081	0.0734134	0.0563031	0.00838065	0.00740905	0.00713373	0.00453771	
2.472e-08	822	0.296957	0.902079	0.313162	0.033026	0.0581845	0.00927146	0.00687999	0.00764911	0.00367631	
2.478e-08	824	0.327334	0.7753	0.54015	0.106548	0.0541955	0.0047238	0.00837497	0.00730208	0.00295101	
2.484e-08	826	-0.717603	-0.202067	0.666495	0.102096	0.0567159	0.00792012	0.00407065	0.0093337	0.00237115	
2.49e-08	828	0.445762	0.506104	-0.738346	0.101514	0.0620805	0.00817398	0.00819563	0.010286	0.00405465	
2.496e-08	830	-0.541067	-0.772347	-0.332758	0.0431345	0.0564245	0.00814287	0.00846401	0.00524515	0.00274417	
2.502e-08	832	-0.405451	0.914023	0.0130895	0.0415903	0.0621847	0.00772348	0.0102397	0.00871919	0.00411379	
2.508e-08	834	-0.463752	-0.884348	-0.0535031	0.060605	0.0542278	0.00791357	0.0030976	0.0091896	0.00322947	
2.514e-08	836	0.71067	-0.636121	0.300497	0.0971114	0.0553344	0.00870803	0.00563325	0.00690845	0.00327644	
2.52e-08	838	0.778775	-0.0326137	0.626455	0.0375458	0.0595312	0.00795875	0.00686762	0.00853763	0.00425329	
2.526e-08	840	-0.231448	0.965143	0.122188	0.0413747	0.0615272	0.00387912	0.0101104	0.0113583	0.0032802	
2.532e-08	842	0.957123	-0.280466	0.0724919	0.0446846	0.0568592	0.00775799	0.00622309	0.0100219	0.00508194	
2.538e-08	844	0.608708	-0.048607	-0.791904	0.0446409	0.0550303	0.00801503	0.00544975	0.00681034	0.00383472	
2.544e-08	846	-0.484078	0.0880558	0.870583	0.071669	0.0570101	0.00709791	0.00641563	0.00788778	0.00247411	
2.55e-08	848	-0.0720895	0.93116	-0.357412	0.043493	0.0616358	0.00763155	0.00750554	0.00926947	0.00262168	
2.556e-08	850	0.873415	0.383125	-0.300601	0.0838172	0.0590466	0.00539105	0.00636302	0.0105762	0.00253003	
2.562e-08	852	-0.790932	0.0907289	0.60514	0.10703	0.0548151	0.00755892	0.00430733	0.00698661	0.00232449	
2.568e-08	854	-0.598448	-0.00836018	-0.801118	0.0428263	0.050484	0.00306261	0.00903999	0.00401606	0.00190938	
2.574e-08	856	-0.843047	-0.113931	-0.525634	0.0515992	0.0550876	0.00578299	0.00889962	0.00528402	0.00294912	
2.58e-08	858	0.0361903	-0.0254184	0.999022	0.104521	0.0499693	0.00475553	0.00680076	0.00670916	0.00388301	
2.586e-08	860	-0.1921	0.96996	-0.149248	0.0288405	0.0485512	0.00469539	0.00687932	0.00476417	0.00275626	
2.592e-08	862	-0.194307	0.359556	0.912669	0.0526391	0.052292	0.00510755	0.00606797	0.00563415	0.00220924	
2.598e-08	864	0.0959844	0.92882	-0.357883	0.0723419	0.0527104	0.00506086	0.00416732	0.00697843	0.00206194	
2.604e-08	866	-0.942367	0.333451	0.0274685	0.0687032	0.0569383	0.00739871	0.00441041	0.00726704	0.00177488	
2.61e-08	868	0.616462	0.401301	0.677445	0.0492643	0.0467039	0.00413618	0.00464782	0.0053788	0.00174374	
2.616e-08	870	-0.19753	0.960212	-0.197422	0.0373935	0.0470359	0.00452417	0.0045722	0.00534124	0.00186246	
2.622e-08	872	0.380592	-0.553507	-0.740796	0.075609	0.0548487	0.00475106	0.00713316	0.00582225	0.00128716	
2.628e-08	874	-0.50013	0.125225	-0.856848	0.0276251	0.0467971	0.00578333	0.00401735	0.00486047	0.00246921	
2.634e-08	876	-0.0919248	0.810321	0.578731	0.0296686	0.0497988	0.0047751	0.00633368	0.00457714	0.00207543	
2.64e-08	878	0.155795	-0.302926	0.940193	0.0166476	0.0505331	0.00422357	0.00685679	0.0050442	0.00211789	
2.646e-08	880	0.0357621	0.967623	-0.249853	0.0575412	0.0517266	0.00640671	0.00633157	0.00426508	0.00187195	
2.652e-08	882	0.52028	0.183959	0.833947	0.0596127	0.0513304	0.00668495	0.0064076	0.00384002	0.00229299	
2.658e-08	884	0.0853955	0.847044	-0.524619	0.0129825	0.0487662	0.00473208	0.00486438	0.0062647	0.00244194	
2.664e-08	886	0.474674	-0.119402	0.872025	0.0447573	0.0454656	0.00464095	0.00506501	0.00342502	0.00216806	
2.67e-08	888	0.558657	0.81958	0.127243	0.082663	0.0503905	0.00618247	0.00369613	0.00584132	0.00255327	
2.676e-08	890	-0.837813	0.521456	0.161721	0.0320541	0.0464917	0.00487035	0.00251604	0.0052409	0.00197968	
2.682e-08	892	0.563874	-0.192606	0.803087	0.0792074	0.0477033	0.00467102	0.00426827	0.00445876	0.00253931	
2.688e-08	894	-0.796819	-0.219044	-0.563116	0.0593977	0.0520803	0.00764988	0.00476343	0.00493265	0.00278391	
2.694e-08	896	-0.291893	0.43915	0.849674	0.0665387	0.0553948	0.00488746	0.00393112	0.0089715	0.00160332	
2.7e-08	898	-0.473419	0.55813	0.681443	0.053236	0.0444862	0.00392381	0.00443844	0.00443579	0.00206262	
2.706e-08	900	0.673107	-0.525928	-0.519929	0.060164	0.044047	0.00289646	0.00455971	0.00471998	0.00177407	
