#----------------------------------------------------------------------------------------------------------------------------------------------------------
# Output file for vampire simulation
#   time       : 2024-08-29 04:53:37     process id : 2984672
#   hostname   : node117.viking2.yor.alces.network
#   path       : /users/ky883/parameter/WS_dia5/AI_Dataset/size_5.0_5.0_5.0/Temp_900/random_1
#----------------------------------------------------------------------------------------------------------------------------------------------------------
6e-11	0	-0.00649043	0.00242706	0.999976	0.999886	0.999844	0	0	0	0	
1.2e-10	2	-0.00582263	0.00440857	0.999973	0.998869	0.998895	0.0570552	0.0455417	4.6136e-06	3.68097e-06	
1.8e-10	4	-0.00245369	0.00878964	0.999958	0.997849	0.9978	0.0689889	0.0305534	8.57421e-06	7.30439e-06	
2.4e-10	6	-0.00298034	-0.00935332	0.999952	0.996638	0.996692	0.0450697	0.0668243	1.1795e-05	1.19494e-05	
3e-10	8	-0.000444255	0.00201595	0.999998	0.995701	0.995584	0.0563535	0.0225556	1.98665e-05	1.74491e-05	
3.6e-10	10	-0.0082888	0.0257661	0.999634	0.994819	0.994481	0.0379396	0.0882387	3.10602e-05	3.23057e-05	
4.2e-10	12	0.00667125	0.0145284	0.999872	0.993477	0.993407	0.0608248	0.052936	2.85904e-05	2.44783e-05	
4.8e-10	14	-0.0111949	0.00173202	0.999936	0.992414	0.992306	0.0517853	0.0464508	2.45356e-05	2.51636e-05	
5.4e-10	16	0.00378863	0.012241	0.999918	0.991277	0.991137	0.0622884	0.0523986	5.25596e-05	4.22075e-05	
6e-10	18	-0.0116042	-0.00314495	0.999928	0.989691	0.989983	0.0361808	0.0569947	3.83716e-05	3.77853e-05	
6.6e-10	20	0.0126518	-0.0206041	0.999708	0.988852	0.988912	0.0520984	0.0703887	5.16228e-05	4.77296e-05	
7.2e-10	22	-0.00522312	-0.00281119	0.999982	0.987183	0.98777	0.0513742	0.0676941	5.79137e-05	5.93177e-05	
7.8e-10	24	-0.0139681	0.0223927	0.999652	0.986036	0.986717	0.0387485	0.0621714	7.43121e-05	4.85209e-05	
8.4e-10	26	0.00342974	-0.0106837	0.999937	0.984703	0.985496	0.0569404	0.0496712	5.57899e-05	4.59284e-05	
9e-10	28	0.00624803	0.0277604	0.999595	0.984667	0.984593	0.0399362	0.0551432	8.43082e-05	7.22554e-05	
9.6e-10	30	0.0300115	0.01449	0.999445	0.983042	0.983178	0.0787719	0.0660794	5.31786e-05	4.50903e-05	
1.02e-09	32	0.0104406	0.0090004	0.999905	0.981927	0.982065	0.0407431	0.0625888	8.41602e-05	7.23556e-05	
1.08e-09	34	0.0126584	0.000638185	0.99992	0.981616	0.980979	0.0632788	0.057684	8.04924e-05	7.87461e-05	
1.14e-09	36	-0.00654507	-0.0162139	0.999847	0.979963	0.979871	0.0580313	0.0554848	0.000122403	7.94412e-05	
1.2e-09	38	-0.0344589	0.00690864	0.999382	0.978535	0.978659	0.0543023	0.0434831	0.000115823	0.000104492	
1.26e-09	40	0.0220185	0.00203584	0.999755	0.977042	0.977487	0.0492042	0.063344	7.82103e-05	6.58911e-05	
1.32e-09	42	-6.80082e-05	-0.0156613	0.999877	0.976183	0.976354	0.0563971	0.0473368	8.55666e-05	7.83324e-05	
1.38e-09	44	-0.0134673	-0.000933314	0.999909	0.975447	0.975287	0.0405	0.0396334	9.49379e-05	8.76607e-05	
1.44e-09	46	0.00620754	0.0115602	0.999914	0.973875	0.974272	0.0576613	0.0581184	0.000107415	9.10081e-05	
1.5e-09	48	0.028559	-0.0134063	0.999502	0.971782	0.972757	0.067403	0.0595674	0.000113677	8.66351e-05	
1.56e-09	50	-0.0124421	-0.0075411	0.999894	0.973361	0.971689	0.0459286	0.0476977	0.000173355	0.000138037	
1.62e-09	52	-0.00329222	-0.0237631	0.999712	0.969344	0.970801	0.0713557	0.0464221	0.000204251	0.00012646	
1.68e-09	54	-0.0258804	0.0359939	0.999017	0.967349	0.969188	0.0484071	0.0460924	0.000140836	0.000104297	
1.74e-09	56	0.00793445	-0.0140076	0.99987	0.969071	0.9683	0.0960478	0.033142	0.000116063	8.46814e-05	
1.8e-09	58	0.00294626	-0.000340959	0.999996	0.968023	0.967353	0.0570274	0.0499033	0.000136774	0.000132235	
1.86e-09	60	0.0145833	0.022102	0.999649	0.965656	0.966093	0.0571976	0.0320762	0.000215322	0.000193086	
1.92e-09	62	0.0460025	0.0295173	0.998505	0.966896	0.964911	0.0822072	0.0667564	0.000215868	0.000173138	
1.98e-09	64	0.0180607	-0.0506691	0.998552	0.962211	0.963854	0.0465769	0.0753788	0.000146362	0.000138885	
2.04e-09	66	-0.0178545	0.00519083	0.999827	0.962534	0.96233	0.0541343	0.0657831	0.000192894	0.000132207	
2.1e-09	68	-0.0333687	-0.0479458	0.998292	0.963131	0.961214	0.0420529	0.0750902	0.000127341	0.000117765	
2.16e-09	70	-0.000560701	-0.0131221	0.999914	0.958697	0.960063	0.0524607	0.0650776	0.000215391	0.000160244	
2.22e-09	72	0.00176804	-0.00377299	0.999991	0.958794	0.959303	0.0336276	0.0314828	0.000227619	0.000243858	
2.28e-09	74	-0.0102725	0.00102432	0.999947	0.956124	0.957713	0.0349004	0.042417	0.000221142	0.000189365	
2.34e-09	76	0.021445	-0.00764963	0.999741	0.957645	0.956592	0.101408	0.0613547	0.000270297	0.000185294	
2.4e-09	78	-0.00304191	-0.0111489	0.999933	0.954606	0.955459	0.0325282	0.0404774	0.000267235	0.000221154	
2.46e-09	80	-0.057687	0.0244207	0.998036	0.956186	0.954803	0.0579325	0.0467087	0.000199136	0.000181153	
2.52e-09	82	0.0146494	-0.00630237	0.999873	0.954284	0.953274	0.0641704	0.0593991	0.000352923	0.000287986	
2.58e-09	84	-0.0434056	0.0272959	0.998685	0.950928	0.951873	0.0800505	0.0738288	0.000215704	0.000184782	
2.64e-09	86	-0.00453363	0.0297818	0.999546	0.946537	0.95097	0.049075	0.0562581	0.000339497	0.000318504	
2.7e-09	88	-0.0738505	-0.00103771	0.997269	0.952592	0.94937	0.0641197	0.0730638	0.000365323	0.000392726	
2.76e-09	90	0.0379035	-0.0409132	0.998444	0.949635	0.948508	0.0460742	0.0572131	0.000209016	0.000201132	
2.82e-09	92	0.00891387	-0.00410793	0.999952	0.946339	0.947814	0.0534886	0.0433848	0.000267536	0.000246624	
2.88e-09	94	-0.0408813	0.0543351	0.997686	0.947416	0.946217	0.0617856	0.0476839	0.000197194	0.000229568	
2.94e-09	96	-0.00594098	0.0114576	0.999917	0.945089	0.944711	0.042021	0.0386183	0.000214403	0.000192082	
3e-09	98	-0.019733	0.0337747	0.999235	0.941829	0.943771	0.0575539	0.05084	0.000297509	0.000229505	
3.06e-09	100	0.0367058	-0.0397897	0.998534	0.943451	0.942311	0.05017	0.0570902	0.000239375	0.000218853	
3.12e-09	102	-0.0407552	-0.0316034	0.998669	0.941822	0.941045	0.0490794	0.0771034	0.000328909	0.000302234	
3.18e-09	104	-0.023428	-0.0780944	0.996671	0.94336	0.940721	0.0758659	0.0784797	0.000236782	0.000239409	
3.24e-09	106	-0.0317236	-0.00295109	0.999492	0.940697	0.938732	0.0754501	0.0524794	0.000505941	0.000407389	
3.3e-09	108	0.000614748	-0.0318846	0.999491	0.933601	0.937143	0.05085	0.0512156	0.000350265	0.000300211	
3.36e-09	110	-0.0260679	0.00986133	0.999612	0.936391	0.936519	0.0572226	0.0717148	0.000288829	0.000231851	
3.42e-09	112	0.0555363	-0.034391	0.997864	0.935801	0.93541	0.0786809	0.0535487	0.000360171	0.000250612	
3.48e-09	114	-0.00811248	0.0108194	0.999909	0.933494	0.934113	0.0488392	0.0770567	0.000299814	0.000200125	
3.54e-09	116	-0.0475814	-0.0444214	0.997879	0.932459	0.932576	0.0497445	0.0485832	0.000505018	0.000468471	
3.6e-09	118	0.0183763	0.00989279	0.999782	0.930413	0.931424	0.0465711	0.0707169	0.000426576	0.000324205	
3.66e-09	120	0.00216067	0.0219977	0.999756	0.934056	0.9298	0.0461674	0.0560251	0.000319056	0.00027465	
3.72e-09	122	0.054821	0.0483885	0.997323	0.930086	0.929285	0.0406226	0.0396597	0.00051276	0.000467814	
3.78e-09	124	-0.002774	-0.014387	0.999893	0.930587	0.927912	0.0547024	0.0885229	0.000752299	0.000444544	
3.84e-09	126	0.000870954	-0.0225286	0.999746	0.923957	0.925808	0.0538214	0.0743238	0.000361909	0.000357577	
3.9e-09	128	-0.00815743	-0.0586144	0.998247	0.929765	0.924558	0.0293804	0.0493499	0.000598987	0.000573483	
3.96e-09	130	0.0424692	0.0487188	0.997909	0.927042	0.924335	0.0481182	0.0433277	0.00040238	0.000333597	
4.02e-09	132	0.0276394	0.0232661	0.999347	0.925757	0.923213	0.0568359	0.0395684	0.000371947	0.000361591	
4.08e-09	134	-0.0455047	0.047476	0.997835	0.922258	0.922134	0.0491813	0.0483358	0.000391438	0.000342574	
4.14e-09	136	-0.0101996	0.00870773	0.99991	0.917837	0.920175	0.0427393	0.0297107	0.000228269	0.000189484	
4.2e-09	138	0.031571	0.004417	0.999492	0.91486	0.918549	0.0633859	0.0458805	0.000567052	0.000440475	
4.26e-09	140	0.024668	0.0174231	0.999544	0.917276	0.918253	0.0415325	0.0485554	0.000470732	0.000495631	
4.32e-09	142	-0.0434335	0.0363159	0.998396	0.91285	0.916068	0.0830645	0.0508572	0.000651484	0.000588367	
4.38e-09	144	0.025829	-0.0549007	0.998158	0.91698	0.915541	0.0291534	0.0858472	0.000589007	0.000586904	
4.44e-09	146	0.006034	0.070425	0.997499	0.916333	0.914748	0.0488604	0.0700271	0.000274433	0.000186932	
4.5e-09	148	0.0275809	0.00230138	0.999617	0.909996	0.912607	0.0212235	0.0465006	0.000532589	0.000475701	
4.56e-09	150	-0.0416445	-0.0243319	0.998836	0.912674	0.911065	0.0537665	0.0544829	0.000547032	0.000505585	
4.62e-09	152	-0.0068631	-0.036847	0.999297	0.909937	0.909248	0.0565169	0.0768161	0.000705903	0.000675583	
4.68e-09	154	-0.0351822	0.0346333	0.998781	0.912041	0.909301	0.0303992	0.0334158	0.000388406	0.000353196	
4.74e-09	156	-0.0256883	-0.0630618	0.997679	0.90994	0.908342	0.021059	0.0660084	0.000455713	0.000402359	
4.8e-09	158	0.0112866	-0.0118098	0.999867	0.91153	0.90623	0.0465586	0.0428555	0.000670584	0.000490922	
4.86e-09	160	-0.00975131	0.0201952	0.999749	0.909831	0.90621	0.0620895	0.0277079	0.000482378	0.000313966	
4.92e-09	162	0.0587175	-0.0134239	0.998184	0.901682	0.90401	0.0591892	0.0580391	0.000707035	0.000597759	
4.98e-09	164	-0.0159183	0.0734757	0.99717	0.901253	0.902247	0.0902901	0.0381459	0.000911657	0.000566871	
5.04e-09	166	0.0753196	0.0222907	0.99691	0.904181	0.900687	0.065782	0.0574476	0.00072359	0.000708064	
5.1e-09	168	-0.0199377	-0.0110561	0.99974	0.903336	0.899352	0.0374052	0.0743404	0.000509422	0.000486925	
5.16e-09	170	-0.0046835	0.0167581	0.999849	0.903313	0.89876	0.0501563	0.0594256	0.000600812	0.000546427	
5.22e-09	172	-0.0282321	-0.0238562	0.999317	0.893681	0.896972	0.0540292	0.0472778	0.000448333	0.000508998	
5.28e-09	174	-0.0794805	0.0495915	0.995602	0.905	0.895731	0.0821755	0.057365	0.000811346	0.000842459	
5.34e-09	176	-0.0302676	-0.0156784	0.999419	0.89402	0.895475	0.0730123	0.0716064	0.000805838	0.000572025	
5.4e-09	178	-0.0374683	0.0410172	0.998456	0.892317	0.892556	0.0688065	0.0364879	0.000672096	0.000542417	
5.46e-09	180	-0.00320831	-0.0453037	0.998968	0.896286	0.892567	0.0472814	0.0464822	0.000511016	0.000407405	
5.52e-09	182	0.00593241	0.0478122	0.998839	0.887179	0.890419	0.0494092	0.0312184	0.000605012	0.000529219	
5.58e-09	184	-0.0297557	0.00422974	0.999548	0.890171	0.890277	0.0435355	0.0748918	0.000478773	0.000300847	
5.64e-09	186	-0.0383438	0.0640163	0.997212	0.886917	0.888022	0.0616558	0.0611093	0.000822935	0.000545169	
5.7e-09	188	-0.00105015	0.0523441	0.998629	0.893166	0.887124	0.0743255	0.0486037	0.000741753	0.000494809	
5.76e-09	190	-0.0204904	0.00603502	0.999772	0.886167	0.885597	0.0436897	0.0575334	0.000630903	0.000534833	
5.82e-09	192	0.0245502	0.0127983	0.999617	0.882586	0.885138	0.0676286	0.0697107	0.000711269	0.000459558	
5.88e-09	194	-0.0360619	0.0762592	0.996436	0.882365	0.882409	0.0550426	0.0592414	0.000653531	0.000606748	
5.94e-09	196	-0.00903849	0.049256	0.998745	0.882789	0.881224	0.0699032	0.0828147	0.00128375	0.000706612	
6e-09	198	0.0447984	0.0560104	0.997425	0.872425	0.879141	0.0515507	0.0564517	0.000635591	0.000535132	
6.06e-09	200	0.028483	-0.0825869	0.996177	0.88015	0.877679	0.0581911	0.0746236	0.000890515	0.000810797	
6.12e-09	202	0.0709384	0.0600327	0.995673	0.872004	0.877363	0.053321	0.0312964	0.000614745	0.000533274	
6.18e-09	204	0.051063	0.0332867	0.998141	0.87817	0.877337	0.0836962	0.0558728	0.000830204	0.000614465	
6.24e-09	206	0.102219	0.0384776	0.994017	0.878644	0.875938	0.0728916	0.0610608	0.000907996	0.00082645	
6.3e-09	208	0.0673418	0.0710805	0.995195	0.876092	0.872459	0.0764521	0.0559254	0.000889469	0.000500475	
6.36e-09	210	0.0236337	0.00186519	0.999719	0.865313	0.871636	0.0453282	0.0292744	0.000887157	0.00108029	
6.42e-09	212	0.115088	0.0244374	0.993055	0.876504	0.871758	0.0507992	0.0438945	0.00042014	0.000395226	
6.48e-09	214	-0.097265	0.0474399	0.994127	0.874469	0.869634	0.0654185	0.0432606	0.00138498	0.00108399	
6.54e-09	216	-0.0127794	0.0198839	0.999721	0.861238	0.868373	0.0461834	0.0916008	0.000966553	0.000463548	
6.6e-09	218	-0.0212321	0.00552242	0.999759	0.867128	0.867021	0.0491626	0.0444646	0.00055723	0.000552554	
6.66e-09	220	-0.0400486	0.0107653	0.99914	0.864976	0.865024	0.0682164	0.0623371	0.000460942	0.000444541	
6.72e-09	222	0.0307923	-0.0386633	0.998778	0.864116	0.864266	0.0479641	0.0543681	0.000731789	0.000708749	
6.78e-09	224	-0.0262775	0.00665411	0.999633	0.865286	0.861453	0.0479414	0.0664894	0.000932979	0.000759315	
6.84e-09	226	0.0797075	-0.0254639	0.996493	0.859316	0.859711	0.0429264	0.0833885	0.00119984	0.00118774	
6.9e-09	228	-0.045439	0.0214991	0.998736	0.856778	0.859512	0.0901892	0.0506472	0.000731449	0.00059321	
6.96e-09	230	0.0787531	-0.0685523	0.994534	0.859566	0.857336	0.0508784	0.0931041	0.0012359	0.00070056	
7.02e-09	232	-0.0105673	0.0365939	0.999274	0.856031	0.857978	0.058245	0.0469336	0.000764936	0.00074764	
7.08e-09	234	0.0558981	0.0576273	0.996772	0.868693	0.85571	0.0542016	0.0695622	0.000773001	0.000728849	
7.14e-09	236	-0.0380056	0.0213744	0.999049	0.85792	0.854889	0.099592	0.0491123	0.00111293	0.000913081	
7.2e-09	238	-0.05262	-0.0676231	0.996322	0.84772	0.852399	0.0493672	0.0618145	0.000584995	0.000616109	
7.26e-09	240	-0.0235649	0.00737938	0.999695	0.85137	0.851083	0.082735	0.0409513	0.000909222	0.000693435	
7.32e-09	242	0.0228713	0.0208433	0.999521	0.852614	0.848223	0.0573848	0.0930491	0.00104174	0.000791216	
7.38e-09	244	0.0365371	0.105532	0.993744	0.852985	0.849053	0.0449376	0.107229	0.000918083	0.000689449	
7.44e-09	246	-0.030601	-0.018455	0.999361	0.850519	0.847607	0.0599303	0.0305259	0.00118905	0.00101407	
7.5e-09	248	0.0289387	-0.0013597	0.99958	0.845118	0.844504	0.0492957	0.0562223	0.000931493	0.000944197	
7.56e-09	250	-0.0318194	0.0226439	0.999237	0.839947	0.842331	0.0646536	0.0433579	0.000902429	0.000789218	
7.62e-09	252	-0.126952	0.00435474	0.991899	0.845259	0.842073	0.0919427	0.083303	0.00100555	0.000714947	
7.68e-09	254	-0.0517194	0.0463998	0.997583	0.837838	0.841515	0.050537	0.0633187	0.000618944	0.000577577	
7.74e-09	256	-0.0342749	0.0246725	0.999108	0.843858	0.839245	0.0396214	0.0670003	0.00105327	0.000750685	
7.8e-09	258	0.0233486	-0.0457964	0.998678	0.833241	0.838351	0.0851535	0.0724748	0.000854288	0.000970213	
7.86e-09	260	-0.0178232	-0.0641329	0.997782	0.840098	0.834636	0.0653818	0.0802323	0.00134482	0.00111402	
7.92e-09	262	-0.156703	-0.00438651	0.987636	0.839468	0.835047	0.0677803	0.0463008	0.00108593	0.000986688	
7.98e-09	264	0.0251831	0.0188449	0.999505	0.829165	0.833124	0.0749862	0.0986567	0.00130176	0.00101414	
8.04e-09	266	0.00163603	0.0016981	0.999997	0.824744	0.831485	0.0529629	0.0473071	0.00118075	0.00106416	
8.1e-09	268	0.000378905	-0.083268	0.996527	0.833365	0.828515	0.0523371	0.0373737	0.00113111	0.00126688	
8.16e-09	270	-0.0379574	0.092521	0.994987	0.824387	0.829161	0.0403457	0.0800179	0.000849351	0.000943282	
8.22e-09	272	0.0111685	0.112857	0.993548	0.822022	0.826184	0.0679875	0.0455195	0.000904668	0.000822667	
8.28e-09	274	0.0201904	0.00329269	0.999791	0.831514	0.827105	0.0806738	0.0747779	0.00140388	0.000750642	
8.34e-09	276	-0.0300111	-0.0947189	0.995052	0.815948	0.824889	0.0471636	0.065696	0.000929709	0.000910631	
8.4e-09	278	0.0230653	-0.0145628	0.999628	0.825052	0.824462	0.065329	0.0551063	0.00137405	0.00103674	
8.46e-09	280	0.053256	0.0104818	0.998526	0.816425	0.821396	0.0412817	0.0467265	0.000822003	0.000765232	
8.52e-09	282	-0.192297	0.107328	0.97545	0.825862	0.820615	0.0813717	0.113317	0.00184476	0.00100684	
8.58e-09	284	0.0258328	0.109033	0.993702	0.805789	0.817562	0.090543	0.0620179	0.00142056	0.00137254	
8.64e-09	286	-0.0732009	0.024919	0.997006	0.811599	0.81523	0.106092	0.0356168	0.00175893	0.00139256	
8.7e-09	288	-0.105454	-0.0905392	0.990294	0.823534	0.814972	0.081093	0.064153	0.00166639	0.00112474	
8.76e-09	290	0.0235212	0.0427112	0.998811	0.813467	0.813143	0.093852	0.0523338	0.00101005	0.000845398	
8.82e-09	292	0.0192177	0.00522953	0.999802	0.800306	0.810443	0.0626259	0.0525619	0.00128044	0.00124588	
8.88e-09	294	-0.0810866	0.0452184	0.995681	0.797257	0.81043	0.0571212	0.0912707	0.00142139	0.00112096	
8.94e-09	296	-0.00193247	0.0156687	0.999875	0.819011	0.807397	0.0759282	0.0605835	0.0017795	0.00132568	
9e-09	298	-0.0203231	0.0336825	0.999226	0.812731	0.808717	0.058825	0.027443	0.000656072	0.000638725	
9.06e-09	300	-0.0400717	-0.159973	0.986308	0.803484	0.805421	0.084042	0.078747	0.00102459	0.000899441	
9.12e-09	302	0.039034	-0.102758	0.99394	0.808541	0.80217	0.085412	0.0905899	0.00153588	0.00144455	
9.18e-09	304	0.0400576	0.105885	0.993571	0.800041	0.801482	0.0715424	0.0671825	0.00118547	0.00102359	
9.24e-09	306	-0.0266257	0.0485136	0.998468	0.813714	0.803821	0.064901	0.0697135	0.00119995	0.00114785	
9.3e-09	308	0.0240506	0.0082582	0.999677	0.800617	0.798606	0.0524453	0.0816911	0.00107637	0.000955226	
9.36e-09	310	0.0155028	-0.0124148	0.999803	0.798691	0.799348	0.0599353	0.061588	0.00142093	0.00118557	
9.42e-09	312	-0.041146	0.0301787	0.998697	0.792796	0.795129	0.121295	0.0580941	0.0018462	0.00117256	
9.48e-09	314	0.0424995	0.0254534	0.998772	0.799517	0.793494	0.038558	0.0890069	0.00223592	0.00144144	
9.54e-09	316	-0.0677751	0.0983361	0.992843	0.788555	0.793842	0.0416638	0.0675663	0.00156761	0.00127995	
9.6e-09	318	0.0360145	-0.0200109	0.999151	0.801709	0.793585	0.0430902	0.0645793	0.00148841	0.00130196	
9.66e-09	320	0.0129436	0.0297752	0.999473	0.801578	0.792162	0.0566037	0.0435889	0.00143862	0.00102587	
9.72e-09	322	0.0438343	-0.0740548	0.99629	0.783515	0.788754	0.0500914	0.0765467	0.00153944	0.00153929	
9.78e-09	324	-0.0151488	0.0307512	0.999412	0.779592	0.787024	0.0787412	0.0824317	0.00229533	0.00169391	
9.84e-09	326	-0.00186355	0.0986111	0.995124	0.780925	0.784605	0.0611948	0.0676428	0.000914395	0.000994857	
9.9e-09	328	-0.0592403	-0.022176	0.997997	0.786634	0.783039	0.0581096	0.0843057	0.00207155	0.00145637	
9.96e-09	330	-0.142368	-0.0190459	0.98963	0.771706	0.782553	0.080703	0.0584582	0.00140618	0.00133561	
1.002e-08	332	-0.0418466	0.0780051	0.996074	0.782351	0.781474	0.121906	0.0662793	0.00142138	0.000846315	
1.008e-08	334	0.114303	0.0331152	0.992894	0.776837	0.776864	0.0846271	0.0486188	0.000814478	0.000737191	
1.014e-08	336	0.102508	-0.0694225	0.992307	0.788107	0.775402	0.108525	0.0455435	0.00166015	0.00102378	
1.02e-08	338	0.0319371	0.020992	0.999269	0.760376	0.775067	0.0702381	0.0649358	0.00113831	0.00120291	
1.026e-08	340	0.00405484	0.0235901	0.999713	0.765814	0.77282	0.0987106	0.0558518	0.00170861	0.000952029	
1.032e-08	342	0.0755619	-0.0463295	0.996064	0.775326	0.772966	0.0305961	0.0983945	0.00163724	0.00115339	
1.038e-08	344	-0.0597057	0.00578691	0.998199	0.76075	0.77231	0.0734698	0.0729333	0.00163211	0.0013271	
1.044e-08	346	0.0126318	-0.0142632	0.999818	0.769842	0.769118	0.0438238	0.0623036	0.0011298	0.000970568	
1.05e-08	348	-0.0627068	-0.126843	0.989939	0.761236	0.765598	0.0749408	0.0556725	0.00205217	0.00169277	
1.056e-08	350	0.135585	0.0348777	0.990152	0.771689	0.767311	0.129329	0.0706359	0.00231242	0.00195205	
1.062e-08	352	0.00515434	-0.180708	0.983523	0.772804	0.759656	0.0546254	0.0764501	0.0015941	0.0016246	
1.068e-08	354	-0.100412	-0.0710992	0.992402	0.75259	0.760865	0.0557965	0.0325587	0.00184607	0.00187725	
1.074e-08	356	0.121225	-0.0027083	0.992621	0.767826	0.760079	0.0700992	0.112932	0.00225086	0.00113289	
1.08e-08	358	0.0592741	-0.0175311	0.998088	0.760293	0.757379	0.0786682	0.0397598	0.00214961	0.00202803	
1.086e-08	360	0.0526014	-0.074079	0.995864	0.756323	0.757916	0.058058	0.044308	0.00156338	0.00148587	
1.092e-08	362	-0.0879995	0.039771	0.995326	0.764265	0.755192	0.0611692	0.104519	0.00276429	0.00209022	
1.098e-08	364	0.0796661	0.122709	0.98924	0.75733	0.752218	0.0813859	0.110676	0.00209921	0.0014598	
1.104e-08	366	-0.0638266	-0.00784549	0.99793	0.755651	0.750679	0.0485075	0.0481889	0.00172902	0.00123493	
1.11e-08	368	0.0446553	0.0216883	0.998767	0.74409	0.749505	0.0587429	0.064274	0.00150228	0.00147477	
1.116e-08	370	0.110059	-0.123768	0.986189	0.74246	0.747719	0.0951532	0.0996418	0.00200786	0.00122757	
1.122e-08	372	0.0516258	-0.0329185	0.998124	0.753996	0.741887	0.0422561	0.0805435	0.00240933	0.00212437	
1.128e-08	374	-0.00162763	-0.0263501	0.999651	0.744013	0.741246	0.0623007	0.0657883	0.00192669	0.00178188	
1.134e-08	376	0.0577595	0.0175217	0.998177	0.735438	0.740139	0.0489996	0.0432284	0.0018369	0.00149091	
1.14e-08	378	-0.0763901	-0.0172026	0.99693	0.732935	0.740282	0.0666258	0.0702385	0.00231146	0.00138799	
1.146e-08	380	0.0186065	0.105704	0.994224	0.745156	0.737424	0.0622033	0.0647199	0.00163218	0.00136034	
1.152e-08	382	-0.034556	0.0130507	0.999318	0.742999	0.735669	0.0716548	0.053446	0.00141979	0.00105883	
1.158e-08	384	-0.0931819	-0.0698659	0.993195	0.728478	0.732435	0.0932972	0.0678144	0.00294278	0.00226866	
1.164e-08	386	-0.0231971	0.0918097	0.995506	0.73238	0.73413	0.050091	0.131356	0.00250343	0.00144985	
1.17e-08	388	0.0716673	-0.0134502	0.997338	0.720183	0.730521	0.0776727	0.134128	0.00135448	0.00134928	
1.176e-08	390	-0.190993	0.089536	0.977499	0.726475	0.727722	0.10899	0.0716636	0.00185106	0.00142862	
1.182e-08	392	0.0637171	-0.135117	0.988779	0.724492	0.724845	0.038295	0.0628714	0.001797	0.00146319	
1.188e-08	394	0.189065	0.0122054	0.981889	0.72009	0.724623	0.0849085	0.0532419	0.00187543	0.00187622	
1.194e-08	396	-0.0551848	-0.0496709	0.99724	0.727015	0.722168	0.096896	0.0512333	0.00245837	0.0022293	
1.2e-08	398	0.0709205	0.0128835	0.997399	0.726472	0.721568	0.0594939	0.105748	0.00268613	0.00244065	
1.206e-08	400	0.0625757	-0.0384229	0.9973	0.712794	0.720871	0.0590119	0.0609247	0.00315693	0.00319318	
1.212e-08	402	0.092579	-0.0309646	0.995224	0.71627	0.716373	0.0561731	0.0806636	0.00136417	0.000902363	
1.218e-08	404	-0.177609	-0.00310325	0.984096	0.713569	0.717686	0.134177	0.039866	0.0022272	0.00183329	
1.224e-08	406	-0.102342	-0.0879345	0.990855	0.713241	0.709616	0.0869215	0.0875794	0.00656179	0.00360307	
1.23e-08	408	-0.25975	0.125949	0.957427	0.707678	0.711131	0.0811284	0.0783349	0.00198427	0.00136952	
1.236e-08	410	0.0484542	-0.0317033	0.998322	0.707366	0.708434	0.0697941	0.0777588	0.00260208	0.00224916	
1.242e-08	412	-0.100346	-0.0827664	0.991504	0.712194	0.705377	0.0790189	0.076326	0.0042408	0.00267301	
1.248e-08	414	-0.18705	-0.171514	0.967262	0.697126	0.702937	0.0536532	0.0711289	0.00308206	0.00231798	
1.254e-08	416	0.0847314	-0.100668	0.991305	0.712525	0.703562	0.0888703	0.103389	0.003083	0.00188812	
1.26e-08	418	-0.117579	-0.0202279	0.992858	0.686964	0.702556	0.0857421	0.0800675	0.00406593	0.00292036	
1.266e-08	420	0.156537	-0.0443844	0.986674	0.708502	0.701166	0.0693433	0.0896719	0.00210533	0.00198496	
1.272e-08	422	0.0961943	-0.126745	0.98726	0.680789	0.7017	0.0747901	0.0675783	0.00304456	0.00255942	
1.278e-08	424	0.00403912	0.139705	0.990185	0.684646	0.697129	0.0541074	0.0653482	0.0027442	0.00240392	
1.284e-08	426	-0.0873999	0.091454	0.991966	0.688188	0.693392	0.071643	0.0930713	0.00425741	0.00265147	
1.29e-08	428	-0.0464734	0.0514746	0.997592	0.689711	0.69049	0.0869763	0.0569513	0.00286523	0.00301259	
1.296e-08	430	-0.0167864	0.0776251	0.996841	0.677651	0.686389	0.0778135	0.137216	0.00334584	0.0021584	
1.302e-08	432	-0.0222492	-0.131275	0.991096	0.688871	0.68978	0.0638121	0.0563228	0.00182228	0.00138491	
1.308e-08	434	-0.0265085	-0.113892	0.993139	0.703054	0.684607	0.064977	0.102538	0.00355992	0.00300949	
1.314e-08	436	0.0355838	0.0543282	0.997889	0.696184	0.682983	0.0692263	0.0590858	0.00395092	0.00250807	
1.32e-08	438	0.0790728	0.0503102	0.995599	0.67748	0.678725	0.109799	0.0508073	0.00399815	0.00241173	
1.326e-08	440	0.324878	0.0111344	0.94569	0.675341	0.680422	0.0884895	0.0693258	0.00416628	0.00228518	
1.332e-08	442	0.00388867	0.106893	0.994263	0.675804	0.674664	0.0748483	0.0924546	0.00303904	0.00211164	
1.338e-08	444	0.0853688	0.049292	0.995129	0.675927	0.671162	0.0839861	0.0653683	0.00390018	0.00265363	
1.344e-08	446	-0.0666437	-0.226032	0.971838	0.671241	0.672772	0.056769	0.0818614	0.00316497	0.00240129	
1.35e-08	448	0.0771208	0.0423415	0.996122	0.673439	0.671415	0.0714782	0.0969098	0.00303298	0.0026691	
1.356e-08	450	-0.152409	0.0289708	0.987893	0.667769	0.668027	0.076999	0.0574065	0.00334746	0.00296739	
1.362e-08	452	-0.0524595	0.027294	0.99825	0.671724	0.663514	0.0654514	0.0923581	0.00280872	0.00284917	
1.368e-08	454	0.114973	0.0211521	0.993143	0.649326	0.665798	0.0685094	0.0695851	0.00376526	0.00289712	
1.374e-08	456	0.119706	-0.0763446	0.98987	0.669941	0.658677	0.0812559	0.0540761	0.00189372	0.00186886	
1.38e-08	458	0.056389	0.199016	0.978373	0.667516	0.660704	0.0763577	0.078946	0.00219558	0.00155907	
1.386e-08	460	-0.0448627	-0.0257377	0.998662	0.635584	0.653073	0.0702268	0.0690242	0.0029552	0.00238433	
1.392e-08	462	-0.000176962	-0.0443773	0.999015	0.651581	0.651099	0.0734675	0.0692772	0.00374949	0.00322056	
1.398e-08	464	-0.00259299	0.0168374	0.999855	0.673202	0.651115	0.0973074	0.100233	0.00340313	0.00194601	
1.404e-08	466	-0.0306467	-0.0931866	0.995177	0.641942	0.64627	0.0624704	0.0979215	0.00387659	0.00278991	
1.41e-08	468	-0.0705671	0.0560922	0.995929	0.646799	0.644453	0.104178	0.0404056	0.00271977	0.00229954	
1.416e-08	470	0.0659733	-0.108761	0.991876	0.635929	0.644057	0.0701424	0.0630293	0.00340233	0.00319523	
1.422e-08	472	-0.00357108	0.0140371	0.999895	0.651553	0.644216	0.0712942	0.0631092	0.00446296	0.00254401	
1.428e-08	474	0.0372048	0.0273515	0.998933	0.654383	0.635328	0.0681981	0.0615862	0.00595661	0.00511209	
1.434e-08	476	-0.0353509	-0.0122905	0.999299	0.629514	0.637286	0.0869836	0.0719339	0.00247586	0.00265339	
1.44e-08	478	-0.0508971	-0.086655	0.994937	0.651149	0.632265	0.107318	0.0852113	0.00421306	0.00302615	
1.446e-08	480	0.0395272	-0.0542974	0.997742	0.630707	0.628822	0.0797886	0.0786923	0.00333115	0.00246716	
1.452e-08	482	0.0596986	-0.0847486	0.994612	0.639385	0.630895	0.0766876	0.0717437	0.00498844	0.00338207	
1.458e-08	484	-0.0325551	-0.0480673	0.998313	0.614651	0.628561	0.0966233	0.0437881	0.0048695	0.00366432	
1.464e-08	486	-0.173359	-0.231264	0.957321	0.628056	0.624745	0.0667806	0.0757745	0.00514374	0.00378272	
1.47e-08	488	0.0585668	-0.0426094	0.997374	0.596265	0.617266	0.0690373	0.0937243	0.00914709	0.00493049	
1.476e-08	490	0.178712	0.0114851	0.983834	0.612491	0.621954	0.0710642	0.0826653	0.00530263	0.00438846	
1.482e-08	492	-0.00901076	-0.0488948	0.998763	0.604867	0.615182	0.0581082	0.115197	0.00424829	0.00309472	
1.488e-08	494	-0.196769	0.106928	0.974602	0.593878	0.612169	0.092371	0.0776935	0.00469156	0.00359133	
1.494e-08	496	-0.146921	-0.0139732	0.98905	0.596557	0.605559	0.0671461	0.0806864	0.00440866	0.00330195	
1.5e-08	498	-0.15195	0.264465	0.952349	0.619482	0.607873	0.0418434	0.122028	0.00988465	0.00622741	
1.506e-08	500	-0.276432	-0.0120202	0.960958	0.620369	0.605906	0.0875069	0.0737832	0.00371347	0.00279518	
1.512e-08	502	0.102727	0.104382	0.989218	0.604437	0.601241	0.0506979	0.163661	0.00603975	0.00332746	
1.518e-08	504	-0.0691841	-0.319948	0.944906	0.596792	0.598724	0.0913957	0.119912	0.00627881	0.00372055	
1.524e-08	506	0.221048	-0.014258	0.975159	0.596767	0.594729	0.0657864	0.0905635	0.00550198	0.00411948	
1.53e-08	508	-0.0846302	0.0782578	0.993335	0.601635	0.594198	0.0849562	0.067396	0.00487411	0.00310966	
1.536e-08	510	-0.104689	0.0896365	0.990457	0.593985	0.594347	0.0896385	0.0667545	0.00327116	0.00255721	
1.542e-08	512	0.0807521	0.210713	0.974207	0.564489	0.586352	0.0849244	0.101012	0.00897698	0.00438037	
1.548e-08	514	0.194646	0.15154	0.969097	0.574077	0.581988	0.0666946	0.0768659	0.0085881	0.00560164	
1.554e-08	516	-0.148401	-0.0403679	0.988103	0.609997	0.587544	0.0713212	0.0850588	0.00666317	0.0048121	
1.56e-08	518	0.240635	0.128286	0.9621	0.603022	0.580381	0.0694918	0.109899	0.00674725	0.00362932	
1.566e-08	520	-0.0299175	-0.120163	0.992303	0.572146	0.584033	0.0543345	0.0893887	0.00422043	0.00362391	
1.572e-08	522	-0.0229096	0.0392461	0.998967	0.578615	0.577512	0.0574947	0.0649091	0.00985918	0.00886591	
1.578e-08	524	-0.0536793	0.101771	0.993359	0.593045	0.572948	0.0888411	0.0867529	0.00633714	0.00401929	
1.584e-08	526	0.0147771	-0.018397	0.999722	0.583712	0.573825	0.066625	0.0822745	0.00815975	0.0060451	
1.59e-08	528	0.149166	-0.0522647	0.98743	0.575739	0.565547	0.102387	0.154148	0.00885028	0.00304359	
1.596e-08	530	0.0630959	0.0458448	0.996954	0.579078	0.559833	0.0623014	0.085372	0.00599167	0.0041401	
1.602e-08	532	-0.135664	0.163743	0.97713	0.56337	0.565471	0.055975	0.0573066	0.00660967	0.00534926	
1.608e-08	534	0.0382271	0.00609995	0.99925	0.553472	0.559632	0.0437428	0.0696693	0.00310155	0.00271575	
1.614e-08	536	0.213629	-0.108221	0.970902	0.530056	0.556497	0.0736371	0.109742	0.00689522	0.00435357	
1.62e-08	538	-0.0253692	-0.174487	0.984333	0.538454	0.55244	0.087047	0.0990505	0.00867764	0.00505224	
1.626e-08	540	0.0020286	-0.110896	0.99383	0.564707	0.535635	0.15894	0.112932	0.0155614	0.00620088	
1.632e-08	542	-0.00420801	-0.146809	0.989156	0.566018	0.545573	0.089526	0.0814038	0.00881034	0.003307	
1.638e-08	544	-0.0112715	-0.0434675	0.998991	0.547663	0.540075	0.110149	0.0923801	0.00771983	0.00475155	
1.644e-08	546	-0.043185	0.247698	0.967874	0.522827	0.541082	0.118274	0.0902772	0.00671007	0.00333202	
1.65e-08	548	-0.122153	-0.0430035	0.991579	0.550899	0.528427	0.092215	0.117983	0.0156625	0.00671089	
1.656e-08	550	-0.114532	0.107006	0.98764	0.511508	0.529516	0.103106	0.116357	0.0180255	0.00797967	
1.662e-08	552	-0.0905541	0.113408	0.989413	0.544565	0.529551	0.0729808	0.0820879	0.00896471	0.00452958	
1.668e-08	554	0.0281259	0.10322	0.994261	0.517392	0.522655	0.124071	0.0695331	0.00602198	0.00306137	
1.674e-08	556	0.00794894	0.0918601	0.99574	0.522679	0.519876	0.0737301	0.0957659	0.00627114	0.00469906	
1.68e-08	558	-0.0739647	-0.0346652	0.996658	0.514757	0.519019	0.0653101	0.0961243	0.0100202	0.0057317	
1.686e-08	560	0.21284	0.179607	0.960438	0.483176	0.51467	0.0661598	0.0518989	0.00536084	0.00625212	
1.692e-08	562	0.0519698	-0.126742	0.990573	0.452721	0.507526	0.0609364	0.0983872	0.0102531	0.0116497	
1.698e-08	564	0.320429	-0.168312	0.9322	0.510236	0.501818	0.0531951	0.0626673	0.0059399	0.0048872	
1.704e-08	566	-0.136242	-0.224813	0.96483	0.501065	0.49942	0.10589	0.101433	0.0164338	0.00920003	
1.71e-08	568	-0.181264	-0.224517	0.957463	0.486633	0.503228	0.120204	0.0877114	0.012043	0.00614952	
1.716e-08	570	-0.0149691	-0.0808236	0.996616	0.515526	0.500819	0.0923993	0.0723291	0.0105098	0.00529456	
1.722e-08	572	0.0501509	0.150848	0.987284	0.502097	0.487105	0.0969297	0.0693272	0.00995463	0.00734917	
1.728e-08	574	0.192078	-0.0896328	0.977278	0.496988	0.489154	0.048276	0.0946026	0.00670137	0.00623529	
1.734e-08	576	0.24747	-0.161086	0.955411	0.473573	0.488108	0.121518	0.0760225	0.0078594	0.00540288	
1.74e-08	578	0.0099169	0.20397	0.978927	0.468794	0.483938	0.068257	0.053014	0.0106319	0.00964557	
1.746e-08	580	-0.0539483	-0.0839046	0.995012	0.48088	0.469982	0.138271	0.104086	0.0121953	0.00574765	
1.752e-08	582	-0.174132	0.3923	0.903205	0.461046	0.474696	0.0631925	0.0925891	0.0128586	0.00840751	
1.758e-08	584	-0.359193	0.28836	0.887597	0.462943	0.46673	0.093042	0.0837241	0.00749174	0.00611603	
1.764e-08	586	0.113116	-0.214859	0.970072	0.417074	0.467852	0.0665321	0.0742772	0.0118574	0.0097108	
1.77e-08	588	0.0103611	-0.208323	0.978005	0.462843	0.457624	0.11385	0.0955086	0.0200105	0.0099506	
1.776e-08	590	0.267934	-0.028396	0.963019	0.483475	0.460079	0.107293	0.101258	0.01175	0.0079818	
1.782e-08	592	0.376992	0.216888	0.900465	0.460786	0.451881	0.13585	0.0844059	0.0114879	0.00601056	
1.788e-08	594	-0.103158	0.361424	0.926678	0.460974	0.453784	0.0754075	0.087006	0.0080351	0.00875709	
1.794e-08	596	-0.0908049	0.022425	0.995616	0.426467	0.449942	0.114746	0.115672	0.00816503	0.00936579	
1.8e-08	598	0.0631399	0.14035	0.988087	0.43918	0.43576	0.0941137	0.0864882	0.0116124	0.00617716	
1.806e-08	600	0.0118339	0.0375933	0.999223	0.445596	0.433836	0.134406	0.133637	0.0249662	0.0100101	
1.812e-08	602	-0.177244	-0.200572	0.963512	0.453098	0.433132	0.118059	0.0657049	0.0155502	0.0121465	
1.818e-08	604	-0.287728	0.439935	0.850688	0.42971	0.43098	0.0782841	0.092848	0.0168066	0.0090123	
1.824e-08	606	0.388364	-0.063464	0.919318	0.461835	0.426219	0.138938	0.0903945	0.0153643	0.012963	
1.83e-08	608	-0.095749	0.0440731	0.994429	0.395698	0.408192	0.0991067	0.102787	0.0233751	0.00422919	
1.836e-08	610	-0.137875	0.00812347	0.990416	0.372176	0.406276	0.130794	0.0820499	0.0215065	0.0101595	
1.842e-08	612	0.109649	-0.122452	0.986399	0.446455	0.416522	0.0859368	0.0731263	0.0101039	0.00813999	
1.848e-08	614	-0.157467	-0.024808	0.987213	0.40535	0.405338	0.126468	0.061103	0.017383	0.0111083	
1.854e-08	616	-0.169434	0.0719782	0.98291	0.385925	0.393728	0.084125	0.0779512	0.0353679	0.0140282	
1.86e-08	618	-0.118878	-0.267807	0.95611	0.35221	0.380859	0.132676	0.158515	0.0353668	0.0162298	
1.866e-08	620	-0.223333	-0.156168	0.962151	0.397407	0.380937	0.0964419	0.0783438	0.0237175	0.0166246	
1.872e-08	622	0.0176501	-0.329995	0.943818	0.340781	0.382578	0.117542	0.149772	0.0231496	0.0120845	
1.878e-08	624	0.183539	-0.0437235	0.98204	0.417835	0.376147	0.188813	0.0512905	0.0327869	0.0103498	
1.884e-08	626	-0.340017	0.550374	0.762546	0.375365	0.372856	0.0714296	0.107251	0.0159552	0.0120637	
1.89e-08	628	-0.0931004	-0.442	0.89217	0.375786	0.360696	0.109774	0.0720926	0.0136213	0.012714	
1.896e-08	630	-0.650237	0.350155	0.674228	0.306601	0.349414	0.103179	0.0580138	0.0351415	0.0111773	
1.902e-08	632	-0.079769	0.27514	-0.958089	0.347166	0.353645	0.100252	0.0434245	0.0219323	0.0135954	
1.908e-08	634	0.299165	0.18072	0.936931	0.43429	0.352644	0.108171	0.0891159	0.024407	0.0166402	
1.914e-08	636	0.630713	0.163006	0.758703	0.336511	0.335055	0.0896532	0.0888721	0.0480135	0.0239589	
1.92e-08	638	0.198971	-0.0771853	-0.976961	0.401667	0.333963	0.170809	0.0458137	0.991448	0.023965	
1.926e-08	640	-0.0324896	-0.213521	-0.976398	0.315519	0.341809	0.0959215	0.100498	0.0221702	0.0131419	
1.932e-08	642	0.0443294	-0.0662587	-0.996817	0.360283	0.324951	0.106438	0.0981222	0.0332893	0.0208989	
1.938e-08	644	-0.663015	-0.718796	0.209151	0.254617	0.319922	0.166897	0.168524	0.0968147	0.0249504	
1.944e-08	646	-0.128687	-0.167595	-0.977421	0.30169	0.303896	0.153626	0.080541	0.769297	0.019749	
1.95e-08	648	-0.388715	-0.355479	0.850021	0.288666	0.29276	0.121041	0.0783573	0.0496626	0.0298987	
1.956e-08	650	0.0802529	0.167891	0.982533	0.321301	0.286092	0.11579	0.114621	0.132314	0.0290959	
1.962e-08	652	0.26405	0.505089	0.821683	0.218963	0.278873	0.077598	0.114432	0.21975	0.0259088	
1.968e-08	654	0.85881	0.0997022	-0.502499	0.231617	0.283397	0.101888	0.125521	0.106342	0.0154769	
1.974e-08	656	0.117227	-0.38534	0.915298	0.316086	0.27094	0.0681765	0.117783	0.0724645	0.020474	
1.98e-08	658	0.158336	-0.000631133	-0.987385	0.258002	0.278714	0.142289	0.0958335	0.570188	0.0197357	
1.986e-08	660	-0.676296	0.404307	0.61576	0.22258	0.258931	0.103947	0.142409	0.0647484	0.0261394	
1.992e-08	662	-0.0154147	0.170664	0.985209	0.263517	0.233407	0.0626327	0.100951	0.282653	0.0348134	
1.998e-08	664	0.261761	-0.0718101	-0.962458	0.223551	0.23755	0.0884015	0.0719104	0.119258	0.0297815	
2.004e-08	666	-0.636187	-0.480027	-0.604021	0.183417	0.231809	0.130097	0.0987974	0.385979	0.0355141	
2.01e-08	668	-0.628269	-0.292897	0.720757	0.148893	0.213541	0.0883119	0.128077	0.179568	0.0297252	
2.016e-08	670	0.0308723	0.0826697	-0.996099	0.253989	0.200108	0.0913025	0.0551183	0.196741	0.0233453	
2.022e-08	672	0.0540142	0.332234	0.941649	0.216014	0.201908	0.0619766	0.129803	0.188448	0.0314654	
2.028e-08	674	0.274484	-0.540176	-0.79553	0.0824138	0.194711	0.0712101	0.0917752	0.283692	0.0373352	
2.034e-08	676	-0.546338	0.0888525	-0.832838	0.252906	0.199084	0.0731167	0.0539329	0.299538	0.0249578	
2.04e-08	678	-0.699263	0.13591	-0.701826	0.200763	0.183182	0.0803859	0.102666	0.214293	0.0348662	
2.046e-08	680	-0.469575	0.759922	-0.449464	0.260087	0.188522	0.0664103	0.096332	0.235234	0.0241182	
2.052e-08	682	-0.855343	-0.433184	-0.284148	0.0756459	0.163308	0.0671907	0.0611946	0.181914	0.0378834	
2.058e-08	684	-0.31256	0.439007	-0.842365	0.153829	0.179043	0.0843162	0.0536902	0.225609	0.0304948	
2.064e-08	686	-0.929478	0.122784	-0.347842	0.0794954	0.149938	0.0810396	0.0575653	0.116888	0.0277077	
2.07e-08	688	-0.34652	-0.88974	0.29713	0.0550026	0.147216	0.053888	0.0712095	0.132321	0.0320413	
2.076e-08	690	0.0532121	-0.812241	0.580889	0.211825	0.130876	0.0430383	0.0602046	0.0841698	0.028339	
2.082e-08	692	0.36609	0.0423247	0.929616	0.218227	0.143017	0.0542032	0.08371	0.0970346	0.0198496	
2.088e-08	694	0.934175	0.0289626	0.355637	0.0967565	0.122921	0.0329474	0.0433668	0.09202	0.0230975	
2.094e-08	696	-0.385737	-0.707411	-0.592264	0.116396	0.125542	0.0474591	0.0415193	0.0934294	0.0195538	
2.1e-08	698	-0.0284427	0.804532	-0.593227	0.0958456	0.135815	0.0643107	0.0507011	0.0950056	0.0170466	
2.106e-08	700	0.138674	0.0739192	-0.987576	0.0311872	0.123932	0.0530923	0.0536063	0.0772191	0.0248001	
2.112e-08	702	-0.785718	-0.498369	-0.366436	0.0382056	0.10554	0.0280925	0.0367113	0.0624567	0.0166842	
2.118e-08	704	-0.797722	-0.0841899	0.597119	0.0958375	0.114461	0.0484892	0.0424027	0.0539242	0.0156413	
2.124e-08	706	0.255495	0.784824	-0.564601	0.110083	0.10142	0.0322987	0.0435976	0.0435711	0.0160526	
2.13e-08	708	-0.384545	-0.922053	0.0440714	0.0843008	0.120131	0.0376712	0.0628381	0.0694002	0.0284256	
2.136e-08	710	0.359074	0.862287	0.357109	0.114638	0.108242	0.041194	0.053106	0.0458874	0.0234738	
2.142e-08	712	0.542498	-0.140408	0.82824	0.132208	0.107912	0.0205346	0.0431528	0.0755577	0.0194387	
2.148e-08	714	-0.293491	0.393349	-0.871286	0.0665035	0.102134	0.0210952	0.0477594	0.0513593	0.0140841	
2.154e-08	716	0.783829	-0.0122379	0.620856	0.113981	0.0983522	0.0376176	0.0367618	0.0361728	0.0133191	
2.16e-08	718	-0.431965	-0.555937	0.710169	0.0471638	0.0940855	0.0335374	0.0362264	0.0373093	0.0197018	
2.166e-08	720	0.017634	0.155139	-0.987735	0.103208	0.0961488	0.0274946	0.0282459	0.0509973	0.0165904	
2.172e-08	722	-0.895956	0.442203	-0.0414661	0.0390868	0.0928555	0.0257954	0.0329612	0.039892	0.0148923	
2.178e-08	724	0.425166	0.903829	0.0482308	0.0762046	0.089171	0.021114	0.0293591	0.0392134	0.00917639	
2.184e-08	726	-0.446888	0.39816	-0.801099	0.0632089	0.0906566	0.0311072	0.0211798	0.0432189	0.015163	
2.19e-08	728	-0.267798	-0.688407	-0.674078	0.100031	0.0817535	0.0164615	0.0270659	0.0289466	0.00549558	
2.196e-08	730	-0.491915	-0.496878	0.714935	0.11393	0.0921525	0.0210176	0.032424	0.0410994	0.0115254	
2.202e-08	732	-0.0241184	-0.488167	-0.872417	0.113941	0.0864937	0.0304095	0.0216306	0.0295058	0.0110522	
2.208e-08	734	0.00018171	-0.686701	0.72694	0.0863688	0.0867762	0.0248853	0.0320806	0.0258596	0.00980466	
2.214e-08	736	-0.447418	0.361277	-0.818105	0.13995	0.0953547	0.0308045	0.0230809	0.0457757	0.0136225	
2.22e-08	738	0.412109	-0.787573	-0.458144	0.0749403	0.0930915	0.0199114	0.0313487	0.0436356	0.0118128	
2.226e-08	740	-0.2327	-0.21959	0.947434	0.0125413	0.0739809	0.0286736	0.0114888	0.0204522	0.0107615	
2.232e-08	742	0.0574335	0.882097	0.467554	0.0345303	0.0764258	0.0204176	0.0210957	0.0218604	0.00796964	
2.238e-08	744	0.384136	0.896588	-0.220383	0.0417494	0.0766666	0.0187693	0.029803	0.0185144	0.0106445	
2.244e-08	746	-0.241277	-0.765823	-0.596071	0.0500272	0.0657069	0.0190802	0.0145675	0.0153028	0.00947428	
2.25e-08	748	-0.434499	-0.809974	-0.393895	0.0528084	0.079371	0.0230239	0.0261862	0.0199001	0.0075947	
2.256e-08	750	0.0189195	-0.0700657	-0.997363	0.129172	0.0629128	0.0195983	0.0120169	0.0169613	0.0103459	
2.262e-08	752	-0.958069	0.0309054	-0.284867	0.0899699	0.0785728	0.0247593	0.0186626	0.0209722	0.00478298	
2.268e-08	754	-0.464744	0.385529	-0.797107	0.066911	0.0724624	0.0150745	0.0168733	0.0265863	0.00814773	
2.274e-08	756	0.524972	0.544294	0.65433	0.080764	0.0672061	0.0126737	0.0204873	0.0152853	0.00614461	
2.28e-08	758	-0.0879097	0.292126	0.952331	0.0414219	0.072344	0.0102557	0.0245167	0.0245821	0.012062	
2.286e-08	760	-0.207818	0.969835	-0.127401	0.060153	0.0631942	0.018693	0.0169652	0.00891264	0.00775202	
2.292e-08	762	-0.574234	0.81304	0.0960307	0.0725863	0.0700122	0.0154777	0.0193656	0.0194423	0.0104038	
2.298e-08	764	0.897952	0.113271	0.425267	0.094233	0.0698948	0.0169719	0.0104107	0.0240944	0.00464048	
2.304e-08	766	-0.516735	-0.609668	-0.601074	0.0503403	0.0689216	0.0171556	0.0199334	0.0111449	0.00440902	
2.31e-08	768	0.87531	0.189575	-0.444853	0.0621181	0.0716227	0.0166474	0.0178105	0.0146691	0.00474675	
2.316e-08	770	0.00594312	0.235219	-0.971924	0.0429795	0.0616851	0.0083946	0.0122298	0.0160797	0.00556591	
2.322e-08	772	-0.0959079	0.926289	0.364404	0.0481096	0.055555	0.0110252	0.00743226	0.0124548	0.00433083	
2.328e-08	774	0.559071	0.566668	0.60525	0.0413207	0.0622913	0.012609	0.0122335	0.0173514	0.00667055	
2.334e-08	776	0.407298	-0.766634	0.496367	0.0593637	0.0655131	0.0186942	0.0140629	0.0125786	0.00624164	
2.34e-08	778	-0.619876	0.499044	-0.605565	0.0621417	0.0584394	0.0123388	0.0125575	0.0117374	0.00517444	
2.346e-08	780	-0.648339	0.455079	-0.610377	0.0312289	0.0646292	0.0136696	0.0154456	0.0148449	0.00474146	
2.352e-08	782	-0.691447	0.384895	0.611357	0.0441092	0.0672724	0.0185072	0.0164599	0.0130078	0.0068584	
2.358e-08	784	0.978952	0.189615	0.0754943	0.0948489	0.0582587	0.0131241	0.0126122	0.00819056	0.00383971	
2.364e-08	786	0.37105	-0.900321	-0.227473	0.0988954	0.0617381	0.0147347	0.014868	0.0121382	0.00692078	
2.37e-08	788	0.374028	-0.90717	-0.192733	0.0731243	0.0605279	0.00679128	0.0141409	0.0176266	0.00667931	
2.376e-08	790	-0.253321	0.867516	-0.428071	0.0482336	0.052765	0.0123748	0.00614161	0.0102012	0.00364359	
2.382e-08	792	-0.950912	-0.04475	-0.306209	0.0277191	0.0501429	0.00735076	0.00748438	0.0124479	0.0046048	
2.388e-08	794	0.64857	-0.0812946	0.756801	0.024736	0.0653496	0.011343	0.00833984	0.025611	0.00731461	
2.394e-08	796	0.161217	0.89649	-0.412693	0.0675946	0.0470535	0.00917457	0.0077162	0.00786048	0.00463413	
2.4e-08	798	-0.948909	0.252064	0.18983	0.0329409	0.0490521	0.00954997	0.0070014	0.010172	0.00523484	
2.406e-08	800	-0.219222	0.710677	-0.668491	0.0276522	0.0535507	0.00801986	0.00857219	0.0173878	0.00857594	
2.412e-08	802	-0.851058	0.28822	-0.438896	0.0420983	0.0550884	0.0101373	0.00873039	0.0147287	0.00619408	
2.418e-08	804	0.305982	-0.542822	0.782125	0.0176139	0.0504354	0.00713835	0.0123057	0.00795719	0.00494423	
2.424e-08	806	0.0400201	-0.852287	-0.521541	0.0700035	0.0614184	0.017168	0.00841663	0.0112291	0.0048913	
2.43e-08	808	-0.94817	-0.312552	-0.0573069	0.0523255	0.0582234	0.0148492	0.0122169	0.00812261	0.00466255	
2.436e-08	810	-0.740571	-0.666	-0.0894409	0.0739669	0.0487147	0.0109565	0.0059993	0.00831509	0.00434809	
2.442e-08	812	-0.0244469	0.58208	-0.812764	0.0194412	0.0532883	0.00919761	0.00994922	0.00770921	0.00315808	
2.448e-08	814	0.415688	0.295368	0.86021	0.0254563	0.0479419	0.0069477	0.00982753	0.00586987	0.00361944	
2.454e-08	816	0.979982	-0.165016	-0.111382	0.0496462	0.0503211	0.00984033	0.00667833	0.00979718	0.00460443	
2.46e-08	818	0.634787	-0.0863551	-0.767847	0.0578885	0.0497986	0.0111911	0.00657965	0.00823387	0.00489842	
2.466e-08	820	-0.997651	-0.0374725	0.0573369	0.0664348	0.0446707	0.00826595	0.00552012	0.0062011	0.00226866	
2.472e-08	822	0.000680857	-0.520815	0.85367	0.068511	0.0507605	0.00755222	0.00826216	0.0101879	0.00322784	
2.478e-08	824	-0.594132	0.773148	0.221923	0.0562079	0.0473641	0.00652858	0.00626656	0.00918427	0.00255762	
2.484e-08	826	0.0369461	0.640397	0.767155	0.0425196	0.0545634	0.0122561	0.00975877	0.00731933	0.00409241	
2.49e-08	828	-0.844364	-0.534369	0.0387136	0.0559531	0.0503449	0.00948672	0.00612717	0.00957297	0.00299922	
2.496e-08	830	-0.884463	-0.220909	-0.411005	0.0427611	0.0507504	0.00762069	0.00855686	0.0104291	0.00414814	
2.502e-08	832	0.978606	-0.165273	-0.122534	0.0482108	0.0457224	0.00809788	0.00835572	0.00559883	0.00358828	
2.508e-08	834	-0.688999	-0.652217	-0.316058	0.0786101	0.0530328	0.00983355	0.0106881	0.0083376	0.0042493	
2.514e-08	836	0.737413	0.586485	-0.335049	0.0263003	0.0498576	0.00833332	0.00944456	0.00763005	0.00528294	
2.52e-08	838	-0.940937	0.259127	0.217923	0.0556048	0.0422895	0.00734713	0.00461824	0.00574791	0.00224214	
2.526e-08	840	0.228051	-0.947621	0.223625	0.0763788	0.0462385	0.0055971	0.00803725	0.00750158	0.0035792	
2.532e-08	842	-0.276105	-0.943099	-0.185285	0.0725447	0.0485689	0.0050278	0.00806458	0.0105649	0.00353185	
2.538e-08	844	-0.669751	-0.0892277	0.737206	0.0554896	0.0485609	0.00857367	0.00946193	0.00587201	0.00357895	
2.544e-08	846	0.738832	-0.671713	0.0541132	0.0597925	0.0444054	0.00661821	0.0067896	0.00649039	0.00314445	
2.55e-08	848	0.74696	-0.661001	-0.0716124	0.0499284	0.0478289	0.00745636	0.00663544	0.00797801	0.00223608	
2.556e-08	850	0.820492	0.409956	-0.398407	0.0609797	0.042401	0.00723998	0.00564856	0.00542758	0.00294061	
2.562e-08	852	-0.536621	-0.472039	-0.69944	0.0479201	0.0459491	0.00883913	0.00568416	0.00634261	0.00267773	
2.568e-08	854	0.573251	0.128842	0.809187	0.00915089	0.0413333	0.00598603	0.0040276	0.0068586	0.00275755	
2.574e-08	856	-0.899517	0.244505	0.362058	0.0286327	0.0434399	0.00461179	0.00708839	0.00722932	0.00285563	
2.58e-08	858	-0.783922	-0.601198	-0.15501	0.0428767	0.0396223	0.00517402	0.00539117	0.00407128	0.0022861	
2.586e-08	860	0.524903	-0.84923	-0.0573155	0.0239912	0.0425627	0.00405153	0.00600373	0.00895093	0.00434295	
2.592e-08	862	-0.851339	0.233159	-0.469956	0.0193108	0.0462652	0.00643095	0.00716029	0.00630265	0.00266454	
2.598e-08	864	0.611494	0.720059	0.328009	0.0536354	0.041606	0.00398514	0.00573379	0.00599352	0.00180799	
2.604e-08	866	-0.114419	0.397784	0.910317	0.0352852	0.0474966	0.00693687	0.00509668	0.01214	0.00521738	
2.61e-08	868	0.797486	-0.592642	0.1131	0.0540148	0.0464096	0.00682479	0.00591022	0.00797863	0.00279404	
2.616e-08	870	0.283915	0.913583	-0.291133	0.0586899	0.0425988	0.00629462	0.00563306	0.00428416	0.00195644	
2.622e-08	872	0.360169	-0.465883	-0.808228	0.0209826	0.0426284	0.00352435	0.00551489	0.00783409	0.00208625	
2.628e-08	874	-0.613847	0.69056	-0.382516	0.0521483	0.0411556	0.00583662	0.00466336	0.00563714	0.00232552	
2.634e-08	876	-0.117387	0.940986	0.317436	0.0162728	0.0412906	0.00651731	0.00492458	0.00656281	0.00384546	
2.64e-08	878	-0.549887	0.549567	-0.628968	0.0260444	0.0410123	0.00548595	0.00636729	0.00377791	0.00175506	
2.646e-08	880	-0.576641	-0.816719	-0.0213219	0.0596602	0.0423655	0.00725998	0.00603847	0.00465199	0.00331395	
2.652e-08	882	-0.420892	-0.905254	0.0580126	0.0221263	0.0390108	0.00515658	0.00446817	0.00473344	0.002106	
2.658e-08	884	-0.544082	-0.735955	-0.402921	0.0461393	0.0400927	0.00458919	0.00483841	0.00541902	0.00225277	
2.664e-08	886	0.465435	-0.783541	-0.411623	0.0163909	0.0426142	0.0056648	0.00655834	0.00452063	0.00280119	
2.67e-08	888	0.307815	0.258187	-0.915745	0.0410121	0.040384	0.00540074	0.00375179	0.00555164	0.0014594	
2.676e-08	890	0.27994	0.0923359	-0.955567	0.0443552	0.0383589	0.00489391	0.00418744	0.0054459	0.00306652	
2.682e-08	892	0.920529	0.229004	-0.316518	0.0198197	0.0394689	0.00488351	0.00378153	0.00616976	0.00204629	
2.688e-08	894	0.691811	-0.0944616	0.715873	0.0374523	0.0392711	0.00353222	0.00610391	0.00412797	0.00186141	
2.694e-08	896	-0.054055	0.99513	0.0824307	0.0453329	0.0386946	0.00408045	0.00509393	0.00452616	0.00153089	
2.7e-08	898	-0.786942	-0.486809	-0.37913	0.0507989	0.0372101	0.0044343	0.00295934	0.00567189	0.00239782	
2.706e-08	900	-0.443423	-0.888418	0.1187	0.0282217	0.0410683	0.00946167	0.00367959	0.0028996	0.00292628	
