#----------------------------------------------------------------------------------------------------------------------------------------------------------
# Output file for vampire simulation
#   time       : 2024-08-29 04:54:24     process id : 211315
#   hostname   : node118.viking2.yor.alces.network
#   path       : /users/ky883/parameter/WS_dia5/AI_Dataset/size_7.0_7.0_5.0/Temp_900/random_1
#----------------------------------------------------------------------------------------------------------------------------------------------------------
6e-11	0	-0.0103618	0.0118968	0.999876	0.999943	0.999922	0	0	0	0	
1.2e-10	2	0.00175731	0.00070859	0.999998	0.998934	0.998929	0.0255778	0.0557943	6.67195e-06	6.58176e-06	
1.8e-10	4	-0.0030687	-0.00438448	0.999986	0.997832	0.997851	0.0373986	0.0536412	1.02989e-05	1.01448e-05	
2.4e-10	6	-0.0004607	0.00391486	0.999992	0.997039	0.996818	0.056848	0.0562488	1.72893e-05	1.58136e-05	
3e-10	8	0.00572066	-0.00198865	0.999982	0.995918	0.995739	0.0461072	0.054558	2.00935e-05	1.80216e-05	
3.6e-10	10	-0.00332454	0.00200232	0.999992	0.994781	0.994668	0.0603359	0.029083	2.45966e-05	2.66163e-05	
4.2e-10	12	0.00187164	-0.0104455	0.999944	0.993656	0.993604	0.034705	0.0626678	2.71782e-05	2.53527e-05	
4.8e-10	14	0.00856387	0.00106083	0.999963	0.992519	0.992542	0.0624018	0.0542742	2.24503e-05	1.96436e-05	
5.4e-10	16	0.00237319	-0.00847363	0.999961	0.991087	0.991419	0.0736272	0.0755609	4.40544e-05	3.65846e-05	
6e-10	18	0.0117394	-0.000814837	0.999931	0.990269	0.990322	0.0726653	0.0557672	4.59302e-05	4.28409e-05	
6.6e-10	20	0.000372732	-0.0031285	0.999995	0.989386	0.989241	0.0504418	0.0493405	3.67295e-05	3.66827e-05	
7.2e-10	22	-0.00169111	-0.00604646	0.99998	0.988381	0.988194	0.042118	0.0990337	6.16974e-05	4.94962e-05	
7.8e-10	24	0.00152552	0.00200707	0.999997	0.987123	0.987068	0.0339266	0.0654172	5.40906e-05	5.71725e-05	
8.4e-10	26	0.00251666	0.00708596	0.999972	0.986221	0.986098	0.0525771	0.0582162	6.01533e-05	5.89119e-05	
9e-10	28	0.00391573	-0.000141579	0.999992	0.98437	0.984934	0.0503507	0.0424993	5.97764e-05	5.6856e-05	
9.6e-10	30	0.0101531	-0.00517425	0.999935	0.98354	0.983764	0.0429862	0.0655114	4.30622e-05	4.17836e-05	
1.02e-09	32	-0.00792299	-0.00714814	0.999943	0.98287	0.982799	0.0518265	0.0577785	0.000124789	0.000115317	
1.08e-09	34	-0.00364632	0.0140474	0.999895	0.982216	0.981638	0.0643607	0.0607765	0.000118634	0.000116006	
1.14e-09	36	-0.00341442	0.021293	0.999767	0.979787	0.9806	0.0570215	0.0474373	0.000124708	0.000107811	
1.2e-09	38	0.0346751	-0.00357502	0.999392	0.979229	0.979484	0.0605755	0.0661523	0.000111803	9.94743e-05	
1.26e-09	40	-0.00685558	-0.00456186	0.999966	0.977114	0.978305	0.0418549	0.0657598	0.000104142	0.000106199	
1.32e-09	42	-0.0145186	-0.00156723	0.999893	0.977949	0.977309	0.0749941	0.0572228	0.000109809	8.77615e-05	
1.38e-09	44	-0.0179308	0.00743622	0.999812	0.976592	0.976209	0.0528701	0.0312725	9.895e-05	9.00412e-05	
1.44e-09	46	-0.0120013	-0.00639107	0.999908	0.975041	0.974932	0.0411799	0.0581145	0.000107226	9.67387e-05	
1.5e-09	48	-0.0027193	-0.0102391	0.999944	0.974089	0.973981	0.0384381	0.0468908	0.000153077	0.000128415	
1.56e-09	50	0.00504611	-0.00545787	0.999972	0.973657	0.972717	0.0836665	0.0215064	0.000152939	0.000141032	
1.62e-09	52	-0.0280833	-0.00158616	0.999604	0.972378	0.971604	0.0617337	0.0504209	0.000131535	0.000117388	
1.68e-09	54	0.0126037	-0.0147883	0.999811	0.971379	0.970612	0.0749287	0.0594101	0.000144712	0.000111744	
1.74e-09	56	0.00219565	-0.00453719	0.999987	0.969877	0.969556	0.0807793	0.0791765	0.000170615	0.000130891	
1.8e-09	58	0.0165509	0.0205895	0.999651	0.966833	0.968521	0.0559596	0.0680113	0.000151006	0.000120754	
1.86e-09	60	-0.0133837	-0.0104081	0.999856	0.96824	0.967229	0.0566389	0.0555283	0.000117324	0.000115459	
1.92e-09	62	0.00842703	-0.00802808	0.999932	0.965729	0.966058	0.0454527	0.0551291	0.000125976	8.75598e-05	
1.98e-09	64	0.0104517	-0.0337812	0.999375	0.965159	0.96507	0.073284	0.051967	0.000224028	0.000206188	
2.04e-09	66	0.000207717	-0.0234375	0.999725	0.964549	0.964184	0.0663743	0.0971094	0.000197612	0.000138789	
2.1e-09	68	0.0197495	0.00477116	0.999794	0.961556	0.962619	0.0580731	0.0422282	0.000172628	0.000157363	
2.16e-09	70	0.0139233	-0.00877118	0.999865	0.959758	0.961341	0.0454774	0.0630847	0.000204625	0.000208508	
2.22e-09	72	0.0250131	0.00301035	0.999683	0.960826	0.960566	0.0398049	0.0412352	0.000163386	0.000158343	
2.28e-09	74	-0.00187642	0.00143833	0.999997	0.959564	0.959237	0.0561975	0.0359009	0.000176166	0.000161137	
2.34e-09	76	0.00428324	0.010745	0.999933	0.958553	0.958075	0.0532239	0.0306438	9.53738e-05	9.97312e-05	
2.4e-09	78	0.0184475	0.00292631	0.999826	0.955467	0.956975	0.0793209	0.0610214	0.000136458	0.000111027	
2.46e-09	80	0.0069849	-0.0305698	0.999508	0.955153	0.955741	0.0519106	0.0772321	0.000251302	0.000219105	
2.52e-09	82	-0.00987375	-0.00363268	0.999945	0.954639	0.954808	0.0746043	0.0528946	0.000186872	0.000156279	
2.58e-09	84	-0.0296487	0.00923934	0.999518	0.953404	0.954004	0.0480679	0.0416337	0.000213247	0.000208558	
2.64e-09	86	0.00151186	-0.0161605	0.999868	0.952158	0.95252	0.0729508	0.0661674	0.000237166	0.000189636	
2.7e-09	88	0.0150029	-0.00420164	0.999879	0.951936	0.951652	0.074186	0.0478798	0.000313616	0.00024765	
2.76e-09	90	0.0378329	-0.0243465	0.998987	0.951021	0.95034	0.0460871	0.060171	0.000335186	0.000275783	
2.82e-09	92	0.0219613	-0.0118018	0.999689	0.950374	0.948983	0.073197	0.0365173	0.000220826	0.000211413	
2.88e-09	94	-0.0320654	0.0180036	0.999324	0.94836	0.948308	0.0513063	0.0597152	0.000128518	0.00013477	
2.94e-09	96	0.0491038	-0.0131961	0.998707	0.944156	0.946681	0.0643366	0.0690182	0.000171634	0.000155437	
3e-09	98	-0.0212329	-0.050006	0.998523	0.945647	0.945746	0.0537608	0.0728234	0.000245516	0.00018972	
3.06e-09	100	0.00316282	-0.0132202	0.999908	0.944723	0.944257	0.0655922	0.0384519	0.000296992	0.000273872	
3.12e-09	102	-0.0275457	-0.0226672	0.999364	0.943304	0.943579	0.0711779	0.0443059	0.000279938	0.000240555	
3.18e-09	104	0.0034676	-0.0154439	0.999875	0.942687	0.942248	0.0488782	0.0268451	0.000177688	0.000184258	
3.24e-09	106	0.00590956	-0.00152567	0.999981	0.940902	0.941236	0.0463371	0.0465573	0.000119765	0.000107312	
3.3e-09	108	0.0198788	0.00732003	0.999776	0.937569	0.93956	0.050731	0.0268058	0.000313435	0.000307637	
3.36e-09	110	0.0305408	0.00374432	0.999527	0.938462	0.939226	0.0827142	0.0818148	0.000176438	0.000177051	
3.42e-09	112	-0.0406586	0.0267991	0.998814	0.939637	0.937278	0.058186	0.0547204	0.000306554	0.000248942	
3.48e-09	114	-0.0380224	-0.0393254	0.998503	0.936322	0.9361	0.0553068	0.0802387	0.000465768	0.000377353	
3.54e-09	116	0.0171576	-0.0221251	0.999608	0.937265	0.935215	0.10863	0.0466027	0.000472687	0.000371617	
3.6e-09	118	0.0130856	-0.0346627	0.999313	0.936065	0.933741	0.0759841	0.0359315	0.000408647	0.000354452	
3.66e-09	120	-0.0222908	0.00381048	0.999744	0.930988	0.933277	0.0611963	0.0794472	0.000263016	0.000291888	
3.72e-09	122	0.0550865	-0.00538243	0.998467	0.932084	0.931594	0.0890388	0.0854948	0.000213119	0.000200207	
3.78e-09	124	0.0238208	0.0173145	0.999566	0.929819	0.930249	0.0493521	0.0691186	0.000266703	0.000206172	
3.84e-09	126	-0.00254911	0.00424045	0.999988	0.930024	0.929326	0.040197	0.0430316	0.000255924	0.000243199	
3.9e-09	128	0.0430689	-0.0169651	0.998928	0.927412	0.927882	0.064616	0.0464561	0.000365366	0.00031329	
3.96e-09	130	0.0202463	0.0133119	0.999706	0.925311	0.92662	0.0504462	0.0508156	0.000387385	0.000380171	
4.02e-09	132	-0.00211547	0.0483417	0.998829	0.926064	0.925886	0.077839	0.0833131	0.000130554	0.000121272	
4.08e-09	134	0.0429289	0.0112483	0.999015	0.92189	0.924132	0.103529	0.0465542	0.000504897	0.000414889	
4.14e-09	136	0.00341368	0.00596543	0.999976	0.926897	0.923189	0.0501208	0.0579198	0.000441373	0.000343582	
4.2e-09	138	-0.0369821	0.0194668	0.999126	0.921481	0.921913	0.0530325	0.0515236	0.000558322	0.000535523	
4.26e-09	140	0.00097888	0.0151627	0.999885	0.920572	0.920836	0.0894334	0.0319792	0.000509099	0.000408645	
4.32e-09	142	-0.00995077	0.0134808	0.99986	0.922547	0.919505	0.0745063	0.0665899	0.000338636	0.000283256	
4.38e-09	144	-0.00993577	-0.025638	0.999622	0.918467	0.918447	0.0638343	0.0905158	0.000568884	0.000501069	
4.44e-09	146	0.0440337	-0.0173424	0.99888	0.914065	0.916887	0.0616379	0.0598501	0.000387717	0.000364357	
4.5e-09	148	-0.0431269	0.0100786	0.999019	0.913804	0.916342	0.0511137	0.0518316	0.000448314	0.000360416	
4.56e-09	150	0.0247585	0.00374231	0.999686	0.915434	0.914943	0.0538629	0.0781725	0.000460879	0.000392584	
4.62e-09	152	0.00824457	0.0652861	0.997833	0.912279	0.912895	0.0617496	0.0695317	0.000416457	0.000396446	
4.68e-09	154	0.0109226	0.0281848	0.999543	0.910661	0.912797	0.0809925	0.0835076	0.000519182	0.000441039	
4.74e-09	156	0.0691938	-0.0202727	0.997397	0.91111	0.910433	0.080366	0.0874666	0.000376333	0.0003695	
4.8e-09	158	-0.0140174	-0.0189692	0.999722	0.910892	0.90943	0.0784966	0.0489529	0.000381336	0.00035365	
4.86e-09	160	-0.0135153	-0.0362022	0.999253	0.907848	0.908777	0.0654844	0.0491146	0.000359369	0.00027277	
4.92e-09	162	-0.0504788	-0.0494036	0.997502	0.909657	0.906498	0.0537578	0.116564	0.000503077	0.000540019	
4.98e-09	164	-0.0262738	-0.0108495	0.999596	0.90414	0.905122	0.0526916	0.0943516	0.000557302	0.000514501	
5.04e-09	166	-0.058575	0.0360703	0.997631	0.905474	0.90477	0.0560984	0.0897501	0.000643205	0.000502974	
5.1e-09	168	0.0101507	-0.0248267	0.99964	0.903576	0.903283	0.038317	0.0616166	0.000310291	0.000287558	
5.16e-09	170	0.0206952	0.0259783	0.999448	0.904999	0.902064	0.0508204	0.083407	0.000879131	0.000737622	
5.22e-09	172	0.0460591	-0.0565669	0.997336	0.900895	0.900459	0.0748774	0.0475978	0.000205853	0.00024001	
5.28e-09	174	0.0359235	0.0373036	0.998658	0.903416	0.899232	0.0866071	0.0682625	0.000700535	0.000681447	
5.34e-09	176	-0.016237	0.0170903	0.999722	0.897599	0.898238	0.0403182	0.0403848	0.000543476	0.000565539	
5.4e-09	178	0.0219654	-0.0217863	0.999521	0.902054	0.89738	0.0426705	0.0791261	0.000447548	0.00048794	
5.46e-09	180	-0.00264726	-0.0171903	0.999849	0.897292	0.896417	0.0356364	0.0576741	0.00039372	0.000354294	
5.52e-09	182	-0.00955533	0.0134425	0.999864	0.899605	0.894639	0.0756489	0.0626929	0.000552827	0.000386444	
5.58e-09	184	0.046196	0.0425973	0.998024	0.890138	0.893697	0.060368	0.0606714	0.000585338	0.000554315	
5.64e-09	186	0.0276332	-0.0147969	0.999509	0.895506	0.892584	0.0501657	0.0661138	0.000301361	0.000315871	
5.7e-09	188	-0.0196227	-0.00442926	0.999798	0.888938	0.890161	0.0514716	0.042154	0.000507799	0.000465815	
5.76e-09	190	0.025059	-0.0170393	0.999541	0.894816	0.890228	0.084718	0.0734494	0.000470338	0.000488116	
5.82e-09	192	-0.0160568	-0.0255201	0.999545	0.887069	0.887915	0.0433032	0.0795682	0.000512151	0.000495359	
5.88e-09	194	-0.0142977	-0.0217952	0.99966	0.885679	0.886435	0.0740335	0.0358074	0.000555694	0.000484812	
5.94e-09	196	-0.00474234	0.00130045	0.999988	0.883481	0.886372	0.101808	0.113526	0.00084699	0.00069991	
6e-09	198	0.043704	-0.0618034	0.997131	0.88767	0.884446	0.0401873	0.0637305	0.000666911	0.000588185	
6.06e-09	200	-0.00832601	0.0514512	0.998641	0.884725	0.883823	0.0669648	0.0621042	0.000523697	0.000443926	
6.12e-09	202	0.0158694	-0.0199494	0.999675	0.883971	0.881989	0.0459557	0.0401446	0.000592824	0.000528717	
6.18e-09	204	-0.0490938	0.0163407	0.99866	0.884269	0.880446	0.0831937	0.0344208	0.000615006	0.000625327	
6.24e-09	206	-0.037015	-0.0329809	0.99877	0.87998	0.879836	0.0806645	0.10454	0.000589863	0.000420457	
6.3e-09	208	0.0738321	-0.0306059	0.996801	0.877657	0.876959	0.0713751	0.0703321	0.000642197	0.00062125	
6.36e-09	210	-0.0540217	0.0231748	0.998271	0.872878	0.876128	0.0687882	0.0617357	0.00054153	0.000514166	
6.42e-09	212	0.0688823	0.009392	0.997581	0.882025	0.87641	0.0611393	0.0426066	0.000916461	0.000859354	
6.48e-09	214	0.0289143	-0.0489076	0.998385	0.879961	0.874183	0.0853946	0.0605165	0.00115339	0.00103439	
6.54e-09	216	0.0183815	-0.0373156	0.999134	0.871271	0.872765	0.059357	0.0495791	0.000661853	0.000663409	
6.6e-09	218	0.0577691	-0.0012096	0.998329	0.868386	0.871077	0.0617044	0.0523655	0.000688582	0.000540809	
6.66e-09	220	-0.00556611	-0.0161651	0.999854	0.869361	0.870128	0.0708896	0.0510125	0.000976668	0.000702293	
6.72e-09	222	-0.0489476	-0.0604699	0.996969	0.879369	0.869064	0.0649295	0.0521673	0.000839223	0.000805903	
6.78e-09	224	-0.00223053	-0.0297481	0.999555	0.866938	0.867378	0.0726051	0.0655713	0.000782366	0.000633909	
6.84e-09	226	0.0323759	0.00252638	0.999473	0.867311	0.865987	0.0443361	0.045678	0.00109838	0.000881334	
6.9e-09	228	-0.0147679	-0.0521407	0.998531	0.865666	0.864522	0.0706835	0.0654091	0.00100825	0.000676438	
6.96e-09	230	-0.000298436	0.0276305	0.999618	0.86657	0.863573	0.0315449	0.0404235	0.000893191	0.000785605	
7.02e-09	232	0.0350456	0.0578899	0.997708	0.853783	0.86205	0.0556939	0.0393042	0.000709261	0.000640992	
7.08e-09	234	0.00697821	0.00195371	0.999974	0.864519	0.860412	0.0635672	0.0390324	0.000818822	0.000699628	
7.14e-09	236	-0.0304263	-0.0670815	0.997283	0.858243	0.859848	0.0688871	0.0781336	0.00110203	0.000990791	
7.2e-09	238	-0.023851	-0.0321609	0.999198	0.86149	0.858296	0.0600834	0.0424529	0.000845259	0.000654601	
7.26e-09	240	0.0621273	0.00688617	0.998044	0.854489	0.858457	0.0476405	0.0591646	0.000984404	0.00094765	
7.32e-09	242	0.00572106	0.0130191	0.999899	0.854266	0.855132	0.0665669	0.0943773	0.000579258	0.000409304	
7.38e-09	244	-0.0349126	0.00149996	0.999389	0.855969	0.853558	0.0543123	0.0689992	0.000920706	0.000627816	
7.44e-09	246	-0.0550894	0.0272752	0.998109	0.857241	0.852213	0.070863	0.0549219	0.00107887	0.000777213	
7.5e-09	248	0.0195704	0.00922373	0.999766	0.85498	0.851262	0.067657	0.0621829	0.000811484	0.000704836	
7.56e-09	250	0.0359534	-0.0167383	0.999213	0.855048	0.849412	0.0441183	0.0827331	0.000638996	0.00061124	
7.62e-09	252	0.0529025	-0.0221911	0.998353	0.855353	0.848214	0.0559229	0.0483008	0.000812369	0.000805541	
7.68e-09	254	0.0458017	0.0157972	0.998826	0.844976	0.846168	0.0514376	0.0545317	0.00122883	0.00116391	
7.74e-09	256	0.0368474	0.0241556	0.999029	0.849071	0.845211	0.0236415	0.0534141	0.000747567	0.000672197	
7.8e-09	258	-0.060386	0.0291211	0.99775	0.841758	0.842632	0.0536513	0.0503485	0.00144816	0.00124209	
7.86e-09	260	0.0457658	0.0202076	0.998748	0.844512	0.8422	0.0439575	0.0404972	0.000779334	0.000685216	
7.92e-09	262	-0.0589598	-0.0648005	0.996155	0.844173	0.841055	0.0321065	0.0767263	0.000706926	0.000693963	
7.98e-09	264	0.0150164	-0.0156384	0.999765	0.838823	0.840825	0.0512621	0.076871	0.000714958	0.000536973	
8.04e-09	266	-0.00780503	0.0756639	0.997103	0.837456	0.839841	0.0634164	0.0542866	0.00060378	0.000427731	
8.1e-09	268	0.0118821	0.00233882	0.999927	0.833267	0.837389	0.0522892	0.0409889	0.000693837	0.000603498	
8.16e-09	270	-0.0109272	0.00857749	0.999904	0.834862	0.835116	0.105254	0.0388049	0.00136242	0.00121468	
8.22e-09	272	0.0339853	0.00183747	0.999421	0.835398	0.834671	0.0494725	0.0797289	0.00114225	0.00095356	
8.28e-09	274	-0.0149262	0.0020284	0.999887	0.838425	0.832012	0.0844411	0.0530225	0.00142632	0.00117082	
8.34e-09	276	0.0113572	0.00329171	0.99993	0.828913	0.830666	0.036161	0.0615063	0.000390802	0.000404782	
8.4e-09	278	0.0106399	0.0746499	0.997153	0.83	0.828991	0.0524937	0.0435354	0.00125223	0.00116567	
8.46e-09	280	-0.0505963	0.0354092	0.998091	0.826912	0.827085	0.0512968	0.0745835	0.00076745	0.000719938	
8.52e-09	282	-0.0104074	0.038497	0.999205	0.82934	0.826275	0.0405326	0.0778795	0.00105722	0.000899002	
8.58e-09	284	0.0131301	-0.00908893	0.999872	0.817789	0.82484	0.0786068	0.0623369	0.00102363	0.000921465	
8.64e-09	286	0.056865	-0.0656518	0.996221	0.824312	0.82302	0.066987	0.041757	0.00085156	0.000662126	
8.7e-09	288	0.0401452	-0.0545347	0.997705	0.828205	0.823089	0.107281	0.0531444	0.00102493	0.000908058	
8.76e-09	290	0.0139864	-0.0100862	0.999851	0.823413	0.820654	0.0766184	0.0642809	0.00181542	0.00115376	
8.82e-09	292	-0.0375334	-0.0465969	0.998208	0.817227	0.819255	0.0552991	0.0894931	0.00111588	0.000720445	
8.88e-09	294	-0.00882033	-0.0206845	0.999747	0.80683	0.817988	0.0604809	0.0413203	0.000832136	0.000792605	
8.94e-09	296	0.0361209	0.0316979	0.998845	0.81142	0.81571	0.0680084	0.0912788	0.000877559	0.000498394	
9e-09	298	-0.0333045	0.110246	0.993346	0.824264	0.815076	0.0786469	0.0622198	0.0014417	0.00105154	
9.06e-09	300	0.0196619	-0.015031	0.999694	0.82205	0.814524	0.0961111	0.0384972	0.00112278	0.000875041	
9.12e-09	302	0.0333472	-0.0126695	0.999364	0.811526	0.811613	0.0396202	0.0349313	0.00135808	0.0012141	
9.18e-09	304	-0.0828444	0.0746036	0.993766	0.817566	0.810634	0.0553295	0.0837286	0.00172554	0.0015871	
9.24e-09	306	-0.00889657	-0.0572742	0.998319	0.794923	0.808823	0.064806	0.0418891	0.00170971	0.00152911	
9.3e-09	308	0.0665583	-0.0428896	0.99686	0.813722	0.80753	0.063188	0.0719237	0.00158277	0.00145897	
9.36e-09	310	-0.0675256	-0.0472272	0.996599	0.813555	0.806852	0.0516773	0.0774674	0.00108035	0.000947038	
9.42e-09	312	-0.00404812	0.075098	0.997168	0.804925	0.804602	0.0487892	0.0618605	0.00105901	0.00065541	
9.48e-09	314	0.0249429	0.0673437	0.997418	0.809648	0.803099	0.0688949	0.0630104	0.00119163	0.00131567	
9.54e-09	316	-0.00265434	-0.0408192	0.999163	0.801862	0.800188	0.0710809	0.0494417	0.00127055	0.00119473	
9.6e-09	318	-0.0264523	0.0583068	0.997948	0.801425	0.801085	0.0655915	0.061932	0.00149988	0.00113618	
9.66e-09	320	-0.01389	0.00616741	0.999885	0.804416	0.798196	0.0523505	0.0513716	0.00190002	0.00175638	
9.72e-09	322	0.0189035	0.00873269	0.999783	0.797987	0.797253	0.0700969	0.0554487	0.00204912	0.00163893	
9.78e-09	324	-0.0260096	0.0546968	0.998164	0.795213	0.793753	0.0595566	0.0715378	0.0024362	0.00213939	
9.84e-09	326	0.00196238	-0.0665867	0.997779	0.792832	0.792188	0.0511716	0.066887	0.00165281	0.00182733	
9.9e-09	328	-0.0866123	0.0185522	0.996069	0.791498	0.792173	0.0794761	0.0343724	0.00165188	0.00111317	
9.96e-09	330	-0.0176011	0.0174366	0.999693	0.796124	0.790013	0.0414203	0.102148	0.00195922	0.00160411	
1.002e-08	332	-0.0532259	-0.0822612	0.995188	0.799648	0.789418	0.0569319	0.0772488	0.00107065	0.000761748	
1.008e-08	334	0.0626908	-0.0603211	0.996208	0.783581	0.786973	0.0922662	0.0606113	0.00131214	0.000844402	
1.014e-08	336	-0.0229734	0.0138876	0.99964	0.787719	0.783395	0.081832	0.0688787	0.00281927	0.00260356	
1.02e-08	338	-0.0501915	-0.0437421	0.997781	0.77755	0.785086	0.0620392	0.076171	0.0012251	0.00124138	
1.026e-08	340	0.0372093	0.0639574	0.997259	0.785873	0.782387	0.0744435	0.0680934	0.00162151	0.00160178	
1.032e-08	342	-0.0186387	0.0245579	0.999525	0.793076	0.780727	0.0800335	0.0824931	0.00130824	0.000938544	
1.038e-08	344	0.0534738	0.0194475	0.99838	0.784093	0.7798	0.0709616	0.0602362	0.00210687	0.00191639	
1.044e-08	346	0.00186915	-0.049623	0.998766	0.776375	0.777116	0.0894332	0.097522	0.00282171	0.00196887	
1.05e-08	348	0.050939	0.0280703	0.998307	0.768186	0.774244	0.0775682	0.101778	0.00155196	0.00162323	
1.056e-08	350	0.0370021	0.0242567	0.999021	0.775699	0.77486	0.0444455	0.0908113	0.0020318	0.00189886	
1.062e-08	352	-0.110127	0.0746786	0.991108	0.773244	0.773265	0.0741451	0.106421	0.00197061	0.00138534	
1.068e-08	354	0.00630416	0.0602122	0.998166	0.777374	0.771671	0.0635205	0.109433	0.000915604	0.000823929	
1.074e-08	356	-0.0360497	0.0645074	0.997266	0.775944	0.770774	0.0926365	0.0807626	0.0014211	0.00152351	
1.08e-08	358	-0.0445192	0.0472091	0.997892	0.763645	0.768662	0.0923205	0.0554982	0.00105446	0.00100356	
1.086e-08	360	-0.0848216	-0.066305	0.994188	0.768267	0.767769	0.0616427	0.0701857	0.00145415	0.00113559	
1.092e-08	362	-0.0810703	-0.0862967	0.992966	0.771429	0.764701	0.0511389	0.0580228	0.00139838	0.00139331	
1.098e-08	364	0.0430281	0.0413584	0.998217	0.767081	0.760264	0.0517116	0.0528601	0.00183236	0.00177733	
1.104e-08	366	-0.0614796	-0.123072	0.990492	0.755222	0.761581	0.071411	0.0627803	0.00104082	0.00110591	
1.11e-08	368	-0.0672517	0.0275795	0.997355	0.76641	0.761812	0.0895671	0.0583749	0.00228267	0.00177029	
1.116e-08	370	0.0238206	0.0295632	0.999279	0.757497	0.757879	0.0759421	0.0739822	0.00171619	0.00174783	
1.122e-08	372	-0.0893399	-0.035532	0.995367	0.755005	0.756037	0.0523342	0.0777985	0.00117712	0.00105488	
1.128e-08	374	0.151711	0.0342666	0.987831	0.753223	0.754368	0.133556	0.0639426	0.00235522	0.00204234	
1.134e-08	376	0.0675043	0.0561767	0.996136	0.751791	0.752648	0.0777269	0.0527839	0.00264677	0.002073	
1.14e-08	378	0.0815502	-0.00783177	0.996638	0.755021	0.750906	0.0629618	0.0621237	0.00197099	0.00207111	
1.146e-08	380	0.0692889	-0.0335912	0.997031	0.761484	0.747531	0.0703191	0.0597833	0.00334395	0.00248576	
1.152e-08	382	0.0642658	-0.044918	0.996921	0.737445	0.746573	0.0856366	0.12096	0.00199306	0.00147698	
1.158e-08	384	0.0382746	0.0509163	0.997969	0.734316	0.746262	0.0971133	0.0457794	0.00154449	0.00127068	
1.164e-08	386	-0.0327799	0.0360377	0.998813	0.757516	0.744552	0.103496	0.0706725	0.00320714	0.00265755	
1.17e-08	388	-0.0407234	-0.0829603	0.99572	0.733383	0.738929	0.0598695	0.063591	0.00174608	0.00200906	
1.176e-08	390	-0.0680868	0.0227755	0.997419	0.735171	0.73869	0.0571364	0.0767466	0.00294615	0.00267063	
1.182e-08	392	0.081788	0.0423323	0.99575	0.735173	0.737497	0.100726	0.0475619	0.00215376	0.00205749	
1.188e-08	394	-0.0533886	-0.0196888	0.99838	0.744244	0.736964	0.0617148	0.0790025	0.00276886	0.00243371	
1.194e-08	396	-0.0829339	-0.0645328	0.994463	0.724497	0.73278	0.0893886	0.0670906	0.0019533	0.00152192	
1.2e-08	398	0.0178139	-0.0956981	0.995251	0.736049	0.732287	0.0608493	0.0773724	0.00148466	0.00128638	
1.206e-08	400	0.000488872	-0.0464526	0.99892	0.742589	0.731421	0.0617256	0.0498075	0.00234348	0.00192882	
1.212e-08	402	-0.0368914	0.0267863	0.99896	0.726435	0.729291	0.0722266	0.0764003	0.00169807	0.00149409	
1.218e-08	404	0.11025	-0.107958	0.988023	0.727578	0.727777	0.0703651	0.0975721	0.00160888	0.00126728	
1.224e-08	406	-0.101798	0.0414857	0.99394	0.727842	0.723894	0.0772664	0.0719085	0.00401615	0.0030975	
1.23e-08	408	0.041217	-0.0335848	0.998586	0.724212	0.72037	0.068623	0.0914931	0.00288277	0.00259411	
1.236e-08	410	-0.0388051	-0.0922641	0.994978	0.698783	0.721417	0.072	0.0845074	0.00265821	0.00252089	
1.242e-08	412	-0.0118264	-0.00296859	0.999926	0.723052	0.719236	0.0735244	0.0738308	0.00215433	0.00160128	
1.248e-08	414	-0.0601004	-0.0372186	0.997498	0.722361	0.721086	0.0553117	0.0758044	0.00153899	0.00133085	
1.254e-08	416	0.00972442	0.0713948	0.997401	0.723922	0.718285	0.0522991	0.0884246	0.00118469	0.00115894	
1.26e-08	418	-0.10233	0.0893714	0.990728	0.717124	0.713682	0.0628098	0.0508794	0.00240345	0.0018762	
1.266e-08	420	-0.0280734	-0.0178931	0.999446	0.720066	0.711206	0.0638591	0.0547328	0.00310505	0.00246381	
1.272e-08	422	-0.102046	-0.0755917	0.991903	0.708832	0.711872	0.0810904	0.0772075	0.00287551	0.00246308	
1.278e-08	424	-0.163044	0.0384733	0.985868	0.686114	0.704849	0.0609534	0.0572477	0.00320894	0.00286912	
1.284e-08	426	-0.0660364	0.0697993	0.995373	0.710075	0.706976	0.0865134	0.0682455	0.00258383	0.00190441	
1.29e-08	428	0.0601201	-0.0410478	0.997347	0.707031	0.704743	0.069627	0.110052	0.00280289	0.0024651	
1.296e-08	430	0.0356795	0.0113422	0.999299	0.702597	0.70128	0.069781	0.0783047	0.00181579	0.00181367	
1.302e-08	432	0.0691992	-0.0121219	0.997529	0.704846	0.699375	0.0831538	0.0692603	0.00221081	0.00225546	
1.308e-08	434	-0.151216	0.0377	0.987782	0.690633	0.696045	0.0954897	0.0588737	0.00290571	0.00266506	
1.314e-08	436	-0.100352	0.0446044	0.993952	0.704053	0.696719	0.0617179	0.037423	0.00277204	0.0026228	
1.32e-08	438	0.0587808	-0.00682599	0.998248	0.700436	0.693842	0.0531706	0.0998836	0.00148621	0.00133543	
1.326e-08	440	0.0478341	0.013857	0.998759	0.690271	0.691149	0.080394	0.0748713	0.00268017	0.00201024	
1.332e-08	442	0.0540649	0.0351252	0.997919	0.695334	0.689718	0.10294	0.0927315	0.0033847	0.00218522	
1.338e-08	444	-0.0102752	-0.0188299	0.99977	0.672007	0.68609	0.0481338	0.0754996	0.00156278	0.00176558	
1.344e-08	446	0.0872214	-0.0434763	0.99524	0.679587	0.685956	0.118928	0.0633379	0.00328083	0.00224504	
1.35e-08	448	-0.0171636	0.0220821	0.999609	0.691747	0.681323	0.0745525	0.0748594	0.00256035	0.00214472	
1.356e-08	450	-0.129697	0.0296228	0.991111	0.680942	0.682835	0.100997	0.08024	0.00333609	0.00312121	
1.362e-08	452	-0.0262948	0.0477173	0.998515	0.699085	0.67895	0.102241	0.0577985	0.00388082	0.00324071	
1.368e-08	454	-0.0135446	-0.0906795	0.995788	0.685348	0.679582	0.031128	0.0598679	0.000944802	0.0009789	
1.374e-08	456	-0.149178	0.211836	0.965853	0.671029	0.674104	0.0575838	0.109135	0.00247916	0.00191499	
1.38e-08	458	0.0567342	0.0765254	0.995452	0.661496	0.671721	0.073134	0.0814255	0.00279506	0.0021933	
1.386e-08	460	-0.065136	0.0429979	0.99695	0.69004	0.670286	0.0872554	0.0826053	0.00318842	0.00247343	
1.392e-08	462	-0.0324924	-0.0812301	0.996166	0.681159	0.667596	0.0768323	0.0422666	0.00234024	0.00267737	
1.398e-08	464	0.097582	0.0167155	0.995087	0.666837	0.66364	0.0719301	0.0509553	0.00211396	0.00189287	
1.404e-08	466	-0.00234311	0.0278211	0.99961	0.65035	0.660044	0.0617549	0.0531917	0.0032386	0.00266981	
1.41e-08	468	-0.0469662	-0.023764	0.998614	0.657441	0.662413	0.0812102	0.0544341	0.00220751	0.00169454	
1.416e-08	470	-0.114105	0.0820682	0.990073	0.65975	0.663919	0.079877	0.056911	0.00424943	0.00358645	
1.422e-08	472	0.00476432	0.028764	0.999575	0.662384	0.656139	0.10424	0.0775224	0.00605766	0.00399515	
1.428e-08	474	-0.00977761	-0.0657797	0.997786	0.650333	0.65531	0.0661663	0.107383	0.00432675	0.00326588	
1.434e-08	476	0.0411858	0.15168	0.987571	0.662099	0.653665	0.0843111	0.0857001	0.00610058	0.00477238	
1.44e-08	478	-0.0187494	0.0871607	0.996018	0.642219	0.650669	0.120363	0.0763619	0.00191805	0.00188394	
1.446e-08	480	0.000632994	0.0180854	0.999836	0.657617	0.646578	0.0652892	0.0774527	0.0039031	0.00338618	
1.452e-08	482	0.133427	0.0127388	0.990977	0.645643	0.643907	0.070045	0.0555917	0.00318748	0.00281653	
1.458e-08	484	0.0459631	0.0771756	0.995957	0.634457	0.644793	0.0369144	0.0738762	0.00228174	0.00244005	
1.464e-08	486	0.0153872	0.0842655	0.996325	0.641755	0.638756	0.0913201	0.060168	0.00336657	0.00190121	
1.47e-08	488	-0.0521046	0.0434679	0.997695	0.646802	0.639673	0.0591412	0.0694334	0.00215792	0.00176186	
1.476e-08	490	-0.00656193	0.0411963	0.99913	0.624344	0.632413	0.0647154	0.106284	0.00466973	0.00296899	
1.482e-08	492	-0.000844705	0.021441	0.99977	0.615078	0.632756	0.0532519	0.062167	0.0045342	0.00354774	
1.488e-08	494	0.0454695	0.0898672	0.994915	0.640424	0.629648	0.0686309	0.100531	0.0026154	0.00212344	
1.494e-08	496	0.0397553	0.112689	0.992835	0.62429	0.629954	0.0768621	0.0946621	0.00284844	0.00235283	
1.5e-08	498	0.0417946	-0.113516	0.992657	0.633521	0.624096	0.0761644	0.0670459	0.00661041	0.00537038	
1.506e-08	500	0.174487	-0.110922	0.978392	0.618262	0.62107	0.0772701	0.0904376	0.0025384	0.00171342	
1.512e-08	502	0.0760933	-0.0343629	0.996508	0.628291	0.619359	0.0432396	0.0876525	0.00437988	0.00274629	
1.518e-08	504	0.111188	-0.0286006	0.993388	0.624987	0.621914	0.0749954	0.0721898	0.00399312	0.00351474	
1.524e-08	506	-0.0226628	-0.0948342	0.995235	0.62312	0.616887	0.114661	0.06567	0.00515572	0.003572	
1.53e-08	508	0.051998	0.0220491	0.998404	0.595495	0.611976	0.0696286	0.0916912	0.00402111	0.0040571	
1.536e-08	510	-0.0713179	-0.0231795	0.997184	0.599135	0.608935	0.050104	0.076755	0.00647071	0.00536936	
1.542e-08	512	0.0780919	-0.144336	0.986443	0.608009	0.608294	0.07533	0.0947416	0.00381803	0.00341377	
1.548e-08	514	-0.0391431	0.080489	0.995987	0.597534	0.603679	0.0419166	0.0900961	0.00445053	0.00445597	
1.554e-08	516	0.0556208	-0.0300712	0.997999	0.593985	0.601531	0.0848771	0.0777408	0.0029311	0.00311643	
1.56e-08	518	-0.0028735	-0.0474204	0.998871	0.580968	0.596625	0.140177	0.0879177	0.00615901	0.00384913	
1.566e-08	520	-0.0338078	-0.0914226	0.995238	0.60065	0.599243	0.0831475	0.0873342	0.00462813	0.00416049	
1.572e-08	522	-0.0481714	0.00444188	0.998829	0.592145	0.594158	0.110833	0.11464	0.00568472	0.00371455	
1.578e-08	524	0.0495156	0.0127669	0.998692	0.588721	0.590274	0.0895917	0.0625356	0.00882055	0.00777082	
1.584e-08	526	0.0353178	0.0340584	0.998796	0.571229	0.583921	0.0636548	0.0640028	0.00425035	0.00339787	
1.59e-08	528	-0.0293972	0.128478	0.991277	0.593528	0.588105	0.0745961	0.0605515	0.0031559	0.0029095	
1.596e-08	530	-0.0449849	0.0104225	0.998933	0.573714	0.581641	0.043178	0.0636036	0.00340495	0.00262106	
1.602e-08	532	-0.0714427	0.12256	0.989886	0.587027	0.581091	0.0816263	0.0452679	0.00663404	0.00552931	
1.608e-08	534	-0.108968	0.0779254	0.990986	0.590289	0.57407	0.105244	0.0928369	0.00461589	0.00440377	
1.614e-08	536	0.111442	-0.229699	0.96686	0.581212	0.57335	0.0681901	0.0685083	0.00425047	0.00311217	
1.62e-08	538	0.193433	-0.0698941	0.978621	0.564469	0.566696	0.0884882	0.081548	0.0039495	0.00304234	
1.626e-08	540	-0.135047	0.00399117	0.990831	0.557354	0.566632	0.110416	0.143273	0.00614139	0.00286731	
1.632e-08	542	-0.0398366	-0.1827	0.982361	0.541698	0.564001	0.075205	0.0822713	0.0043078	0.0040045	
1.638e-08	544	-0.141057	0.0337416	0.989426	0.556063	0.5641	0.0763823	0.089461	0.00423305	0.00431202	
1.644e-08	546	-0.0482268	0.149397	0.9876	0.559434	0.558094	0.0977163	0.0903294	0.00597254	0.00515042	
1.65e-08	548	0.0824964	-0.0728224	0.993927	0.56382	0.555429	0.109762	0.139735	0.0055239	0.00418397	
1.656e-08	550	-0.0420428	-0.206769	0.977486	0.540465	0.551179	0.153337	0.151076	0.00885952	0.0060107	
1.662e-08	552	-0.0341615	0.0297748	0.998973	0.567955	0.553444	0.0719811	0.0653898	0.00347247	0.00337857	
1.668e-08	554	0.0988028	-0.160073	0.982148	0.553887	0.546426	0.0999019	0.0896017	0.00581472	0.00513398	
1.674e-08	556	-0.00844162	-0.0477848	0.998822	0.522201	0.54133	0.162577	0.0613779	0.0126394	0.00873072	
1.68e-08	558	0.0691523	-0.0522061	0.996239	0.548914	0.539151	0.0876054	0.0785204	0.00451773	0.00424896	
1.686e-08	560	-0.100654	0.0633093	0.992905	0.5325	0.537499	0.0861482	0.0652158	0.00627445	0.00403337	
1.692e-08	562	-0.134797	0.0789943	0.987719	0.540499	0.532887	0.0638533	0.0589019	0.00581677	0.00543675	
1.698e-08	564	0.217273	0.167315	0.961664	0.533369	0.532085	0.113932	0.0680034	0.00696546	0.00692259	
1.704e-08	566	0.000957043	-0.10687	0.994273	0.537752	0.529323	0.0658763	0.0841291	0.00458718	0.00458404	
1.71e-08	568	-0.0713155	0.0445735	0.996457	0.534127	0.524837	0.0581538	0.0981414	0.0110958	0.00847469	
1.716e-08	570	-0.207053	-0.0304378	0.977856	0.526383	0.521341	0.124268	0.0677967	0.00484964	0.00410819	
1.722e-08	572	-0.0889886	-0.155351	0.983843	0.521864	0.513283	0.12954	0.0902726	0.00719321	0.00599075	
1.728e-08	574	0.15287	-0.153864	0.976195	0.51852	0.511876	0.0973395	0.109493	0.0133414	0.0109425	
1.734e-08	576	-0.185545	-0.0406922	0.981793	0.529241	0.506157	0.0853269	0.116951	0.00725224	0.00714096	
1.74e-08	578	0.0458725	0.103617	0.993559	0.483435	0.505474	0.10571	0.0778824	0.00594816	0.00508836	
1.746e-08	580	-0.0511555	-0.0595233	0.996915	0.48706	0.501025	0.117249	0.062002	0.0060463	0.00612525	
1.752e-08	582	-0.00286336	0.111297	0.993783	0.49897	0.498177	0.0966209	0.0727078	0.00581973	0.00523976	
1.758e-08	584	-0.0906618	-0.200058	0.975581	0.472966	0.488749	0.0709324	0.094583	0.00726839	0.00643059	
1.764e-08	586	0.0540322	0.0273387	0.998165	0.514713	0.487932	0.143449	0.0965894	0.0121519	0.00728164	
1.77e-08	588	0.17029	0.0586547	0.983647	0.487075	0.489727	0.097013	0.0895613	0.00665023	0.00459295	
1.776e-08	590	-0.0495405	0.0963	0.994119	0.490266	0.479154	0.118439	0.0888258	0.0124849	0.00977373	
1.782e-08	592	0.0254778	0.119772	0.992474	0.47212	0.477238	0.107427	0.0866048	0.0125416	0.011451	
1.788e-08	594	-0.129549	-0.00356295	0.991567	0.496686	0.475026	0.11281	0.0513585	0.0102069	0.00931941	
1.794e-08	596	0.130639	-0.0622474	0.989474	0.460133	0.468973	0.0781397	0.0925769	0.0121694	0.0108093	
1.8e-08	598	0.0300666	0.0579653	0.997866	0.462647	0.464985	0.129509	0.0879342	0.00936087	0.00710162	
1.806e-08	600	-0.0190778	0.0551495	0.998296	0.45818	0.465501	0.110842	0.0829214	0.00873034	0.00692222	
1.812e-08	602	-0.324434	0.103925	0.940182	0.461091	0.465025	0.0828648	0.068373	0.00566752	0.00548466	
1.818e-08	604	-0.0277215	0.0310582	0.999133	0.481521	0.454946	0.0958679	0.0684913	0.0132177	0.0095348	
1.824e-08	606	-0.210554	0.0706621	0.975025	0.451266	0.443404	0.0841174	0.069593	0.00858703	0.00865049	
1.83e-08	608	-0.0315304	0.182207	0.982754	0.460121	0.443644	0.0840771	0.0780675	0.00734256	0.00532377	
1.836e-08	610	-0.168302	0.0578099	0.984039	0.451773	0.438996	0.074399	0.127651	0.0168609	0.00975389	
1.842e-08	612	0.101651	0.0129471	0.994736	0.414996	0.432022	0.0972363	0.112876	0.00710962	0.00750982	
1.848e-08	614	0.055714	0.0786368	0.995345	0.448484	0.427688	0.0640529	0.0691256	0.00974613	0.00895371	
1.854e-08	616	0.0532426	-0.161891	0.985371	0.44086	0.428109	0.108555	0.0972548	0.0134543	0.00933937	
1.86e-08	618	0.222386	0.069073	0.972509	0.340927	0.41393	0.0761472	0.074259	0.0146097	0.013096	
1.866e-08	620	0.115662	-0.0226444	0.993031	0.409405	0.41405	0.0811938	0.137495	0.0134746	0.0088061	
1.872e-08	622	0.192113	-0.0465154	0.98027	0.395907	0.412452	0.0775553	0.0931349	0.0189924	0.0117215	
1.878e-08	624	-0.27256	-0.326001	0.905226	0.388314	0.403902	0.0884723	0.156956	0.0215621	0.009975	
1.884e-08	626	0.0788574	0.0896246	0.992849	0.38441	0.396836	0.0852304	0.0758637	0.0196398	0.0125107	
1.89e-08	628	0.127816	-0.0218368	0.991557	0.433567	0.398115	0.0580785	0.0714603	0.0171635	0.0158766	
1.896e-08	630	0.204164	0.149549	0.967446	0.403586	0.387943	0.117524	0.114458	0.0261411	0.0181086	
1.902e-08	632	0.143878	0.144051	0.979055	0.383176	0.386336	0.0987019	0.0976054	0.0139626	0.0136888	
1.908e-08	634	0.21849	-0.186281	0.957894	0.389396	0.383424	0.0919298	0.0915536	0.0203368	0.0110118	
1.914e-08	636	0.213089	-0.131607	0.968128	0.327855	0.371911	0.094448	0.130457	0.0185361	0.0143259	
1.92e-08	638	0.158332	-0.104782	0.98181	0.359407	0.363662	0.0820684	0.117341	0.0256275	0.0196995	
1.926e-08	640	-0.0966439	0.134133	0.986239	0.366333	0.362884	0.123607	0.0611648	0.0235313	0.0159373	
1.932e-08	642	0.258708	0.323781	0.910075	0.301139	0.351615	0.0819418	0.0917384	0.0262551	0.0192548	
1.938e-08	644	0.0648426	-0.0201007	0.997693	0.379705	0.351585	0.0672205	0.102191	0.0282012	0.0226668	
1.944e-08	646	0.0313255	0.0721708	0.9969	0.359556	0.338216	0.0852559	0.114484	0.0256694	0.0168255	
1.95e-08	648	0.294768	-0.113486	0.948806	0.358125	0.329318	0.0957936	0.0668381	0.0325555	0.0267725	
1.956e-08	650	-0.0128773	0.325471	0.945464	0.354588	0.337246	0.0853163	0.109951	0.0265557	0.020373	
1.962e-08	652	0.198923	0.0605659	0.978142	0.309589	0.317523	0.0925781	0.113624	0.0638855	0.0436631	
1.968e-08	654	0.40749	0.422856	0.80941	0.27302	0.321979	0.0924498	0.093562	0.0314733	0.0187812	
1.974e-08	656	-0.113996	-0.390851	-0.913368	0.323572	0.296348	0.0837126	0.199646	0.0820329	0.0533091	
1.98e-08	658	0.109307	0.0983408	-0.989131	0.359374	0.287061	0.142291	0.0751636	0.077953	0.0584443	
1.986e-08	660	-0.050881	-0.0132995	-0.998616	0.267367	0.28472	0.0520822	0.109876	0.0428008	0.0356808	
1.992e-08	662	0.187478	-0.164852	-0.968337	0.257632	0.28528	0.0421184	0.169874	0.0582342	0.0409442	
1.998e-08	664	-0.0284557	-0.207402	-0.977842	0.254039	0.276724	0.0909014	0.0959962	0.0325247	0.0285903	
2.004e-08	666	-0.0494587	0.2029	-0.97795	0.324578	0.248959	0.188265	0.11975	0.0865276	0.0404372	
2.01e-08	668	0.11711	0.184999	0.975736	0.224892	0.271951	0.127039	0.0852953	0.0512573	0.0353467	
2.016e-08	670	0.484473	-0.281562	0.828257	0.210673	0.239143	0.108948	0.148188	0.685811	0.0502925	
2.022e-08	672	0.344571	-0.0477875	0.937543	0.27827	0.228709	0.109903	0.13063	0.0759973	0.0410506	
2.028e-08	674	0.184401	0.515589	-0.836758	0.262502	0.203649	0.13137	0.122205	0.207723	0.0604457	
2.034e-08	676	0.626172	0.172227	-0.760425	0.11185	0.227175	0.0923492	0.0732405	0.0591719	0.0460649	
2.04e-08	678	0.0788117	0.218834	0.972574	0.203413	0.210046	0.0762035	0.115128	0.750914	0.0409103	
2.046e-08	680	-0.120877	-0.193826	0.973561	0.116768	0.173391	0.0952773	0.11832	0.498439	0.0675736	
2.052e-08	682	0.594005	-0.704326	0.388694	0.141595	0.168922	0.116742	0.137609	0.403718	0.0547684	
2.058e-08	684	-0.733832	0.0190462	0.679064	0.097957	0.159202	0.0937857	0.132298	0.162533	0.066521	
2.064e-08	686	-0.516952	0.601142	-0.609417	0.121853	0.157689	0.107866	0.0899348	0.342797	0.050121	
2.07e-08	688	0.535697	0.224191	-0.814105	0.161649	0.171081	0.098198	0.103778	0.395421	0.0515768	
2.076e-08	690	-0.472001	-0.0377873	0.880788	0.220468	0.169756	0.0717323	0.102457	0.294224	0.0571144	
2.082e-08	692	0.490696	-0.237682	-0.838287	0.19192	0.131285	0.0654627	0.0424672	0.272451	0.0662982	
2.088e-08	694	-0.0579215	0.458056	-0.887034	0.0869836	0.143381	0.144199	0.0580013	0.279468	0.0537252	
2.094e-08	696	-0.148062	-0.745987	-0.649292	0.106375	0.135658	0.080089	0.0863156	0.200882	0.0322269	
2.1e-08	698	0.624386	0.720842	0.300879	0.0402563	0.115647	0.0745123	0.0649358	0.167511	0.0427951	
2.106e-08	700	0.392131	0.00757108	0.919878	0.129762	0.113028	0.0665526	0.0903439	0.138838	0.034207	
2.112e-08	702	0.0109225	-0.190206	0.981683	0.184441	0.109236	0.053248	0.0701186	0.170209	0.0539618	
2.118e-08	704	0.648953	0.620228	-0.440655	0.0358748	0.091251	0.0519619	0.0464022	0.0849805	0.0255843	
2.124e-08	706	0.349421	0.793118	-0.498867	0.165773	0.117188	0.075	0.0816053	0.176123	0.0548133	
2.13e-08	708	0.115263	-0.42725	-0.896756	0.119525	0.0949373	0.0678686	0.0391091	0.0738399	0.019837	
2.136e-08	710	-0.14979	0.701535	-0.696715	0.0128368	0.0933358	0.0619935	0.0551104	0.0820264	0.0215	
2.142e-08	712	-0.242368	-0.727593	0.641768	0.0896545	0.0842059	0.0340828	0.0460904	0.0668155	0.0175459	
2.148e-08	714	0.0810915	0.257681	0.962821	0.0932676	0.0940336	0.0607236	0.0384357	0.0947529	0.0167325	
2.154e-08	716	0.235689	0.376178	-0.89607	0.0704798	0.092505	0.0389043	0.0411143	0.108693	0.0236427	
2.16e-08	718	-0.565651	0.237952	0.789568	0.0656214	0.0820569	0.0356687	0.0481021	0.0620899	0.0139638	
2.166e-08	720	-0.597133	0.699462	0.392664	0.0981258	0.0822769	0.0332493	0.0509285	0.0571971	0.0170171	
2.172e-08	722	-0.00280082	-0.402093	0.915595	0.0447179	0.0654194	0.0233245	0.0395274	0.0370887	0.0184828	
2.178e-08	724	-0.367751	0.27737	-0.887595	0.0892666	0.0769875	0.0380987	0.0611725	0.0437432	0.0249337	
2.184e-08	726	-0.129319	0.932222	-0.337993	0.0738935	0.0652504	0.0248388	0.0271717	0.0397506	0.0149554	
2.19e-08	728	-0.420959	-0.0545015	0.905441	0.05778	0.0794576	0.0575551	0.0365574	0.0496364	0.0212778	
2.196e-08	730	0.814184	0.51334	0.271268	0.0790716	0.06859	0.0317577	0.0211668	0.0470802	0.0108534	
2.202e-08	732	-0.157003	0.385107	0.909419	0.0288288	0.0680538	0.0248663	0.0221909	0.0619364	0.0224621	
2.208e-08	734	-0.386677	0.588908	0.709695	0.0367698	0.0687117	0.0321712	0.0306247	0.0485634	0.0176375	
2.214e-08	736	-0.689947	0.597319	-0.408881	0.043533	0.0594699	0.0294272	0.01889	0.0325657	0.0116067	
2.22e-08	738	-0.965454	0.226642	-0.12858	0.0246825	0.0593263	0.0135843	0.0197659	0.0467075	0.0136977	
2.226e-08	740	0.963626	0.261526	-0.0550381	0.0526803	0.0592437	0.0329597	0.0180137	0.0301235	0.0121126	
2.232e-08	742	-0.105462	0.278674	0.954578	0.0653941	0.0640777	0.026827	0.0301007	0.0369231	0.0135417	
2.238e-08	744	0.837443	-0.138634	-0.528648	0.0351869	0.060955	0.029065	0.0217144	0.0260485	0.0102669	
2.244e-08	746	0.220995	-0.489899	0.843303	0.0683674	0.0541681	0.0125456	0.0264151	0.0280497	0.011319	
2.25e-08	748	-0.848528	0.3566	0.390944	0.0446793	0.0589542	0.0307607	0.0158951	0.0262052	0.0129134	
2.256e-08	750	0.466401	-0.756753	0.458033	0.0893808	0.0572588	0.0236663	0.0256381	0.0226698	0.00899227	
2.262e-08	752	0.46644	-0.606886	-0.643524	0.101271	0.0615281	0.0182638	0.0252753	0.0356118	0.00943346	
2.268e-08	754	-0.755421	0.600095	-0.263106	0.0195995	0.0596493	0.0213207	0.0318274	0.0278937	0.0134365	
2.274e-08	756	-0.459711	0.399743	-0.793014	0.0294676	0.0499387	0.0182885	0.0201063	0.0198959	0.0104509	
2.28e-08	758	-0.618628	0.653699	0.435864	0.0666601	0.0531582	0.0175965	0.0203203	0.0230393	0.00732279	
2.286e-08	760	0.785242	-0.0936111	0.612072	0.127866	0.0565736	0.0253939	0.0159142	0.0262406	0.0118482	
2.292e-08	762	0.0509514	-0.00983453	-0.998653	0.0282542	0.0475344	0.0176894	0.0121245	0.01923	0.00610719	
2.298e-08	764	-0.683945	0.397905	0.611466	0.0319051	0.0406893	0.0115676	0.00798656	0.0163048	0.00525428	
2.304e-08	766	-0.336295	0.184729	-0.923462	0.0375042	0.0527984	0.0241656	0.0150464	0.0217372	0.00794129	
2.31e-08	768	0.653742	0.718267	-0.238149	0.0250329	0.0396357	0.0114153	0.0138823	0.00995296	0.00805007	
2.316e-08	770	-0.511706	-0.851895	-0.111495	0.0453182	0.0517703	0.0274647	0.0225676	0.0143031	0.0139518	
2.322e-08	772	0.578174	0.0424005	0.814811	0.0146896	0.0432453	0.011514	0.0130279	0.0178282	0.00855488	
2.328e-08	774	0.220201	-0.968293	-0.117985	0.029817	0.0469474	0.0175841	0.0200478	0.00859065	0.00614531	
2.334e-08	776	0.651796	-0.462276	0.601218	0.036685	0.0484469	0.0178651	0.0208849	0.0109067	0.00738912	
2.34e-08	778	0.927423	-0.347599	-0.138061	0.0754082	0.0434809	0.0136972	0.012589	0.0153939	0.00711136	
2.346e-08	780	0.616436	0.69806	-0.364306	0.0480793	0.0455185	0.0116481	0.015411	0.0184493	0.00719221	
2.352e-08	782	0.187604	0.0465189	-0.981143	0.0989247	0.0461542	0.00937411	0.0209325	0.0195412	0.0108767	
2.358e-08	784	-0.00110476	-0.846878	-0.531785	0.0504687	0.0458942	0.0160096	0.0117069	0.0175811	0.00799936	
2.364e-08	786	0.87153	-0.468104	0.145993	0.0186117	0.0399004	0.0112712	0.00951059	0.0125946	0.00428513	
2.37e-08	788	0.425845	0.684999	-0.591128	0.0426114	0.0439911	0.0117776	0.0145041	0.0155129	0.00661873	
2.376e-08	790	-0.205452	-0.94731	-0.245753	0.0450469	0.0428995	0.0122408	0.0142847	0.011997	0.00525105	
2.382e-08	792	0.583537	0.576645	-0.571808	0.0353411	0.0366095	0.0118133	0.00692117	0.00742124	0.00337807	
2.388e-08	794	-0.586414	0.439712	0.680274	0.0569897	0.0407118	0.0134402	0.0109528	0.0117772	0.0057322	
2.394e-08	796	-0.345832	0.654825	-0.672015	0.0246915	0.034142	0.00703093	0.00779838	0.00993078	0.00359474	
2.4e-08	798	-0.790487	0.485141	-0.373856	0.0334499	0.037833	0.0079179	0.00947567	0.0119987	0.00435842	
2.406e-08	800	-0.452439	0.0340138	-0.891147	0.0389939	0.0409212	0.00984671	0.0202601	0.00632316	0.00697481	
2.412e-08	802	-0.315819	-0.603133	-0.732454	0.0242277	0.0394129	0.0122724	0.00748991	0.0107589	0.00316935	
2.418e-08	804	0.230084	0.142763	0.962642	0.0093537	0.0397693	0.00769871	0.0096967	0.0141576	0.00380719	
2.424e-08	806	-0.233813	-0.896209	0.377016	0.0443699	0.0342347	0.0103257	0.00783168	0.00581368	0.00342088	
2.43e-08	808	0.527061	-0.325413	0.785056	0.03765	0.0395086	0.0109004	0.0126995	0.0100845	0.00567158	
2.436e-08	810	0.131524	-0.498145	-0.857061	0.0532953	0.0390697	0.0116829	0.00881889	0.0113959	0.00502587	
2.442e-08	812	0.511036	-0.842748	0.169169	0.0382969	0.0398494	0.0138296	0.012554	0.00750033	0.00599362	
2.448e-08	814	0.217925	-0.800269	-0.55864	0.0205544	0.0355949	0.00599779	0.0102226	0.00924328	0.00467179	
2.454e-08	816	0.980411	0.186079	0.0645676	0.0270609	0.0381898	0.00646885	0.00727461	0.016252	0.00516883	
2.46e-08	818	0.212262	0.613138	0.760925	0.0285275	0.0349428	0.00823753	0.00628644	0.00797679	0.00215953	
2.466e-08	820	-0.747318	-0.525309	-0.406899	0.0372164	0.0325819	0.00698253	0.00738745	0.00706942	0.00321182	
2.472e-08	822	-0.0396605	0.951785	0.30419	0.0118404	0.0301477	0.00667129	0.00712138	0.00603031	0.00381865	
2.478e-08	824	0.198839	-0.426714	0.882257	0.0218063	0.0323116	0.00848923	0.00920102	0.00574487	0.00696835	
2.484e-08	826	-0.13553	0.617182	-0.77506	0.0233524	0.031279	0.00840378	0.00436612	0.00706021	0.00296863	
2.49e-08	828	0.8565	0.515679	-0.0219724	0.024511	0.038591	0.0121347	0.0079138	0.00824241	0.00367614	
2.496e-08	830	0.295419	0.439239	-0.848408	0.0295376	0.0369112	0.00726335	0.0103668	0.00902878	0.00389672	
2.502e-08	832	-0.749689	0.517181	-0.412905	0.0360474	0.0374611	0.0113337	0.00664126	0.00694789	0.00368799	
2.508e-08	834	0.732376	0.275723	-0.622577	0.0469118	0.0361094	0.00909261	0.0065281	0.00910897	0.00236342	
2.514e-08	836	-0.113218	0.179536	0.977215	0.011495	0.0338636	0.00925	0.00734937	0.00710566	0.0041267	
2.52e-08	838	-0.113365	-0.542697	-0.832243	0.0422617	0.0285886	0.00487958	0.00597961	0.00639318	0.00323211	
2.526e-08	840	-0.650204	-0.73664	0.186002	0.0418491	0.0331931	0.00793564	0.00753228	0.00678625	0.00366228	
2.532e-08	842	0.498394	-0.133892	0.856549	0.0266227	0.0316675	0.00566296	0.00619593	0.00650067	0.00213044	
2.538e-08	844	0.782008	0.525277	0.335481	0.0237675	0.0326918	0.0053049	0.00770027	0.00811115	0.00275266	
2.544e-08	846	-0.946514	0.156799	-0.282004	0.0340636	0.0299209	0.00749458	0.0061994	0.00448036	0.00334077	
2.55e-08	848	-0.95024	0.223471	-0.217037	0.0407304	0.0339138	0.00951168	0.00450849	0.00845383	0.00317708	
2.556e-08	850	0.310068	-0.908821	0.27911	0.0350664	0.0374222	0.00840755	0.0124062	0.00794431	0.0053337	
2.562e-08	852	-0.591963	-0.354664	-0.723736	0.0278228	0.0332209	0.0067051	0.00664265	0.00740513	0.00224614	
2.568e-08	854	0.566597	-0.754114	-0.332085	0.037006	0.0347023	0.0080909	0.00776423	0.00790193	0.0033036	
2.574e-08	856	-0.703835	0.581449	-0.408084	0.0337973	0.032569	0.00590952	0.00749356	0.00700552	0.00338284	
2.58e-08	858	0.026112	-0.238361	0.970825	0.0500924	0.032133	0.00601133	0.00511467	0.0090366	0.00298778	
2.586e-08	860	-0.779098	0.234084	0.581559	0.0421754	0.0350342	0.00794819	0.00665039	0.00777037	0.00173836	
2.592e-08	862	-0.259409	-0.0177094	0.965605	0.0365664	0.0319562	0.00650354	0.00763039	0.00502415	0.00230331	
2.598e-08	864	-0.547771	-0.569394	0.612973	0.0303085	0.0309938	0.00843631	0.00431966	0.00513892	0.00194056	
2.604e-08	866	0.141588	0.989143	-0.0393532	0.029074	0.0287913	0.00386226	0.00863304	0.00548956	0.00418655	
2.61e-08	868	0.560918	-0.827571	0.0223124	0.0299216	0.028687	0.00439481	0.00475374	0.0057654	0.00202922	
2.616e-08	870	-0.66157	-0.201104	-0.722414	0.0214317	0.0345167	0.00846667	0.00698144	0.006183	0.00221386	
2.622e-08	872	0.80004	0.0688592	-0.595982	0.0282886	0.0308856	0.00439989	0.00544169	0.00719513	0.00210926	
2.628e-08	874	-0.584181	-0.507047	0.633748	0.0198422	0.0305799	0.00466013	0.00661613	0.00579344	0.00191993	
2.634e-08	876	0.75165	0.600514	-0.272773	0.0301198	0.0331723	0.005262	0.0100202	0.00554779	0.00259825	
2.64e-08	878	-0.217982	-0.712337	-0.667128	0.0269755	0.0261686	0.00442468	0.00508777	0.00371552	0.00221765	
2.646e-08	880	0.932706	-0.360135	-0.0190523	0.0205586	0.0257411	0.0046156	0.00400969	0.00476619	0.00261283	
2.652e-08	882	0.900244	-0.390357	0.192824	0.0317805	0.0307665	0.00843646	0.00529387	0.00484339	0.00378963	
2.658e-08	884	-0.633846	0.70729	-0.313017	0.00985382	0.0292892	0.00745143	0.00436996	0.0044655	0.00285305	
2.664e-08	886	-0.0739457	-0.909076	-0.410016	0.0250844	0.0294629	0.00742355	0.00393702	0.00381335	0.00267927	
2.67e-08	888	-0.527546	0.535842	0.659219	0.00619831	0.0288194	0.00472328	0.00683257	0.00417033	0.00235865	
2.676e-08	890	-0.892201	-0.417217	0.172935	0.0370615	0.0296553	0.00707339	0.00371702	0.00445089	0.0018216	
2.682e-08	892	-0.619857	-0.534452	0.574577	0.0394185	0.0271133	0.00663073	0.00342275	0.00405578	0.00295158	
2.688e-08	894	0.562655	0.758502	-0.328776	0.0154053	0.029153	0.00480296	0.00596015	0.00504359	0.00213865	
2.694e-08	896	-0.165926	0.185352	0.968562	0.0221463	0.0283718	0.00480276	0.004322	0.0058894	0.00242524	
2.7e-08	898	-0.62281	0.499415	-0.60224	0.0257702	0.0289282	0.00492389	0.00810425	0.00293521	0.002434	
2.706e-08	900	0.629455	-0.718711	-0.295365	0.0410691	0.0262615	0.00308418	0.00421422	0.00509019	0.00136548	
