#----------------------------------------------------------------------------------------------------------------------------------------------------------
# Output file for vampire simulation
#   time       : 2024-08-29 04:55:00     process id : 4008991
#   hostname   : node120.viking2.yor.alces.network
#   path       : /users/ky883/parameter/WS_dia5/AI_Dataset/size_8.0_8.0_5.0/Temp_900/random_1
#----------------------------------------------------------------------------------------------------------------------------------------------------------
6e-11	0	-0.00173725	0.0013783	0.999998	0.999901	0.999871	0	0	0	0	
1.2e-10	2	0.0025441	0.00151963	0.999996	0.998947	0.998948	0.0279933	0.0679053	3.80494e-06	4.17845e-06	
1.8e-10	4	-0.00597178	0.00085675	0.999982	0.997879	0.997881	0.0567467	0.0357347	5.92653e-06	4.67851e-06	
2.4e-10	6	-0.00506254	-0.00144245	0.999986	0.996794	0.996818	0.0751476	0.0390476	1.50255e-05	1.29614e-05	
3e-10	8	-0.00128644	-0.00242821	0.999996	0.995846	0.995764	0.0445742	0.0250142	1.27277e-05	1.24989e-05	
3.6e-10	10	-0.00126435	-0.00665231	0.999977	0.994714	0.994714	0.0434766	0.0827997	3.3394e-05	3.34294e-05	
4.2e-10	12	-0.00616939	0.00468698	0.99997	0.993719	0.993651	0.0970373	0.0521957	2.1188e-05	1.37253e-05	
4.8e-10	14	0.00432918	0.00143333	0.99999	0.992613	0.99257	0.0476733	0.0351223	4.68367e-05	4.98636e-05	
5.4e-10	16	-0.0090544	0.0103549	0.999905	0.991422	0.991478	0.0721761	0.065122	2.97736e-05	3.13955e-05	
6e-10	18	-0.00865119	-0.00082604	0.999962	0.99036	0.990419	0.0551723	0.0490697	3.15505e-05	3.75186e-05	
6.6e-10	20	-0.00609972	-0.00404013	0.999973	0.989349	0.98936	0.0394308	0.0366672	3.72317e-05	3.61658e-05	
7.2e-10	22	-0.00378719	-0.000593212	0.999993	0.987891	0.988245	0.0719775	0.056548	6.73314e-05	6.09277e-05	
7.8e-10	24	0.000232448	0.00943103	0.999955	0.987198	0.987176	0.071309	0.0533598	6.46434e-05	6.34935e-05	
8.4e-10	26	-0.00460929	0.00120661	0.999989	0.98567	0.986103	0.0360324	0.0779622	7.89212e-05	5.34315e-05	
9e-10	28	0.00402584	0.000101308	0.999992	0.984832	0.985022	0.0691605	0.0599735	8.84514e-05	7.40681e-05	
9.6e-10	30	-0.000858499	0.0203761	0.999792	0.983971	0.983944	0.0454662	0.0638003	9.919e-05	9.18009e-05	
1.02e-09	32	-0.00588538	-0.00140701	0.999982	0.982927	0.982821	0.0295569	0.0634374	7.48532e-05	7.27486e-05	
1.08e-09	34	0.0136609	-0.0119753	0.999835	0.981671	0.981754	0.0774938	0.0662622	6.75268e-05	5.60585e-05	
1.14e-09	36	-0.0153348	-0.0115416	0.999816	0.980367	0.980875	0.0519238	0.0755518	6.85669e-05	5.29033e-05	
1.2e-09	38	0.0140572	0.0203229	0.999695	0.980271	0.97958	0.0801277	0.0627956	0.000111269	0.000109642	
1.26e-09	40	-0.0106958	-0.00129234	0.999942	0.977914	0.978516	0.0605286	0.0467888	0.000102818	0.000118342	
1.32e-09	42	0.0101606	0.00814693	0.999915	0.977242	0.977388	0.0502182	0.0272585	9.75895e-05	8.77222e-05	
1.38e-09	44	-0.00762578	0.00379569	0.999964	0.976693	0.976456	0.0582518	0.0775434	9.61021e-05	0.00010031	
1.44e-09	46	0.0156787	0.0122656	0.999802	0.975293	0.975317	0.0604727	0.0326962	9.11764e-05	8.82115e-05	
1.5e-09	48	0.00786284	0.0160748	0.99984	0.974822	0.974073	0.0370585	0.0325234	7.88579e-05	7.00885e-05	
1.56e-09	50	-0.0164887	-0.0256343	0.999535	0.972874	0.97304	0.0628475	0.0622994	0.000122046	0.000121835	
1.62e-09	52	-0.00730142	0.00628266	0.999954	0.972172	0.97186	0.0517997	0.04265	0.000148359	0.00013281	
1.68e-09	54	0.0141077	0.0260461	0.999561	0.971884	0.970687	0.0548491	0.0475293	0.000110659	9.37237e-05	
1.74e-09	56	-0.0100625	-0.0171432	0.999802	0.969816	0.969863	0.043678	0.0387518	0.000132389	0.000133444	
1.8e-09	58	-0.00131977	-0.00987294	0.99995	0.968405	0.968646	0.0965955	0.0431698	0.000107755	0.000100198	
1.86e-09	60	-0.00460692	0.0321324	0.999473	0.968999	0.967493	0.0914908	0.0723919	0.000161306	0.000111723	
1.92e-09	62	0.00939256	0.00425283	0.999947	0.967115	0.966531	0.0366566	0.0447657	0.000140565	0.000135324	
1.98e-09	64	0.0030528	-0.0125445	0.999917	0.965597	0.965139	0.0342793	0.0493744	0.000136541	0.000131872	
2.04e-09	66	0.0164229	0.0135737	0.999773	0.964551	0.964136	0.0670019	0.03907	0.000119744	0.000116052	
2.1e-09	68	-0.0129324	0.0498366	0.998674	0.963812	0.963367	0.0603449	0.0654301	0.00016576	0.000142674	
2.16e-09	70	0.000172663	-0.0159174	0.999873	0.962427	0.962188	0.0795565	0.0890272	0.000187285	0.000185716	
2.22e-09	72	0.000965938	-0.0149398	0.999888	0.961236	0.960867	0.0878394	0.0517829	0.000161436	0.000154679	
2.28e-09	74	-0.0194679	-0.0112551	0.999747	0.959662	0.960034	0.0528948	0.071188	0.000227678	0.000198038	
2.34e-09	76	0.0190997	-0.00378439	0.99981	0.958457	0.958647	0.0964726	0.0415564	0.000113942	8.04773e-05	
2.4e-09	78	-0.0331878	-0.0300226	0.998998	0.957384	0.957389	0.0791592	0.0466424	0.000199697	0.000145102	
2.46e-09	80	-0.0245754	-0.00423883	0.999689	0.954105	0.956246	0.0547473	0.0477813	0.000167983	0.000150703	
2.52e-09	82	0.00532272	-0.00386441	0.999978	0.954534	0.9555	0.0692849	0.0548558	0.000158989	0.000148573	
2.58e-09	84	0.0220773	0.0323252	0.999234	0.954672	0.954111	0.0649045	0.0435118	0.000276811	0.000265496	
2.64e-09	86	-0.00754272	-0.00164117	0.99997	0.95296	0.952905	0.0696218	0.0751689	0.000268946	0.000201497	
2.7e-09	88	-0.0165326	-0.00778728	0.999833	0.948981	0.951831	0.057219	0.0594266	0.000316692	0.000330606	
2.76e-09	90	0.0136614	-0.00905198	0.999866	0.952116	0.950844	0.0474562	0.0592464	0.000272586	0.000252854	
2.82e-09	92	-0.019214	0.0274625	0.999438	0.950126	0.949649	0.03364	0.0564699	0.000156162	0.000146491	
2.88e-09	94	9.15484e-07	-0.0184846	0.999829	0.94829	0.948034	0.0434814	0.0492985	0.000184057	0.000176698	
2.94e-09	96	0.0339929	0.0202524	0.999217	0.946826	0.947061	0.0708198	0.0511919	0.000268707	0.000178884	
3e-09	98	0.00821142	0.0111854	0.999904	0.944441	0.945993	0.0539112	0.0482914	0.000236074	0.000208318	
3.06e-09	100	0.00954271	-0.0222315	0.999707	0.945461	0.944991	0.044805	0.0393054	0.000237922	0.00022537	
3.12e-09	102	0.00591704	-0.00256457	0.999979	0.943419	0.943642	0.0399239	0.0513023	0.000267107	0.000257252	
3.18e-09	104	-0.0146628	0.00536043	0.999878	0.940441	0.942347	0.0519095	0.0784696	0.000416767	0.000386798	
3.24e-09	106	0.0226608	-0.00539478	0.999729	0.942334	0.941607	0.0488646	0.0887329	0.000192144	0.000163313	
3.3e-09	108	-0.0148182	-0.0294922	0.999455	0.940836	0.940376	0.0268576	0.0762048	0.000170551	0.000177821	
3.36e-09	110	-0.0022427	-0.0229504	0.999734	0.939908	0.93934	0.0569031	0.0528906	0.000259995	0.000225043	
3.42e-09	112	0.012546	0.00811196	0.999888	0.9387	0.937897	0.0603846	0.0566537	0.000268288	0.000221823	
3.48e-09	114	-0.0149345	-0.0275397	0.999509	0.934855	0.93634	0.0742671	0.109401	0.000373081	0.000294717	
3.54e-09	116	-0.015603	-0.0035483	0.999872	0.936574	0.935814	0.0503025	0.0667341	0.000395406	0.000435176	
3.6e-09	118	0.0287085	-0.00317047	0.999583	0.935451	0.934275	0.0492398	0.0621915	0.000328528	0.000387464	
3.66e-09	120	0.0160222	-0.0569096	0.998251	0.934964	0.933305	0.0646974	0.071285	0.00026231	0.000280305	
3.72e-09	122	0.0233666	0.00160947	0.999726	0.931523	0.931555	0.0407746	0.0562441	0.000279578	0.000261951	
3.78e-09	124	-0.0010651	0.00401564	0.999991	0.930318	0.930794	0.0372335	0.0645198	0.000255696	0.000273792	
3.84e-09	126	0.0279704	0.0254014	0.999286	0.930819	0.929655	0.0543487	0.0663937	0.00036784	0.00030582	
3.9e-09	128	-0.00789648	-0.00404283	0.999961	0.932357	0.9286	0.0341559	0.0526863	0.00056919	0.000526077	
3.96e-09	130	-0.0230181	-0.0024539	0.999732	0.923697	0.927296	0.0524407	0.0618394	0.000275763	0.000269131	
4.02e-09	132	0.0151455	0.0578462	0.998211	0.926411	0.926168	0.0425643	0.0525359	0.000279474	0.000255384	
4.08e-09	134	-0.00247175	-0.0166771	0.999858	0.927416	0.92455	0.0607592	0.048242	0.000500893	0.000433044	
4.14e-09	136	0.000311472	-0.00295438	0.999996	0.923013	0.923776	0.0535319	0.0882171	0.000359195	0.000313325	
4.2e-09	138	-0.0200337	-0.0185444	0.999627	0.923102	0.922945	0.0416174	0.04038	0.000159671	0.000144265	
4.26e-09	140	0.0312029	-0.00984213	0.999465	0.922735	0.921159	0.0345866	0.0594723	0.000321636	0.000305417	
4.32e-09	142	-0.0149638	-0.0551686	0.998365	0.92032	0.9203	0.055552	0.0449172	0.00047413	0.000440543	
4.38e-09	144	-0.0316306	-0.00380858	0.999492	0.917002	0.919481	0.0788153	0.0590501	0.000386357	0.000339873	
4.44e-09	146	-0.0164056	-0.0195149	0.999675	0.918029	0.917582	0.12334	0.0483447	0.000545455	0.000419773	
4.5e-09	148	0.000541736	0.0262453	0.999655	0.912634	0.915902	0.0410243	0.0488592	0.000474512	0.000440208	
4.56e-09	150	0.0155945	0.0344475	0.999285	0.915001	0.915347	0.0388497	0.0488777	0.000517718	0.000527285	
4.62e-09	152	0.00660353	0.00681623	0.999955	0.909345	0.913685	0.0397159	0.0367778	0.000387994	0.000381756	
4.68e-09	154	-0.00670494	0.0024522	0.999975	0.910225	0.913066	0.03712	0.0604126	0.000262444	0.000301277	
4.74e-09	156	0.0203313	0.0340296	0.999214	0.910583	0.911224	0.0598803	0.0895035	0.000649589	0.000600249	
4.8e-09	158	0.00712152	-0.0138581	0.999879	0.910905	0.910876	0.0484588	0.0512232	0.000540248	0.00049907	
4.86e-09	160	-0.057011	0.0215637	0.998141	0.909789	0.908955	0.0580852	0.064003	0.000430707	0.000485828	
4.92e-09	162	-0.0404148	0.0164787	0.999047	0.905952	0.908051	0.0467099	0.0496845	0.000401504	0.000421304	
4.98e-09	164	-0.00836144	-0.00282579	0.999961	0.906787	0.906301	0.0374903	0.0493633	0.000320504	0.000309735	
5.04e-09	166	-0.0041449	-0.00221388	0.999989	0.905203	0.905326	0.0520341	0.0518321	0.000297282	0.000263771	
5.1e-09	168	-0.0289875	0.00823758	0.999546	0.906205	0.904185	0.0626065	0.0610101	0.000673784	0.000573745	
5.16e-09	170	-0.0246235	-0.0295922	0.999259	0.903371	0.903366	0.064915	0.0596818	0.000398835	0.000375835	
5.22e-09	172	-0.00274946	-0.0103879	0.999942	0.900942	0.901977	0.0389762	0.0531261	0.000507788	0.000500855	
5.28e-09	174	-0.0116368	0.0041923	0.999924	0.89882	0.900741	0.0874743	0.0457732	0.000396454	0.000376053	
5.34e-09	176	0.0163576	-0.0488321	0.998673	0.899968	0.8999	0.0527326	0.0606921	0.000309911	0.000330296	
5.4e-09	178	-0.0451384	-0.0155155	0.99886	0.900537	0.897862	0.0356577	0.0534132	0.000405222	0.000404229	
5.46e-09	180	0.00862963	0.00994308	0.999913	0.89643	0.896691	0.0482806	0.0444673	0.000401373	0.000364908	
5.52e-09	182	-0.027781	0.0106822	0.999557	0.894231	0.895502	0.0569614	0.0642156	0.000550781	0.000415103	
5.58e-09	184	-0.0415813	-0.0314345	0.998641	0.894292	0.894071	0.069241	0.0739737	0.000542644	0.000542746	
5.64e-09	186	0.0178742	-0.0304361	0.999377	0.891592	0.893137	0.083804	0.0447813	0.000658599	0.000581553	
5.7e-09	188	-0.0221545	0.00951817	0.999709	0.887722	0.8912	0.0563263	0.0604513	0.00080369	0.000766309	
5.76e-09	190	0.0481914	-0.0151485	0.998723	0.886858	0.89032	0.0515575	0.0704317	0.000627627	0.000460682	
5.82e-09	192	-0.0289255	-0.0306208	0.999112	0.888762	0.888933	0.0675593	0.0616728	0.000505158	0.000383041	
5.88e-09	194	0.045962	-0.0128262	0.998861	0.888607	0.887566	0.0507926	0.0678214	0.000337711	0.000347504	
5.94e-09	196	-0.0109556	-0.00864413	0.999903	0.886888	0.886303	0.05613	0.0267098	0.000482299	0.000440254	
6e-09	198	0.0460549	-0.00874141	0.998901	0.886707	0.885564	0.0819899	0.052183	0.000274587	0.000202743	
6.06e-09	200	0.0257966	0.0480367	0.998512	0.882456	0.883933	0.0559252	0.0536587	0.00054209	0.000423684	
6.12e-09	202	-0.0661751	0.0093469	0.997764	0.884954	0.882972	0.0442941	0.0933499	0.000871921	0.000763533	
6.18e-09	204	-0.000916725	0.0114764	0.999934	0.882547	0.881572	0.0567509	0.0446485	0.00058837	0.000546179	
6.24e-09	206	0.0207244	0.0226367	0.999529	0.882548	0.880308	0.0806752	0.0590517	0.0008154	0.000637631	
6.3e-09	208	0.0282409	0.0573283	0.997956	0.875853	0.878874	0.0507131	0.0452738	0.000631468	0.000653472	
6.36e-09	210	0.0130115	-0.0331385	0.999366	0.880515	0.878153	0.0767643	0.0560745	0.000708629	0.000620098	
6.42e-09	212	0.00376203	-0.00830701	0.999958	0.880074	0.877682	0.0500215	0.0784599	0.000750744	0.000686195	
6.48e-09	214	-0.0585615	0.0385513	0.997539	0.873264	0.875159	0.0960596	0.0379686	0.000519259	0.000489444	
6.54e-09	216	-0.00735895	0.0372185	0.99928	0.873163	0.874469	0.103231	0.0747149	0.00080358	0.000849673	
6.6e-09	218	0.00420354	0.0674039	0.997717	0.872973	0.873011	0.0430817	0.0757013	0.00060384	0.000692296	
6.66e-09	220	-0.012357	0.0623589	0.997977	0.863909	0.870497	0.0456635	0.0743194	0.000729679	0.000687959	
6.72e-09	222	-0.0460011	0.0082111	0.998908	0.868467	0.869603	0.0738498	0.0675375	0.000667244	0.000478852	
6.78e-09	224	0.00946141	-0.052211	0.998591	0.867446	0.868666	0.0705702	0.0800319	0.000750453	0.00080345	
6.84e-09	226	-0.0849907	0.003714	0.996375	0.864798	0.867043	0.0665397	0.0462072	0.000636407	0.000601128	
6.9e-09	228	0.0484526	0.039657	0.998038	0.858725	0.866701	0.0680703	0.071932	0.00101569	0.000969297	
6.96e-09	230	0.0171093	-0.00122529	0.999853	0.864629	0.865206	0.0623467	0.0587629	0.000847454	0.000713887	
7.02e-09	232	0.0226914	-0.0154239	0.999624	0.862134	0.863558	0.0525385	0.0343555	0.00115482	0.00104303	
7.08e-09	234	0.0117089	-0.0874967	0.996096	0.859017	0.86165	0.0525996	0.0816408	0.000467205	0.000387736	
7.14e-09	236	-0.013605	0.0125178	0.999829	0.861129	0.860263	0.0618294	0.0583567	0.000702395	0.000582442	
7.2e-09	238	0.0297503	0.0384915	0.998816	0.858459	0.860234	0.0556793	0.0540642	0.000483314	0.000485706	
7.26e-09	240	-0.0352022	0.035488	0.99875	0.858669	0.857754	0.0700952	0.0356742	0.000568076	0.000536468	
7.32e-09	242	0.0388453	0.0144459	0.999141	0.864544	0.856565	0.0296847	0.0539566	0.00100187	0.0010382	
7.38e-09	244	0.0137476	0.0495441	0.998677	0.862185	0.855157	0.0774717	0.0581134	0.0007063	0.000633449	
7.44e-09	246	-0.0202861	0.0405963	0.99897	0.856937	0.853937	0.0447127	0.055629	0.000970039	0.000859589	
7.5e-09	248	0.0347301	-0.0170529	0.999251	0.853231	0.85184	0.0482357	0.0609236	0.000623701	0.000561162	
7.56e-09	250	-0.00314345	0.00769707	0.999965	0.84875	0.850178	0.0648412	0.0657525	0.000963324	0.000814781	
7.62e-09	252	-0.040516	0.0180169	0.999016	0.847282	0.850043	0.0428556	0.0722673	0.000952803	0.00086868	
7.68e-09	254	-0.0130583	-0.0403248	0.999101	0.844595	0.848078	0.0694888	0.0664651	0.000675825	0.000627114	
7.74e-09	256	-0.0433512	0.0125253	0.998981	0.841631	0.847087	0.0624491	0.110809	0.000658377	0.000715762	
7.8e-09	258	0.0432501	-0.0035554	0.999058	0.845144	0.845301	0.0478329	0.078818	0.00126458	0.00106431	
7.86e-09	260	-0.0653781	0.0235877	0.997582	0.845377	0.8443	0.0566943	0.0518616	0.000968031	0.000890105	
7.92e-09	262	0.0190291	0.0213995	0.99959	0.841568	0.842783	0.0643372	0.050733	0.00146557	0.00125629	
7.98e-09	264	-0.0216402	0.00346979	0.99976	0.84583	0.841035	0.0308536	0.0495566	0.000829923	0.000724876	
8.04e-09	266	-0.0110469	-0.000934322	0.999939	0.839896	0.839806	0.0815382	0.0328068	0.00100255	0.000934089	
8.1e-09	268	0.0486869	-0.0628906	0.996832	0.834594	0.837643	0.0441219	0.0758691	0.000797687	0.000799738	
8.16e-09	270	0.00325938	0.048753	0.998806	0.831229	0.836999	0.0613557	0.0601932	0.00156837	0.00157968	
8.22e-09	272	0.0162336	-0.0012266	0.999867	0.835696	0.835344	0.0724792	0.0468285	0.00123378	0.00114312	
8.28e-09	274	0.00855576	0.0292148	0.999537	0.838654	0.83378	0.070307	0.0592726	0.000388051	0.000427464	
8.34e-09	276	-0.0110104	0.00446124	0.999929	0.829984	0.833247	0.0473058	0.0721253	0.000727867	0.000683181	
8.4e-09	278	-0.0212633	-0.013995	0.999676	0.83443	0.830427	0.0615007	0.0393662	0.000718358	0.000578545	
8.46e-09	280	-0.0246322	0.00562027	0.999681	0.831203	0.829495	0.0657402	0.05675	0.00109758	0.00112333	
8.52e-09	282	-0.0267672	0.0123526	0.999565	0.828099	0.828836	0.054628	0.0341828	0.0011492	0.00105076	
8.58e-09	284	0.0269136	-0.0508996	0.998341	0.8276	0.826716	0.114081	0.0656025	0.000726254	0.000546613	
8.64e-09	286	0.0131027	-0.00598654	0.999896	0.826075	0.825786	0.0455921	0.0602676	0.000852611	0.000760402	
8.7e-09	288	-0.000450268	0.0526501	0.998613	0.824308	0.822372	0.0618078	0.0372233	0.00113502	0.00120054	
8.76e-09	290	0.0798766	-0.0340672	0.996222	0.816264	0.820807	0.0685547	0.0383153	0.000703148	0.000543672	
8.82e-09	292	0.0209589	0.0221467	0.999535	0.828862	0.821	0.0268764	0.0584209	0.00125288	0.00105705	
8.88e-09	294	-0.0202323	-0.0440473	0.998825	0.820394	0.820483	0.0627601	0.0534353	0.000838392	0.000868173	
8.94e-09	296	0.0477725	-0.0466556	0.997768	0.819697	0.818335	0.0957201	0.0559398	0.00118444	0.00110029	
9e-09	298	0.0462109	-0.0665508	0.996712	0.819692	0.816079	0.0855574	0.0805487	0.000915661	0.000847313	
9.06e-09	300	0.0229577	0.0536717	0.998295	0.809742	0.815544	0.0560548	0.0722984	0.00146696	0.00114944	
9.12e-09	302	-0.0372981	-0.0423269	0.998407	0.815269	0.813669	0.0879723	0.06876	0.00104917	0.000763541	
9.18e-09	304	0.0150155	0.0477058	0.998749	0.816211	0.812375	0.0858735	0.0565991	0.00164193	0.00116164	
9.24e-09	306	-0.0122114	0.0216212	0.999692	0.818358	0.811487	0.0718029	0.0463994	0.00104905	0.000953159	
9.3e-09	308	-0.0526012	-0.0366467	0.997943	0.811916	0.810249	0.0664049	0.0504148	0.00097716	0.000987136	
9.36e-09	310	-0.0510097	0.0281727	0.998301	0.815013	0.80801	0.026339	0.0712968	0.0011921	0.00111457	
9.42e-09	312	0.0188109	0.00959448	0.999777	0.801038	0.805964	0.0526574	0.0763571	0.00123685	0.00114434	
9.48e-09	314	0.0235839	0.0529199	0.99832	0.796776	0.804067	0.0523991	0.0451699	0.0016679	0.00148867	
9.54e-09	316	0.0053191	-0.00269662	0.999982	0.803555	0.801504	0.03493	0.060195	0.00123647	0.00104807	
9.6e-09	318	-0.0402732	-0.012119	0.999115	0.802051	0.800862	0.0870956	0.0568515	0.00137621	0.00125632	
9.66e-09	320	-0.0499122	0.118161	0.991739	0.80364	0.799516	0.0428698	0.139809	0.00188122	0.00140259	
9.72e-09	322	-0.0243314	0.0372254	0.999011	0.802751	0.799849	0.0570726	0.067304	0.00125426	0.00110009	
9.78e-09	324	-0.072624	-0.00822099	0.997326	0.794564	0.798235	0.0857521	0.0766417	0.00101755	0.000979086	
9.84e-09	326	-0.0187454	-0.0161115	0.999694	0.801978	0.796785	0.0443497	0.0632632	0.00134331	0.00119333	
9.9e-09	328	0.0157752	0.0196076	0.999683	0.793835	0.793233	0.0852005	0.0395805	0.00168153	0.00156473	
9.96e-09	330	-0.0219157	0.0292847	0.999331	0.793711	0.791904	0.0806725	0.0581398	0.00171623	0.00135111	
1.002e-08	332	0.0361733	0.023088	0.999079	0.79875	0.78871	0.0745901	0.0628212	0.00171744	0.00167836	
1.008e-08	334	-0.0180579	-0.0032249	0.999832	0.782111	0.788407	0.0429115	0.0647449	0.00119502	0.00127981	
1.014e-08	336	0.0382179	0.0327508	0.998733	0.793582	0.788279	0.064159	0.0723395	0.00146666	0.00126196	
1.02e-08	338	0.0529071	-0.032108	0.998083	0.779614	0.784381	0.114041	0.0566873	0.000600798	0.000624015	
1.026e-08	340	0.0815886	-0.0331129	0.996116	0.791704	0.785325	0.044244	0.0597957	0.00122286	0.00108505	
1.032e-08	342	0.000310183	-0.0444653	0.999011	0.779794	0.78321	0.0452382	0.0468317	0.00150213	0.00147665	
1.038e-08	344	0.0194809	0.0179875	0.999648	0.786378	0.781079	0.0630398	0.0671252	0.00126734	0.00135639	
1.044e-08	346	-0.0735943	-0.00420446	0.997279	0.7719	0.779056	0.0762406	0.0519838	0.00157001	0.00119411	
1.05e-08	348	-0.0482196	-0.0268166	0.998477	0.780676	0.778765	0.0406494	0.0658609	0.00176157	0.00158252	
1.056e-08	350	-0.0408583	-0.0371764	0.998473	0.788002	0.777674	0.0803749	0.0646926	0.00247538	0.00216849	
1.062e-08	352	-0.0741321	0.022305	0.996999	0.772441	0.773285	0.0935311	0.0476957	0.00280717	0.00226953	
1.068e-08	354	0.0167291	0.00952257	0.999815	0.783648	0.77233	0.070945	0.081303	0.00184344	0.00182741	
1.074e-08	356	-0.0185893	0.0510629	0.998522	0.773262	0.771233	0.0584907	0.0671218	0.00122274	0.00120088	
1.08e-08	358	-0.0865754	-0.0109132	0.996186	0.766025	0.76969	0.101109	0.0492733	0.00118769	0.00109749	
1.086e-08	360	0.0846305	-0.0525258	0.995027	0.767132	0.767616	0.0898985	0.0528217	0.00129968	0.00128511	
1.092e-08	362	0.00335489	0.000722566	0.999994	0.770315	0.766573	0.0440426	0.0943137	0.0016261	0.0015258	
1.098e-08	364	0.0180941	0.0608183	0.997985	0.757346	0.765447	0.0727678	0.0596338	0.00233385	0.00183146	
1.104e-08	366	0.0166158	-0.0377613	0.999149	0.773299	0.76413	0.0606083	0.0704688	0.000987211	0.00105209	
1.11e-08	368	0.0039044	0.109289	0.994002	0.762539	0.760985	0.117426	0.0538481	0.00178347	0.0013502	
1.116e-08	370	-0.0907845	-0.0109021	0.995811	0.755831	0.75753	0.0934345	0.0735506	0.00292243	0.00265505	
1.122e-08	372	0.0291484	-0.0248558	0.999266	0.75675	0.75791	0.0437475	0.0470167	0.00166255	0.00155134	
1.128e-08	374	-0.122887	0.00901768	0.99238	0.758786	0.756376	0.0582146	0.0448891	0.00113762	0.00131398	
1.134e-08	376	-0.025251	-0.0342775	0.999093	0.750181	0.753825	0.0872942	0.0678616	0.00320379	0.00214493	
1.14e-08	378	0.058936	0.0178813	0.998102	0.74596	0.75471	0.0645358	0.0580798	0.00118619	0.00131948	
1.146e-08	380	-0.0160944	0.0242388	0.999577	0.759327	0.750893	0.0751769	0.0883997	0.00270901	0.00208454	
1.152e-08	382	-0.0177753	-0.115873	0.993105	0.758038	0.749634	0.0967919	0.045759	0.00200471	0.00185811	
1.158e-08	384	0.0315381	-0.0133837	0.999413	0.74444	0.748041	0.0827469	0.0537189	0.00234836	0.00231985	
1.164e-08	386	-0.0105097	0.0253102	0.999624	0.74613	0.744787	0.0579275	0.0375709	0.00077169	0.000623854	
1.17e-08	388	0.103735	0.0274677	0.994226	0.742188	0.744893	0.0907275	0.0732763	0.00202839	0.00177657	
1.176e-08	390	-0.00781064	-0.0271559	0.999601	0.738038	0.741621	0.0470018	0.0513265	0.00148008	0.00161019	
1.182e-08	392	-0.037033	-0.0349502	0.998703	0.738127	0.740847	0.0481459	0.036792	0.00288372	0.002607	
1.188e-08	394	0.0986552	0.0559412	0.993548	0.737887	0.739161	0.0594277	0.0828758	0.00201227	0.00194175	
1.194e-08	396	-0.0361748	0.0418949	0.998467	0.736481	0.734475	0.0660032	0.0636055	0.00145953	0.00121908	
1.2e-08	398	-0.113188	0.019393	0.993384	0.733298	0.733888	0.0982294	0.0597822	0.00200754	0.00202878	
1.206e-08	400	-0.0371835	-0.0374439	0.998607	0.735299	0.734499	0.0924422	0.0883825	0.00206885	0.00149403	
1.212e-08	402	-0.0670373	0.051485	0.996421	0.733398	0.731782	0.087878	0.0502768	0.00183751	0.00154898	
1.218e-08	404	-0.106469	-0.0463005	0.993237	0.734137	0.730227	0.0851687	0.0988939	0.00240173	0.00117707	
1.224e-08	406	-0.0960733	-0.0324195	0.994846	0.729157	0.727374	0.0700315	0.171377	0.00197327	0.00140446	
1.23e-08	408	-0.0737835	-0.0235097	0.996997	0.722082	0.726713	0.0865179	0.0507018	0.00162123	0.00152714	
1.236e-08	410	0.0401441	0.0712644	0.996649	0.71119	0.724176	0.100316	0.0654516	0.00290141	0.00296793	
1.242e-08	412	-0.0123186	0.0229411	0.999661	0.735022	0.723916	0.0614091	0.0757167	0.00187165	0.00141192	
1.248e-08	414	-0.000233703	0.129646	0.99156	0.720446	0.719949	0.11683	0.060102	0.00224215	0.00172241	
1.254e-08	416	0.0386248	0.00488559	0.999242	0.709593	0.717109	0.0726957	0.0706855	0.00164591	0.00138485	
1.26e-08	418	0.0978671	0.0281924	0.9948	0.712041	0.716974	0.104108	0.0744147	0.00314547	0.00235542	
1.266e-08	420	-0.028654	-0.0193205	0.999403	0.705983	0.712126	0.0727748	0.0634436	0.00188638	0.00227614	
1.272e-08	422	-0.0284217	0.0250025	0.999283	0.714954	0.711129	0.070196	0.100999	0.00158635	0.00149074	
1.278e-08	424	-0.0101935	0.0421876	0.999058	0.714663	0.71036	0.037885	0.085583	0.00267389	0.00209922	
1.284e-08	426	0.0229357	0.0549778	0.998224	0.692079	0.706103	0.0964783	0.0677505	0.00272985	0.00249309	
1.29e-08	428	0.0392334	-0.0315857	0.998731	0.697571	0.707578	0.0895952	0.0439489	0.00214406	0.00182555	
1.296e-08	430	-0.055393	0.070455	0.995976	0.710758	0.705423	0.0831486	0.0613944	0.00266766	0.00231691	
1.302e-08	432	-0.0163858	0.0568861	0.998246	0.703664	0.701165	0.0748963	0.0549424	0.00161157	0.00136996	
1.308e-08	434	0.0273023	0.00300299	0.999623	0.703657	0.698664	0.0367121	0.0801468	0.00253711	0.00248309	
1.314e-08	436	0.0854109	-0.0860618	0.992622	0.693691	0.699387	0.0706414	0.103295	0.00209997	0.00177034	
1.32e-08	438	0.132358	0.0197928	0.991004	0.693556	0.694923	0.039949	0.0613293	0.00202618	0.00197298	
1.326e-08	440	0.0588774	-0.0511881	0.996952	0.701211	0.696677	0.0478488	0.0788544	0.00258018	0.002791	
1.332e-08	442	-0.0761689	-0.107701	0.991261	0.689372	0.693556	0.061822	0.0944688	0.00203057	0.00183801	
1.338e-08	444	0.0210307	0.053549	0.998344	0.692342	0.69045	0.0482628	0.0529721	0.00228755	0.00202502	
1.344e-08	446	-0.0989325	0.0118096	0.995024	0.685914	0.690324	0.063624	0.0442787	0.00245207	0.00247613	
1.35e-08	448	-0.0950348	-0.212206	0.972593	0.685223	0.688486	0.0973558	0.142891	0.00301602	0.0019053	
1.356e-08	450	0.0177707	-0.0776686	0.996821	0.6926	0.687835	0.0600935	0.0432535	0.00153833	0.00164022	
1.362e-08	452	0.0420678	0.0110757	0.999053	0.678746	0.682895	0.0933363	0.0458903	0.00294904	0.00243658	
1.368e-08	454	0.0822413	-0.0830119	0.993149	0.678457	0.678462	0.0971127	0.063531	0.00496452	0.00395094	
1.374e-08	456	0.00195873	0.00543719	0.999983	0.682788	0.680695	0.0785334	0.091242	0.00333703	0.00282329	
1.38e-08	458	0.106735	-0.191198	0.975731	0.67224	0.675889	0.0823397	0.0978996	0.00489269	0.00352114	
1.386e-08	460	0.024582	0.0745198	0.996917	0.679	0.674374	0.101213	0.0878299	0.00465248	0.00369229	
1.392e-08	462	0.00514253	0.0318584	0.999479	0.674572	0.672928	0.0707083	0.0646855	0.00243569	0.00213659	
1.398e-08	464	-0.0364546	-0.104401	0.993867	0.659516	0.668713	0.0509249	0.064685	0.00145265	0.0011495	
1.404e-08	466	-0.0487286	-0.00282067	0.998808	0.667987	0.666163	0.063825	0.0941848	0.00271125	0.00223048	
1.41e-08	468	-0.0582194	0.0293776	0.997871	0.66316	0.664405	0.110545	0.0677409	0.00391671	0.00317528	
1.416e-08	470	0.00790975	-0.0867766	0.996196	0.663837	0.662144	0.0624389	0.0794995	0.00296622	0.0025246	
1.422e-08	472	0.0224655	-0.0574181	0.998097	0.649068	0.658692	0.0832754	0.0484477	0.00485906	0.0035277	
1.428e-08	474	0.0181964	0.0192461	0.999649	0.658892	0.654827	0.0649919	0.0599231	0.00430709	0.00386914	
1.434e-08	476	0.00763852	-0.04194	0.999091	0.641876	0.65396	0.0581099	0.081701	0.00450555	0.00405686	
1.44e-08	478	-0.128081	0.0417588	0.990884	0.663164	0.651055	0.0454684	0.0892526	0.00360988	0.00312811	
1.446e-08	480	0.141579	0.0166497	0.989787	0.655232	0.652186	0.0980793	0.0595643	0.00399564	0.00326137	
1.452e-08	482	0.0323469	0.0508003	0.998185	0.63116	0.647212	0.0426638	0.0951664	0.00204922	0.00227931	
1.458e-08	484	-0.0715503	-0.0487201	0.996246	0.643909	0.647584	0.0649245	0.0782047	0.00306735	0.00284376	
1.464e-08	486	-0.049297	0.125474	0.990871	0.624092	0.645135	0.055909	0.0749559	0.00409879	0.00326617	
1.47e-08	488	0.00596716	0.0464901	0.998901	0.643903	0.641673	0.0955868	0.0860854	0.0031983	0.00289131	
1.476e-08	490	0.0619327	-0.000591916	0.99808	0.626754	0.639825	0.0594938	0.124461	0.00388105	0.00319997	
1.482e-08	492	-0.00391541	-0.00513755	0.999979	0.628219	0.638133	0.102651	0.0545363	0.00310789	0.00255692	
1.488e-08	494	0.125339	0.0964419	0.987415	0.627146	0.630418	0.0876318	0.109277	0.0042025	0.00402499	
1.494e-08	496	-0.0183897	-0.137791	0.990291	0.642492	0.632179	0.075086	0.0623147	0.00531199	0.00552712	
1.5e-08	498	-0.0258018	-0.0630235	0.997678	0.633648	0.627702	0.0644464	0.070524	0.002909	0.0034176	
1.506e-08	500	0.0291084	0.0911225	0.995414	0.626912	0.625315	0.0370261	0.0983579	0.0051662	0.00447556	
1.512e-08	502	-0.0918073	0.0447547	0.994771	0.62497	0.623665	0.0814629	0.0773737	0.0026723	0.00333158	
1.518e-08	504	0.0258874	-0.0641343	0.997605	0.603114	0.622115	0.0582211	0.0439804	0.00543315	0.00453764	
1.524e-08	506	0.01715	0.0836018	0.996352	0.618399	0.617722	0.072143	0.101558	0.00285068	0.00261486	
1.53e-08	508	-0.0599074	0.0959319	0.993584	0.631213	0.617958	0.11439	0.122425	0.00598632	0.00291801	
1.536e-08	510	0.131001	-0.0160733	0.991252	0.611821	0.614732	0.0629233	0.0779697	0.00335225	0.00341995	
1.542e-08	512	-0.00341681	-0.0486724	0.998809	0.605208	0.61187	0.0889612	0.113602	0.00461495	0.00340799	
1.548e-08	514	0.0721959	-0.0839261	0.993853	0.602278	0.610533	0.0871909	0.0848693	0.00543457	0.00506342	
1.554e-08	516	-0.023942	-0.0520997	0.998355	0.588409	0.60745	0.0704389	0.0658787	0.0046225	0.00436222	
1.56e-08	518	-0.0324218	0.0119232	0.999403	0.607038	0.602634	0.13632	0.0851262	0.00697663	0.0048931	
1.566e-08	520	0.16615	0.0795146	0.982889	0.615512	0.59881	0.0808244	0.0698478	0.00280748	0.00274279	
1.572e-08	522	-0.058286	0.0301295	0.997845	0.595491	0.598307	0.0710062	0.0688861	0.00399891	0.00339441	
1.578e-08	524	0.052393	-0.0623425	0.996679	0.601732	0.594928	0.0851073	0.071923	0.00485997	0.00434595	
1.584e-08	526	-0.161786	-0.00804068	0.986793	0.60487	0.593629	0.0842637	0.112704	0.00347752	0.00267737	
1.59e-08	528	-0.0134117	-0.106776	0.994193	0.590057	0.589054	0.116684	0.0596398	0.00929724	0.00783471	
1.596e-08	530	-0.146005	-0.147165	0.978277	0.579969	0.586523	0.124701	0.0739512	0.00417647	0.00231682	
1.602e-08	532	0.0515733	-0.135764	0.989398	0.598015	0.584946	0.0962776	0.0984028	0.00689693	0.00446354	
1.608e-08	534	-0.127568	0.0942394	0.987343	0.592635	0.581742	0.102405	0.098991	0.00519971	0.00234076	
1.614e-08	536	-0.165787	0.0318379	0.985647	0.577297	0.58222	0.0817251	0.119132	0.00722301	0.00539897	
1.62e-08	538	-0.103753	-0.0822682	0.991195	0.589434	0.575767	0.101744	0.0441648	0.00528184	0.0041123	
1.626e-08	540	0.0243279	0.0622484	0.997764	0.581082	0.567537	0.0627929	0.0837883	0.00648167	0.0060582	
1.632e-08	542	0.035483	0.06484	0.997265	0.57333	0.568193	0.114378	0.0679497	0.00597645	0.00543215	
1.638e-08	544	-0.0365323	-0.0560778	0.997758	0.550454	0.569633	0.0888525	0.0969046	0.00397555	0.00381742	
1.644e-08	546	-0.108801	-0.105378	0.988462	0.538406	0.560889	0.0896174	0.0723562	0.00705182	0.00581543	
1.65e-08	548	0.164683	-0.040182	0.985528	0.582532	0.560224	0.0853534	0.0552803	0.00645214	0.00574303	
1.656e-08	550	-0.0543783	-0.0669789	0.996271	0.568866	0.556538	0.0694809	0.0497501	0.00283515	0.00218982	
1.662e-08	552	0.223194	0.0794042	0.971535	0.545726	0.553493	0.0471325	0.0941613	0.00585723	0.00477694	
1.668e-08	554	-0.0504269	0.116277	0.991936	0.540527	0.55127	0.0496799	0.0852655	0.00648441	0.00491312	
1.674e-08	556	-0.114458	0.00782501	0.993397	0.559263	0.551622	0.0866071	0.0724848	0.0071919	0.00655973	
1.68e-08	558	0.0321138	0.0287643	0.99907	0.543096	0.54394	0.0435465	0.0893835	0.00654828	0.00576518	
1.686e-08	560	-0.195288	0.0147639	0.980635	0.571587	0.539903	0.0802657	0.0619603	0.00545014	0.00645084	
1.692e-08	562	0.026615	0.0446347	0.998649	0.546823	0.536181	0.110492	0.114497	0.0062131	0.00667868	
1.698e-08	564	-0.097012	-0.127212	0.98712	0.539812	0.532397	0.0927926	0.0838004	0.00409247	0.00368906	
1.704e-08	566	-0.0245991	-0.0701769	0.997231	0.551406	0.532071	0.122599	0.060969	0.00831574	0.0035846	
1.71e-08	568	0.117549	0.0300124	0.992613	0.516357	0.522023	0.0644071	0.0863536	0.00630042	0.00449533	
1.716e-08	570	0.138114	0.0850285	0.98676	0.497539	0.519934	0.0955293	0.100201	0.00699627	0.00661318	
1.722e-08	572	-0.148299	0.0821164	0.985527	0.529123	0.520815	0.0772227	0.0541013	0.00800054	0.00728164	
1.728e-08	574	0.0101075	0.10844	0.994052	0.508883	0.516193	0.066471	0.169716	0.00676025	0.00616669	
1.734e-08	576	0.0103146	0.0298719	0.999501	0.509081	0.514466	0.090145	0.0924376	0.0109088	0.00942541	
1.74e-08	578	0.268057	0.185884	0.9453	0.521043	0.512425	0.102925	0.0834289	0.00615275	0.00520442	
1.746e-08	580	0.0848678	-0.142431	0.98616	0.505383	0.509747	0.128368	0.143338	0.00871932	0.00490173	
1.752e-08	582	0.298769	-0.108676	0.948117	0.506773	0.505602	0.107157	0.11848	0.00781613	0.00544508	
1.758e-08	584	-0.0746173	0.117337	0.990285	0.505341	0.500122	0.0903812	0.148766	0.00466217	0.0042524	
1.764e-08	586	-0.191278	0.182874	0.964349	0.478251	0.492459	0.0953855	0.0824984	0.00987277	0.00722796	
1.77e-08	588	-0.021175	-0.231911	0.972506	0.478249	0.493602	0.0780487	0.0858097	0.00862505	0.00662923	
1.776e-08	590	0.0839146	-0.0274468	0.996095	0.473918	0.489998	0.122771	0.0970421	0.00621411	0.00405136	
1.782e-08	592	-0.0217424	0.00979664	0.999716	0.496254	0.482051	0.0584405	0.0720543	0.0111317	0.00888248	
1.788e-08	594	0.00740908	-0.0699502	0.997523	0.502032	0.481233	0.176301	0.102353	0.00813779	0.00664598	
1.794e-08	596	-0.126555	0.149413	0.980642	0.484944	0.474668	0.126757	0.134849	0.00787737	0.00502985	
1.8e-08	598	-0.00454282	0.0367287	0.999315	0.46949	0.471795	0.0952662	0.0850596	0.00893115	0.00635298	
1.806e-08	600	0.0736514	0.0403606	0.996467	0.459505	0.46974	0.0722644	0.0774396	0.00877915	0.00808182	
1.812e-08	602	-0.15831	-0.00456495	0.987379	0.441076	0.46094	0.143789	0.105525	0.0109447	0.00950376	
1.818e-08	604	-0.094353	0.173736	0.980262	0.456022	0.464511	0.0761823	0.0779603	0.0148062	0.0135072	
1.824e-08	606	0.0719048	-0.102202	0.992162	0.472387	0.453945	0.121111	0.0849699	0.0120468	0.00940066	
1.83e-08	608	0.137153	-0.129331	0.982071	0.462346	0.452978	0.0539746	0.0849529	0.00695724	0.00628046	
1.836e-08	610	-0.0422673	0.220703	0.974425	0.431461	0.445796	0.0481917	0.0775678	0.00987723	0.00966262	
1.842e-08	612	0.277507	0.122919	0.952828	0.45802	0.43969	0.108179	0.062199	0.0102958	0.00930821	
1.848e-08	614	0.0282108	-0.239454	0.970498	0.412654	0.438264	0.0868425	0.0778819	0.0106048	0.00892328	
1.854e-08	616	0.102036	-0.185695	0.977295	0.432451	0.431039	0.0884523	0.108663	0.00662393	0.00704442	
1.86e-08	618	-0.238496	-0.112781	0.964572	0.397808	0.432509	0.101079	0.0801784	0.00859029	0.0076929	
1.866e-08	620	-0.0194815	0.032398	0.999285	0.426761	0.422761	0.0709744	0.0748627	0.00768087	0.00687364	
1.872e-08	622	-0.230675	-0.0714308	0.970406	0.421622	0.415882	0.0918988	0.0904462	0.0136915	0.0130903	
1.878e-08	624	0.011725	0.0752907	0.997093	0.461858	0.41428	0.0403833	0.122387	0.0101952	0.00808267	
1.884e-08	626	0.125131	0.0130059	0.992055	0.400877	0.406037	0.119781	0.0676097	0.0141165	0.0103983	
1.89e-08	628	0.0240704	0.136324	0.990372	0.409991	0.39438	0.0553345	0.0960389	0.0143624	0.010563	
1.896e-08	630	-0.194348	0.00150478	0.980932	0.38101	0.400089	0.157164	0.104927	0.0159606	0.0134408	
1.902e-08	632	0.0349564	0.222562	0.974292	0.362426	0.390207	0.127466	0.143082	0.0262048	0.0186247	
1.908e-08	634	0.0288391	0.0975255	0.994815	0.431706	0.389901	0.0822296	0.114829	0.0277182	0.0253255	
1.914e-08	636	0.232186	-0.108313	0.966622	0.404743	0.373595	0.114157	0.0791538	0.0182423	0.0142825	
1.92e-08	638	-0.0961419	0.195046	0.976071	0.360304	0.37523	0.0844023	0.105661	0.0263609	0.0169441	
1.926e-08	640	-0.0994849	0.00234233	0.995036	0.392032	0.366357	0.0561197	0.0948734	0.0231669	0.0201029	
1.932e-08	642	0.143778	0.195297	0.970148	0.348541	0.364855	0.0563324	0.075118	0.0245369	0.0205755	
1.938e-08	644	0.268725	-0.006555	0.963194	0.369784	0.359276	0.116001	0.107021	0.0219316	0.0143734	
1.944e-08	646	-0.106771	0.0406343	0.993453	0.402434	0.357121	0.0913205	0.135906	0.0242295	0.0171516	
1.95e-08	648	0.130255	0.0280697	0.991083	0.335264	0.340829	0.104081	0.0910637	0.0391138	0.0208958	
1.956e-08	650	-0.178321	-0.0438946	0.982993	0.362358	0.34151	0.12025	0.0875642	0.0396126	0.0253464	
1.962e-08	652	0.240239	-0.246095	0.939001	0.284178	0.31953	0.108932	0.153039	0.049772	0.0401148	
1.968e-08	654	-0.0176486	-0.606173	0.795137	0.348608	0.313707	0.0694157	0.142147	0.0345186	0.0241403	
1.974e-08	656	0.370914	0.263292	0.890562	0.3313	0.31671	0.147242	0.142105	0.0552888	0.0289417	
1.98e-08	658	0.100001	0.0479459	0.993831	0.326328	0.303793	0.185092	0.102105	0.0498104	0.0188471	
1.986e-08	660	0.0506677	-0.153035	0.986921	0.344044	0.310914	0.0928671	0.0716311	0.0387748	0.0248216	
1.992e-08	662	-0.00223173	0.00318977	0.999992	0.319339	0.290625	0.0604772	0.0815495	0.0349876	0.0318485	
1.998e-08	664	-0.233498	0.0809613	0.968981	0.282637	0.287848	0.0860539	0.10016	0.0399745	0.0287821	
2.004e-08	666	0.0285223	0.328767	0.94398	0.307194	0.259852	0.0900862	0.123619	0.271687	0.12823	
2.01e-08	668	-0.245893	-0.0236702	0.969008	0.239588	0.281491	0.070374	0.125125	0.0460284	0.0295115	
2.016e-08	670	-0.169029	0.0931564	0.981199	0.296212	0.250259	0.147591	0.168924	0.0825819	0.0556724	
2.022e-08	672	-0.337085	0.135339	0.931696	0.30165	0.251129	0.0994478	0.157746	0.185036	0.0718537	
2.028e-08	674	0.0626289	0.439289	0.89616	0.232533	0.243965	0.0914701	0.141587	0.0584935	0.0371628	
2.034e-08	676	-0.0959363	0.0414581	0.994524	0.250301	0.214501	0.117357	0.100541	0.441048	0.103633	
2.04e-08	678	-0.164065	0.0468019	0.985339	0.187586	0.192819	0.128301	0.0887258	0.414161	0.0881441	
2.046e-08	680	0.630624	-0.491656	0.60049	0.140128	0.206813	0.146596	0.123331	0.103166	0.0344727	
2.052e-08	682	-0.352977	0.338008	-0.872443	0.148781	0.17283	0.172954	0.11475	0.446754	0.0945391	
2.058e-08	684	-0.54945	-0.606174	0.575028	0.171727	0.201246	0.1004	0.0858093	0.118281	0.0479562	
2.064e-08	686	-0.269423	0.309355	0.911982	0.155988	0.144666	0.102279	0.109008	0.399173	0.0496696	
2.07e-08	688	0.118384	-0.373472	0.920057	0.20184	0.162028	0.0975851	0.0868615	0.512584	0.0644287	
2.076e-08	690	0.0633251	0.795653	0.602434	0.0553709	0.137413	0.0653983	0.105129	0.140677	0.0909899	
2.082e-08	692	-0.303287	0.452931	0.838374	0.182941	0.154411	0.118515	0.0874315	0.341217	0.069043	
2.088e-08	694	-0.153959	0.147373	-0.977025	0.0830443	0.124285	0.0868793	0.106343	0.243494	0.0497	
2.094e-08	696	0.426663	0.0896935	0.899952	0.173805	0.121517	0.102151	0.0875373	0.083257	0.0337705	
2.1e-08	698	-0.669365	-0.734379	0.112417	0.0999986	0.111603	0.0897054	0.0760498	0.202914	0.0514573	
2.106e-08	700	0.125011	-0.0464598	-0.991067	0.0684368	0.108933	0.0644741	0.0750416	0.174989	0.0244784	
2.112e-08	702	-0.947959	-0.152393	-0.279554	0.0564468	0.10761	0.076381	0.0512111	0.196842	0.0265388	
2.118e-08	704	-0.851567	0.0149035	0.524034	0.0624844	0.0898604	0.0659735	0.0446505	0.129079	0.0322344	
2.124e-08	706	-0.997388	-0.0447817	0.0566682	0.0908939	0.0910231	0.050652	0.0762085	0.116746	0.0238276	
2.13e-08	708	0.0835689	-0.24302	-0.966415	0.0649387	0.100023	0.0853043	0.0707704	0.140631	0.0315594	
2.136e-08	710	-0.585203	0.425541	0.690255	0.167886	0.0866046	0.0499892	0.035432	0.129257	0.0491939	
2.142e-08	712	-0.708869	-0.0151981	-0.705176	0.079382	0.0818324	0.0505997	0.0401518	0.10283	0.0228148	
2.148e-08	714	0.344237	0.498146	-0.795834	0.0620215	0.0832846	0.0384298	0.0447343	0.126567	0.0318897	
2.154e-08	716	0.283798	0.823461	0.491296	0.105276	0.0721744	0.0538412	0.0419347	0.048996	0.0291882	
2.16e-08	718	-0.604615	0.770121	0.203359	0.118237	0.0788492	0.0587872	0.0440649	0.0719551	0.0174646	
2.166e-08	720	0.892234	0.329566	0.308716	0.0294428	0.0706552	0.0389931	0.041567	0.0696599	0.0233247	
2.172e-08	722	-0.509563	0.794001	-0.331524	0.0454697	0.0666943	0.031415	0.0305282	0.0701247	0.0172552	
2.178e-08	724	-0.529196	-0.412812	0.741308	0.0708154	0.0690894	0.0454067	0.0377467	0.0560312	0.023417	
2.184e-08	726	0.413581	0.265621	0.870859	0.0862205	0.0646101	0.0497883	0.0232795	0.0433321	0.015577	
2.19e-08	728	-0.151071	0.0768553	-0.985531	0.0742614	0.0705037	0.0491268	0.0311307	0.0671562	0.020781	
2.196e-08	730	-0.361416	-0.899147	0.246805	0.0316066	0.0547673	0.0210755	0.0311521	0.0399636	0.0151524	
2.202e-08	732	-0.73763	-0.618374	-0.271138	0.0175706	0.0533945	0.0258104	0.0286642	0.0262696	0.0081201	
2.208e-08	734	-0.768495	0.625332	-0.135554	0.0480819	0.0596083	0.0327502	0.0308954	0.0436607	0.0210756	
2.214e-08	736	-0.821103	-0.547024	-0.162953	0.0573762	0.0553815	0.0261281	0.0293716	0.0337367	0.0141213	
2.22e-08	738	-0.486481	0.840447	0.238717	0.108841	0.0562432	0.0194815	0.0372869	0.0358243	0.0127759	
2.226e-08	740	-0.375043	0.886217	0.27196	0.0408068	0.0566853	0.0259199	0.0215625	0.0411574	0.00798427	
2.232e-08	742	-0.680387	0.560033	0.472691	0.0589616	0.0521707	0.0204029	0.0202744	0.0319855	0.00779023	
2.238e-08	744	-0.436253	0.10911	0.893184	0.0307975	0.0553954	0.0217583	0.0372379	0.0300489	0.0111233	
2.244e-08	746	0.956559	-0.0591236	-0.285479	0.0452031	0.0495527	0.0199916	0.0270086	0.0261005	0.0112718	
2.25e-08	748	-0.59454	0.339885	0.728698	0.0831366	0.0496553	0.0159816	0.0198552	0.0438797	0.0197548	
2.256e-08	750	0.912441	-0.405111	-0.0577724	0.0329471	0.0500706	0.0170708	0.0249392	0.0338763	0.0129142	
2.262e-08	752	0.784104	0.509282	-0.354699	0.0312312	0.0534595	0.024886	0.028332	0.0231944	0.00729678	
2.268e-08	754	0.202639	0.811973	-0.547391	0.0310993	0.0506893	0.0239315	0.0246463	0.0223593	0.00920408	
2.274e-08	756	0.0351339	0.462782	-0.885775	0.0468017	0.0515797	0.0244272	0.0203288	0.0309763	0.0120226	
2.28e-08	758	-0.357809	-0.743141	-0.565433	0.0237484	0.0476469	0.0299475	0.0128153	0.0221267	0.00907204	
2.286e-08	760	0.735133	-0.111637	0.668667	0.0203349	0.0468444	0.0209718	0.0183006	0.0235448	0.00891877	
2.292e-08	762	-0.151313	0.890165	0.42978	0.0241807	0.0462981	0.0154428	0.022829	0.0234684	0.00892398	
2.298e-08	764	-0.281063	0.811889	-0.511702	0.0549043	0.0463194	0.0149041	0.0205726	0.0198217	0.00482516	
2.304e-08	766	0.101212	0.627427	-0.77207	0.0623096	0.0446544	0.0188242	0.0137948	0.0252239	0.00971974	
2.31e-08	768	-0.504652	0.389512	-0.770459	0.0526469	0.0429049	0.0127914	0.00944548	0.027835	0.00681298	
2.316e-08	770	-0.05401	0.914901	-0.400048	0.0824586	0.0483594	0.0188841	0.0298501	0.018266	0.0116034	
2.322e-08	772	0.579286	-0.785459	0.217901	0.0442458	0.036031	0.0113648	0.00969929	0.0150987	0.00473521	
2.328e-08	774	0.729931	0.511697	-0.453173	0.0422442	0.0340721	0.00883351	0.00718781	0.0186043	0.00659597	
2.334e-08	776	-0.267458	-0.424421	-0.865063	0.046001	0.036636	0.0110257	0.0132349	0.0162144	0.00781552	
2.34e-08	778	-0.133854	0.213206	-0.967795	0.0708727	0.042355	0.0145154	0.0146707	0.02241	0.00845396	
2.346e-08	780	-0.556499	0.75214	0.35298	0.0218061	0.0379262	0.0165721	0.00705922	0.0175416	0.00779867	
2.352e-08	782	-0.0458494	0.996978	0.0627127	0.0495139	0.0415555	0.0143315	0.0200646	0.0158689	0.0100259	
2.358e-08	784	0.711763	-0.687953	0.141824	0.052679	0.0381381	0.0148139	0.00940819	0.0179672	0.00821139	
2.364e-08	786	-0.310237	-0.950513	0.0166507	0.023179	0.0363931	0.0114058	0.0120152	0.0111889	0.0036242	
2.37e-08	788	-0.683423	-0.100191	0.723115	0.0552251	0.0406221	0.0125193	0.0143016	0.017932	0.00705585	
2.376e-08	790	-0.451687	-0.590353	0.668926	0.0293563	0.0398467	0.0138216	0.0183664	0.0111685	0.00597485	
2.382e-08	792	0.335967	-0.895616	-0.291543	0.0682794	0.0364134	0.0135761	0.0165237	0.00858307	0.00752676	
2.388e-08	794	0.00550095	-0.362022	-0.932153	0.0418161	0.0376098	0.010895	0.0118591	0.0143194	0.00387456	
2.394e-08	796	0.39435	0.917446	-0.0527358	0.0287611	0.0380533	0.0102292	0.0131498	0.0126926	0.0061356	
2.4e-08	798	-0.774493	0.372254	0.511457	0.0486065	0.0327958	0.00775443	0.00843909	0.013205	0.00489913	
2.406e-08	800	-0.133419	-0.790165	0.598196	0.0346501	0.0355764	0.0129907	0.00983927	0.0103683	0.00412989	
2.412e-08	802	-0.583146	0.176356	-0.792993	0.0285839	0.0329891	0.00581704	0.0103543	0.0141037	0.00458988	
2.418e-08	804	0.212387	-0.83528	-0.507149	0.0278044	0.0329407	0.00999172	0.00877216	0.0106616	0.00421213	
2.424e-08	806	0.996009	0.0892191	0.00264027	0.0147962	0.0369293	0.0094907	0.0119004	0.0140707	0.00440337	
2.43e-08	808	-0.260582	-0.962763	-0.0720023	0.0394203	0.0365443	0.0139284	0.0102988	0.0106381	0.00480694	
2.436e-08	810	0.173074	-0.922419	-0.345237	0.0344875	0.0380015	0.00797975	0.0129146	0.0143136	0.00351322	
2.442e-08	812	0.446753	-0.318607	-0.836003	0.0364087	0.0318221	0.00489969	0.0104246	0.0105894	0.00331384	
2.448e-08	814	0.0121341	0.975772	-0.218452	0.0311236	0.0303142	0.00841452	0.00792268	0.00900398	0.0044628	
2.454e-08	816	-0.884165	-0.456334	-0.100054	0.0140138	0.0333774	0.00755461	0.0125628	0.00801633	0.00371054	
2.46e-08	818	-0.762537	0.0916226	0.640423	0.0158162	0.0332997	0.0103691	0.00730519	0.0119768	0.00490447	
2.466e-08	820	0.298562	-0.675315	0.674396	0.0859498	0.0332954	0.00815697	0.0104069	0.0116551	0.00537846	
2.472e-08	822	-0.160764	-0.66002	-0.733845	0.0246007	0.0297271	0.00745151	0.00836569	0.00800349	0.00376634	
2.478e-08	824	0.6948	-0.703821	0.147948	0.0259268	0.0335111	0.0103773	0.0125443	0.0068706	0.0041419	
2.484e-08	826	-0.548832	-0.0885317	0.831231	0.020384	0.0284441	0.00766133	0.0049843	0.00794556	0.00264953	
2.49e-08	828	-0.663344	-0.442486	-0.603474	0.0506979	0.0321201	0.0107141	0.00654068	0.0115696	0.00598711	
2.496e-08	830	0.911474	-0.369207	-0.181387	0.0292712	0.0316465	0.00636507	0.0119043	0.00703222	0.00260506	
2.502e-08	832	-0.812798	-0.511898	0.278064	0.0222787	0.0352222	0.0129852	0.00755053	0.0149231	0.00743411	
2.508e-08	834	0.0619921	-0.562254	-0.824638	0.0691881	0.032497	0.00952808	0.00677136	0.0124146	0.00523093	
2.514e-08	836	-0.920612	0.3327	0.204412	0.0265493	0.0307529	0.00867466	0.00864423	0.00651442	0.00244312	
2.52e-08	838	0.645794	0.556966	-0.522244	0.0443151	0.0284216	0.0103145	0.00464378	0.00594946	0.00310527	
2.526e-08	840	0.0835237	0.90426	-0.418733	0.0200076	0.0302418	0.0106328	0.00696433	0.00634708	0.00390512	
2.532e-08	842	-0.450921	0.521605	0.724292	0.047706	0.0302496	0.00856533	0.00784875	0.00661205	0.00284561	
2.538e-08	844	-0.0423593	0.278459	-0.959514	0.0104645	0.0324568	0.0102515	0.0113712	0.00647331	0.00459038	
2.544e-08	846	-0.40041	0.415721	0.816608	0.0247401	0.0289605	0.00641036	0.00705036	0.00750476	0.00281352	
2.55e-08	848	0.493951	0.802324	-0.335096	0.0160426	0.0319451	0.00791212	0.00928797	0.00883436	0.00384383	
2.556e-08	850	-0.883997	-0.163456	-0.437986	0.0284194	0.0300874	0.00653079	0.00674612	0.00978182	0.00339063	
2.562e-08	852	0.898278	-0.400334	0.181189	0.0286498	0.031282	0.00901126	0.00858302	0.00683453	0.0033327	
2.568e-08	854	0.205696	0.962575	0.176464	0.0203576	0.029353	0.00695357	0.00745396	0.00630553	0.00265764	
2.574e-08	856	-0.249329	0.965793	0.071269	0.0308601	0.0284092	0.00514795	0.00705413	0.00872498	0.00327527	
2.58e-08	858	-0.672818	-0.697874	-0.245537	0.0348297	0.0269633	0.00663589	0.0080957	0.00391058	0.00294327	
2.586e-08	860	0.579031	0.719865	0.382776	0.0166168	0.0267138	0.00502614	0.00298875	0.00899654	0.00176253	
2.592e-08	862	-0.646833	0.457078	0.610481	0.0105996	0.0254354	0.00372247	0.00491029	0.00855869	0.00353453	
2.598e-08	864	-0.762277	-0.63873	-0.10468	0.0368811	0.0263786	0.00539266	0.00617846	0.00483878	0.0020858	
2.604e-08	866	0.730464	0.544198	-0.41264	0.0286176	0.0283607	0.0103698	0.00506107	0.00472734	0.00301817	
2.61e-08	868	-0.75699	-0.633401	-0.160526	0.0342667	0.0261134	0.00571468	0.00778214	0.00407567	0.00318522	
2.616e-08	870	0.0715313	0.93172	0.356063	0.0163498	0.0241143	0.00441364	0.00361519	0.00593841	0.00208633	
2.622e-08	872	0.146849	0.817603	0.556742	0.0203282	0.0267995	0.00624134	0.00594684	0.00645647	0.00466168	
2.628e-08	874	-0.229855	-0.592959	0.771729	0.0191052	0.0256057	0.00341994	0.00574094	0.00594043	0.00193625	
2.634e-08	876	-0.0453345	-0.889072	0.455517	0.0178099	0.0255787	0.00489091	0.00554613	0.00561963	0.00310667	
2.64e-08	878	0.94219	0.245076	-0.228509	0.0132767	0.02621	0.00578688	0.0036625	0.00732923	0.002408	
2.646e-08	880	-0.951594	0.283252	0.119319	0.0130963	0.0229026	0.0044173	0.00580848	0.00308133	0.00227225	
2.652e-08	882	0.0794873	0.37412	0.923968	0.0204814	0.0269786	0.00449345	0.00697658	0.00553665	0.00162514	
2.658e-08	884	-0.562986	-0.0902761	0.821521	0.0277506	0.0256454	0.00665355	0.00540924	0.00484447	0.00318833	
2.664e-08	886	-0.196271	0.635676	0.746588	0.03039	0.0229727	0.00387501	0.00552813	0.00349771	0.00199826	
2.67e-08	888	0.753919	-0.417678	0.5071	0.0165505	0.0243023	0.00435688	0.00527767	0.00473044	0.00204003	
2.676e-08	890	-0.40393	-0.903878	-0.140872	0.0167963	0.0248121	0.00416399	0.00602908	0.00454101	0.00181466	
2.682e-08	892	-0.831941	0.538322	0.134471	0.0224349	0.0249606	0.00478959	0.00347871	0.00666608	0.00225971	
2.688e-08	894	-0.0178231	0.755568	0.654827	0.014164	0.0278984	0.00536438	0.00730479	0.00556726	0.00203587	
2.694e-08	896	0.124211	0.921865	0.367064	0.0216901	0.0268914	0.00467096	0.00571572	0.00654033	0.0020036	
2.7e-08	898	0.473783	0.353624	-0.806523	0.0316948	0.0239576	0.00448392	0.00393305	0.00506244	0.00206084	
2.706e-08	900	0.965392	0.257656	-0.0403905	0.0117799	0.0254808	0.00609419	0.0047535	0.00479753	0.0025255	
