#----------------------------------------------------------------------------------------------------------------------------------------------------------
# Output file for vampire simulation
#   time       : 2024-08-29 04:53:06     process id : 388586
#   hostname   : node115.viking2.yor.alces.network
#   path       : /users/ky883/parameter/WS_dia5/AI_Dataset/size_2.0_2.0_10.0/Temp_900/random_1
#----------------------------------------------------------------------------------------------------------------------------------------------------------
6e-11	0	0.01914	-0.0139499	0.999719	0.999945	0.999925	0	0	0	0	
1.2e-10	2	0.00758664	-0.00339147	0.999965	0.998773	0.998828	0.13844	0.0505095	1.04574e-05	8.11412e-06	
1.8e-10	4	0.010103	-0.00361384	0.999942	0.997777	0.997645	0.063351	0.0971266	1.514e-05	8.37794e-06	
2.4e-10	6	-0.015699	-0.00845145	0.999841	0.996349	0.996394	0.0586022	0.071541	3.27237e-05	1.59521e-05	
3e-10	8	0.00166409	0.00291627	0.999994	0.995477	0.995174	0.0616805	0.0548272	2.92845e-05	2.10925e-05	
3.6e-10	10	0.0194853	0.00147028	0.999809	0.994064	0.994025	0.0366235	0.0324297	1.84583e-05	1.58972e-05	
4.2e-10	12	-0.0362518	-0.00297699	0.999338	0.993433	0.992795	0.0453566	0.0290762	3.73573e-05	3.47824e-05	
4.8e-10	14	0.0128221	0.000137281	0.999918	0.992002	0.991616	0.0382993	0.0703978	0.000114236	4.40809e-05	
5.4e-10	16	0.0127506	0.0200077	0.999719	0.990602	0.9903	0.0684881	0.0590239	9.35389e-05	4.26475e-05	
6e-10	18	-0.00491645	-0.0543864	0.998508	0.989418	0.989045	0.0389063	0.0672192	9.53529e-05	5.8534e-05	
6.6e-10	20	-0.012419	0.024568	0.999621	0.98753	0.987999	0.0723615	0.0814234	0.000107217	5.62242e-05	
7.2e-10	22	0.0116526	-0.0103368	0.999879	0.98673	0.986806	0.030828	0.034511	7.08985e-05	5.54521e-05	
7.8e-10	24	0.00509506	0.00964749	0.99994	0.985696	0.985326	0.0827449	0.0505842	0.000170234	0.000152765	
8.4e-10	26	0.0149398	0.0221807	0.999642	0.983363	0.983779	0.127436	0.0629575	0.000142694	8.89969e-05	
9e-10	28	0.0180488	-0.010819	0.999779	0.983975	0.983006	0.0414871	0.0386603	9.48361e-05	5.49597e-05	
9.6e-10	30	0.0132813	-0.014309	0.999809	0.98257	0.98135	0.038163	0.0442463	0.000201715	0.000172048	
1.02e-09	32	0.000898314	-0.0252329	0.999681	0.979117	0.980261	0.0526099	0.0732691	0.000128872	8.88164e-05	
1.08e-09	34	-0.0526553	0.0314233	0.998118	0.978062	0.979235	0.0716387	0.0559752	0.000158722	8.44239e-05	
1.14e-09	36	-0.0337668	-0.0490013	0.998228	0.978401	0.977903	0.054734	0.0369554	0.00011898	7.71686e-05	
1.2e-09	38	-0.0390836	-0.00868874	0.999198	0.975969	0.977097	0.0341697	0.0368929	0.000106987	9.82349e-05	
1.26e-09	40	0.0292642	-0.0316864	0.999069	0.976668	0.975702	0.116107	0.0614173	0.000178743	9.91966e-05	
1.32e-09	42	-0.0130588	0.00346466	0.999909	0.971113	0.974677	0.0433567	0.0570804	0.000126294	9.00368e-05	
1.38e-09	44	0.00992865	0.00799982	0.999919	0.972563	0.973324	0.0656169	0.039767	0.000189537	0.00013573	
1.44e-09	46	0.0282537	0.037079	0.998913	0.971635	0.971989	0.0473565	0.0428653	0.000119051	9.57266e-05	
1.5e-09	48	0.00856541	0.0349382	0.999353	0.969974	0.971097	0.0588667	0.0404952	0.000118688	8.00092e-05	
1.56e-09	50	0.0348598	-0.0945296	0.994912	0.970728	0.969454	0.0308031	0.0952158	0.000312441	0.000283407	
1.62e-09	52	0.0346596	0.00480093	0.999388	0.968819	0.967972	0.0651315	0.0664864	0.000214514	0.000153629	
1.68e-09	54	0.0643046	-0.00259565	0.997927	0.969111	0.966949	0.0654286	0.0384517	0.000165373	0.000155519	
1.74e-09	56	0.0168146	-0.028	0.999466	0.964328	0.965556	0.06561	0.0490177	0.000343928	0.000197708	
1.8e-09	58	-0.028854	0.0164196	0.999449	0.963616	0.963797	0.081542	0.0531178	0.000286193	0.000170061	
1.86e-09	60	0.0247244	0.010467	0.99964	0.964838	0.962801	0.0677052	0.049602	0.000446677	0.000296668	
1.92e-09	62	0.00333579	0.0560388	0.998423	0.961325	0.961633	0.0436287	0.0473755	0.000199909	0.000120242	
1.98e-09	64	-0.0621656	-0.0036825	0.998059	0.96006	0.960594	0.0679176	0.0410227	0.000135526	0.000156416	
2.04e-09	66	-0.00234632	-0.0187886	0.999821	0.962162	0.958942	0.0379116	0.0690891	0.000213734	0.000164292	
2.1e-09	68	-0.0029232	0.00238796	0.999993	0.957824	0.957849	0.0481735	0.0612453	0.000411213	0.000271144	
2.16e-09	70	-0.0796293	-0.0528266	0.995424	0.955331	0.956594	0.0663626	0.0605549	0.000279131	0.000128952	
2.22e-09	72	-0.0434675	-0.0342034	0.998469	0.956905	0.955374	0.0457237	0.0931493	0.00052708	0.000217677	
2.28e-09	74	0.00334266	0.101769	0.994802	0.958185	0.954644	0.0405161	0.0728297	0.000169603	0.00013511	
2.34e-09	76	-0.0314663	0.00840525	0.999469	0.954108	0.953109	0.052125	0.0222489	0.000323565	0.000255553	
2.4e-09	78	-0.0584937	-0.0516031	0.996953	0.950433	0.950945	0.064197	0.0377758	0.00022679	0.000225171	
2.46e-09	80	-0.0176011	0.106954	0.994108	0.954854	0.949907	0.0494919	0.0508199	0.000176954	0.000212992	
2.52e-09	82	0.0301489	-0.0100172	0.999495	0.949636	0.948927	0.059376	0.0842494	0.000287593	0.000178875	
2.58e-09	84	-0.0334371	-0.00243604	0.999438	0.943772	0.947023	0.0506791	0.0435556	0.000591814	0.000526579	
2.64e-09	86	0.0732299	0.0464991	0.996231	0.949724	0.945982	0.0339219	0.0462075	0.000187529	0.000156135	
2.7e-09	88	0.067092	0.0254327	0.997423	0.947601	0.94496	0.0512959	0.0700443	0.000299946	0.00031282	
2.76e-09	90	0.0552184	0.00418855	0.998466	0.950936	0.94361	0.0536093	0.0504951	0.000556431	0.00040503	
2.82e-09	92	-0.0051423	-0.0851588	0.996354	0.933581	0.943205	0.0461721	0.0512645	0.000592478	0.00041804	
2.88e-09	94	0.0438411	-0.000295347	0.999038	0.944228	0.941651	0.0702462	0.0438774	0.000577393	0.000358865	
2.94e-09	96	-0.0972015	0.00185022	0.995263	0.934106	0.93931	0.060094	0.0966373	0.00060495	0.000297565	
3e-09	98	0.0436763	0.0612705	0.997165	0.93263	0.937412	0.0588396	0.0621045	0.000453444	0.000333045	
3.06e-09	100	-0.0398892	-0.0259718	0.998867	0.937984	0.937377	0.0605597	0.0352532	0.000287138	0.000215873	
3.12e-09	102	0.101216	0.0784678	0.991765	0.940285	0.936904	0.0378421	0.0658595	0.000472988	0.000278495	
3.18e-09	104	0.0304584	-0.087422	0.995706	0.936391	0.932188	0.0386773	0.0410843	0.00081261	0.000718415	
3.24e-09	106	0.0231015	-0.0245167	0.999432	0.931766	0.93249	0.0507065	0.0384507	0.000712297	0.000558751	
3.3e-09	108	0.0814484	0.0196742	0.996483	0.924773	0.931436	0.0772998	0.0805206	0.000509627	0.000360528	
3.36e-09	110	-0.072731	0.0339706	0.996773	0.925461	0.932011	0.0578436	0.0285558	0.000496216	0.000422965	
3.42e-09	112	0.0140147	0.0546126	0.998409	0.926681	0.929028	0.0899585	0.0735836	0.000567379	0.000306196	
3.48e-09	114	-0.0857297	-0.0206284	0.996105	0.930214	0.926297	0.0635958	0.0593241	0.00104967	0.000671435	
3.54e-09	116	-0.0184457	-0.0267964	0.999471	0.926385	0.926771	0.0587602	0.0471164	0.000632873	0.000385818	
3.6e-09	118	-0.0161747	-0.0806547	0.996611	0.920614	0.925581	0.0411073	0.0359061	0.000542121	0.000511631	
3.66e-09	120	-0.0098604	-0.0521319	0.998592	0.924738	0.924422	0.0411118	0.0647069	0.000404135	0.000389177	
3.72e-09	122	-0.0463215	-0.0295113	0.998491	0.922622	0.92316	0.0420484	0.0422245	0.000428857	0.000289874	
3.78e-09	124	0.00412106	0.00105443	0.999991	0.921143	0.920772	0.0564717	0.0487917	0.00059115	0.00044749	
3.84e-09	126	-0.0313424	0.0510275	0.998205	0.924394	0.920376	0.0351951	0.0828576	0.000464267	0.000403922	
3.9e-09	128	0.0214451	-0.0336476	0.999204	0.920663	0.918361	0.0759571	0.0705833	0.000811454	0.00042908	
3.96e-09	130	-0.148859	-0.0635378	0.986815	0.915546	0.916217	0.0901574	0.0529088	0.000590497	0.000436381	
4.02e-09	132	0.0742588	0.00677084	0.997216	0.914678	0.914346	0.0974571	0.0756911	0.000979859	0.000506914	
4.08e-09	134	-0.0195996	0.030347	0.999347	0.912308	0.914219	0.0747311	0.0462266	0.000636393	0.000464796	
4.14e-09	136	-0.0723217	0.0730371	0.994704	0.916383	0.913149	0.106504	0.0594993	0.000951971	0.000509631	
4.2e-09	138	0.0230535	-0.0498409	0.998491	0.911674	0.910577	0.065964	0.0543845	0.00106471	0.000653371	
4.26e-09	140	-0.0596229	0.136943	0.988783	0.916187	0.91075	0.0368854	0.0580591	0.000656869	0.000604807	
4.32e-09	142	-0.0626671	0.0428949	0.997112	0.902919	0.907111	0.0941904	0.0679589	0.000949501	0.00035794	
4.38e-09	144	0.0878607	-0.0709262	0.993605	0.907937	0.907498	0.0762472	0.0657762	0.00121982	0.00054975	
4.44e-09	146	0.0537502	0.0439697	0.997586	0.91384	0.907697	0.0539964	0.0648601	0.000638345	0.000378539	
4.5e-09	148	0.0184927	-0.101534	0.99466	0.90784	0.906334	0.0437661	0.0523441	0.000715194	0.000343508	
4.56e-09	150	-0.0887348	0.0734809	0.993341	0.908268	0.904498	0.0644917	0.0608078	0.000804738	0.000450913	
4.62e-09	152	-0.0330027	0.0881764	0.995558	0.901184	0.901936	0.0591645	0.0351047	0.000880282	0.000331849	
4.68e-09	154	0.0993039	-0.020501	0.994846	0.897716	0.899132	0.0510797	0.0338096	0.000704021	0.000572786	
4.74e-09	156	-0.0297753	0.0404645	0.998737	0.903311	0.898128	0.0731289	0.0345644	0.00115469	0.000789085	
4.8e-09	158	-0.0371331	-0.0675274	0.997026	0.896083	0.896034	0.0544152	0.0428712	0.00109672	0.000800584	
4.86e-09	160	0.0119823	0.0084729	0.999892	0.90591	0.89876	0.0455244	0.072443	0.000656188	0.000503784	
4.92e-09	162	-0.00414739	0.0480805	0.998835	0.894116	0.894474	0.063324	0.0565315	0.000991698	0.000488559	
4.98e-09	164	-0.112382	-0.0542269	0.992184	0.900758	0.893316	0.0777371	0.0354022	0.00103308	0.000667488	
5.04e-09	166	-0.0300135	-0.0203307	0.999343	0.898861	0.892194	0.0431396	0.0519701	0.000724752	0.000490667	
5.1e-09	168	0.0935561	-0.0273833	0.995237	0.889929	0.89085	0.066527	0.0551992	0.000648729	0.000341488	
5.16e-09	170	-0.00591024	-0.0957763	0.995385	0.895378	0.88762	0.0408634	0.0664273	0.00115059	0.000821108	
5.22e-09	172	-0.0673126	0.0455238	0.996693	0.885024	0.887052	0.0588085	0.077251	0.000817801	0.0004957	
5.28e-09	174	-0.0611739	-0.0446446	0.997128	0.885424	0.886675	0.0609715	0.0779096	0.000467603	0.000384784	
5.34e-09	176	-0.0200388	-0.107983	0.993951	0.89065	0.884201	0.0605924	0.0688722	0.00102922	0.000853033	
5.4e-09	178	0.0143059	-0.0392954	0.999125	0.880661	0.882331	0.0380728	0.058659	0.00120585	0.000658291	
5.46e-09	180	-0.0176136	-0.091891	0.995613	0.870099	0.883736	0.0489299	0.0371127	0.000960504	0.000711275	
5.52e-09	182	-0.134668	0.0735746	0.988155	0.883457	0.880227	0.052259	0.0549349	0.00100218	0.000842575	
5.58e-09	184	0.0213177	-0.0952602	0.995224	0.893867	0.879914	0.0443997	0.0602945	0.000846442	0.000616576	
5.64e-09	186	0.126247	0.0116158	0.991931	0.875677	0.875861	0.0876668	0.0440856	0.0010706	0.000433397	
5.7e-09	188	0.0302161	-0.081894	0.996183	0.883275	0.877017	0.0548337	0.0511369	0.00110143	0.000723903	
5.76e-09	190	-0.00539605	0.0124139	0.999908	0.884764	0.875262	0.0679413	0.0865823	0.00101089	0.000727575	
5.82e-09	192	-0.0328004	0.000720832	0.999462	0.871194	0.872222	0.0519367	0.063719	0.00139779	0.0010483	
5.88e-09	194	0.0270849	-0.220186	0.975082	0.875761	0.868746	0.0705281	0.11933	0.00173864	0.00104698	
5.94e-09	196	0.0356522	-0.0651043	0.997241	0.862178	0.869099	0.04452	0.0976875	0.00195092	0.00133849	
6e-09	198	0.12649	-0.048557	0.990779	0.883203	0.870026	0.0685629	0.0886898	0.00195329	0.000690379	
6.06e-09	200	-0.0562082	0.0369079	0.997737	0.870236	0.865715	0.0596202	0.0425261	0.00140003	0.00118485	
6.12e-09	202	0.0295533	0.0162353	0.999431	0.869764	0.864907	0.0492345	0.0608555	0.00108083	0.000794791	
6.18e-09	204	0.115569	-0.0200153	0.993098	0.86035	0.864631	0.0648997	0.0543533	0.00125214	0.000795569	
6.24e-09	206	0.0420806	0.0794491	0.99595	0.862361	0.861911	0.0402233	0.0759355	0.00113852	0.00076919	
6.3e-09	208	0.0323043	0.0717811	0.996897	0.851465	0.861766	0.0748759	0.0574569	0.00162444	0.00125522	
6.36e-09	210	0.0788046	-0.00672037	0.996867	0.864308	0.856904	0.0505287	0.0366375	0.00100446	0.000940075	
6.42e-09	212	0.142604	0.117473	0.982784	0.840629	0.85586	0.0704127	0.0467493	0.001646	0.00114588	
6.48e-09	214	-0.128464	0.0268914	0.99135	0.851462	0.856052	0.0338432	0.0651662	0.00148579	0.000964256	
6.54e-09	216	-0.241231	-0.00581795	0.97045	0.841074	0.853622	0.104752	0.0567363	0.00247873	0.000993543	
6.6e-09	218	0.082438	-0.147496	0.985621	0.844363	0.851326	0.0620592	0.0757398	0.00180088	0.00136504	
6.66e-09	220	-0.0860009	0.0406244	0.995466	0.851523	0.852686	0.0694505	0.0655197	0.00105589	0.000604436	
6.72e-09	222	0.0732189	0.0743312	0.994542	0.856274	0.850948	0.0639254	0.0447564	0.00162039	0.00109633	
6.78e-09	224	0.152175	-0.0655663	0.986176	0.843136	0.848209	0.0788594	0.045153	0.00165514	0.00100485	
6.84e-09	226	0.0532607	0.174872	0.98315	0.849752	0.848111	0.0765543	0.0607236	0.00207053	0.0011957	
6.9e-09	228	-0.0790611	0.0451306	0.995848	0.842233	0.844645	0.0760497	0.0874933	0.0024078	0.000947747	
6.96e-09	230	0.134771	-0.194805	0.971539	0.846673	0.841394	0.0525662	0.073072	0.00170164	0.00145156	
7.02e-09	232	-0.186887	0.0219174	0.982137	0.84958	0.84244	0.0938378	0.0517337	0.00256934	0.00140202	
7.08e-09	234	-0.0270844	0.0618129	0.99772	0.833057	0.837208	0.0534527	0.0739861	0.00142554	0.0012134	
7.14e-09	236	0.279508	-0.00166639	0.960142	0.848507	0.838602	0.103524	0.067756	0.00160626	0.00103124	
7.2e-09	238	-0.0175312	0.0643212	0.997775	0.835606	0.837427	0.0459521	0.045518	0.00116077	0.000906313	
7.26e-09	240	0.0385734	-0.000884194	0.999255	0.852714	0.836515	0.0754946	0.0370526	0.00188825	0.000942458	
7.32e-09	242	-0.119144	0.0528874	0.991467	0.832934	0.833256	0.0834734	0.0865799	0.00181456	0.000859239	
7.38e-09	244	-0.096923	0.0651475	0.993157	0.840079	0.833181	0.0906994	0.0495874	0.00252345	0.000956199	
7.44e-09	246	-0.0515399	0.0501336	0.997412	0.84364	0.829635	0.0577552	0.0576332	0.00166154	0.00155684	
7.5e-09	248	-0.142426	0.0810838	0.986479	0.817129	0.82351	0.094995	0.0458383	0.00308069	0.00211474	
7.56e-09	250	0.14955	-0.0457484	0.987695	0.839986	0.829796	0.0597309	0.0524446	0.00195034	0.00119375	
7.62e-09	252	-0.029841	0.0472614	0.998437	0.804848	0.825123	0.062634	0.0777707	0.00240804	0.00166431	
7.68e-09	254	-0.172433	-0.0435252	0.984059	0.829424	0.825298	0.0731018	0.0446506	0.0016931	0.0013608	
7.74e-09	256	0.210617	-0.0145745	0.97746	0.822516	0.824825	0.100437	0.0410942	0.000751972	0.00068732	
7.8e-09	258	0.0138541	-0.0182585	0.999737	0.8339	0.820444	0.0606129	0.0579804	0.00200675	0.00107908	
7.86e-09	260	0.0344761	0.0358582	0.998762	0.813385	0.816162	0.0570975	0.0597213	0.00155277	0.00119962	
7.92e-09	262	-0.0470728	-0.137602	0.989368	0.821696	0.817233	0.0596119	0.0496453	0.00191236	0.00136392	
7.98e-09	264	-0.0630047	0.0191482	0.99783	0.816245	0.816774	0.0515848	0.0846123	0.00180677	0.00162209	
8.04e-09	266	-0.0359957	0.131106	0.990715	0.809387	0.815409	0.0406459	0.0514244	0.0019874	0.00111837	
8.1e-09	268	0.0546312	-0.170125	0.983907	0.805374	0.810157	0.0854773	0.0630213	0.00191807	0.00144359	
8.16e-09	270	-0.130643	-0.104281	0.98593	0.820385	0.810901	0.071637	0.0726586	0.00157653	0.00132904	
8.22e-09	272	0.0132669	0.167208	0.985832	0.826741	0.809973	0.0665355	0.0598701	0.00135119	0.00071437	
8.28e-09	274	-0.116415	0.0515696	0.991861	0.807273	0.806927	0.0903656	0.0585752	0.00269532	0.00199383	
8.34e-09	276	0.23268	-0.0410882	0.971685	0.818843	0.805743	0.0617552	0.057786	0.00235812	0.00196032	
8.4e-09	278	-0.128435	-0.289071	0.948653	0.814429	0.803688	0.088808	0.0816122	0.00178234	0.000964281	
8.46e-09	280	0.193527	0.00595502	0.981077	0.823114	0.794955	0.089012	0.0644753	0.00522049	0.00262573	
8.52e-09	282	-0.112023	0.121222	0.986284	0.813946	0.798479	0.0465353	0.0582268	0.00228719	0.00191702	
8.58e-09	284	0.094124	0.000574126	0.99556	0.825651	0.80196	0.0730729	0.0669471	0.00180684	0.00139168	
8.64e-09	286	0.279165	-0.0148766	0.960128	0.814108	0.79376	0.0636569	0.0433569	0.00229644	0.00252955	
8.7e-09	288	0.121015	0.0444755	0.991654	0.801108	0.799134	0.0554815	0.0682327	0.00349843	0.00148892	
8.76e-09	290	0.0558918	-0.154282	0.986445	0.805998	0.796155	0.0654872	0.0558713	0.00304465	0.0022154	
8.82e-09	292	-0.0681747	-0.307284	0.949173	0.804251	0.792578	0.0820899	0.0880249	0.00192565	0.00115747	
8.88e-09	294	-0.025125	-0.0652985	0.997549	0.790015	0.784309	0.0606728	0.0482606	0.00313343	0.00252505	
8.94e-09	296	0.0677114	0.117741	0.990733	0.760823	0.787953	0.0708706	0.0693507	0.00411802	0.00246774	
9e-09	298	0.199345	-0.0790257	0.976738	0.807743	0.786211	0.0684975	0.0594318	0.00165362	0.00178211	
9.06e-09	300	0.126971	0.0343164	0.991313	0.781524	0.784181	0.0750367	0.0604701	0.00351153	0.00234293	
9.12e-09	302	-0.0110394	-0.0197711	0.999744	0.800994	0.782988	0.0583251	0.0558841	0.0032384	0.00188107	
9.18e-09	304	-0.0592487	-0.139102	0.988504	0.780034	0.781364	0.0832136	0.0902808	0.00429926	0.00207103	
9.24e-09	306	0.0279616	-0.229493	0.972909	0.787929	0.778645	0.0685343	0.0630775	0.00251967	0.00164063	
9.3e-09	308	-0.257455	-0.0888677	0.962195	0.78986	0.776212	0.0788945	0.0393334	0.00324979	0.0030279	
9.36e-09	310	-0.0421271	-0.0360814	0.998461	0.775669	0.773135	0.0702447	0.0555445	0.00206899	0.00109374	
9.42e-09	312	0.196586	-0.0948828	0.975885	0.785111	0.774068	0.0529203	0.0452198	0.00202103	0.00176361	
9.48e-09	314	0.0235254	0.0214976	0.999492	0.795304	0.774749	0.0489063	0.0484719	0.00239686	0.00129092	
9.54e-09	316	-0.0791079	-0.109564	0.990827	0.774045	0.76935	0.0750645	0.0560342	0.00228136	0.00148488	
9.6e-09	318	0.0277088	0.172332	0.984649	0.74055	0.768718	0.050095	0.0630858	0.00178161	0.00131721	
9.66e-09	320	-0.119722	-0.115371	0.986081	0.765809	0.769004	0.0410936	0.0555138	0.00210071	0.00161907	
9.72e-09	322	0.0928718	-0.0704452	0.993183	0.773882	0.758295	0.0807246	0.0803128	0.00818102	0.0043017	
9.78e-09	324	-0.092979	0.0849405	0.992038	0.771108	0.756888	0.0682307	0.064537	0.00435555	0.00246596	
9.84e-09	326	0.133826	0.0956354	0.986379	0.751046	0.765637	0.0819419	0.0734072	0.00324964	0.00195279	
9.9e-09	328	0.190099	0.136489	0.972231	0.740007	0.760647	0.0747066	0.108096	0.00427448	0.00231128	
9.96e-09	330	-0.119275	-0.00285121	0.992857	0.792536	0.762501	0.06751	0.09209	0.00257954	0.00125429	
1.002e-08	332	-0.207531	0.446634	0.870315	0.728467	0.754583	0.096122	0.07927	0.00585839	0.00275585	
1.008e-08	334	0.113782	-0.162572	0.980114	0.766038	0.754506	0.0410146	0.0707155	0.00378321	0.00218137	
1.014e-08	336	-0.000829783	-0.176687	0.984267	0.752303	0.749528	0.0978763	0.0637905	0.00464542	0.00307136	
1.02e-08	338	0.0418891	0.113613	0.992642	0.734469	0.746681	0.077816	0.0435549	0.00220691	0.00206095	
1.026e-08	340	-0.112388	0.0444728	0.992669	0.75992	0.750126	0.0750166	0.0348953	0.00521125	0.00380221	
1.032e-08	342	-0.0669458	0.0762768	0.994837	0.756494	0.747959	0.0722648	0.0529092	0.00246754	0.00111571	
1.038e-08	344	0.0533555	0.0713332	0.996024	0.731958	0.746151	0.076187	0.0541156	0.00469487	0.0022147	
1.044e-08	346	0.205782	-0.0737028	0.975818	0.72149	0.741868	0.0809448	0.10573	0.00635599	0.00173657	
1.05e-08	348	0.0511606	-0.0761006	0.995787	0.738115	0.741933	0.0550478	0.0569899	0.00281303	0.00215437	
1.056e-08	350	0.105338	-0.226849	0.968217	0.757068	0.740884	0.0669126	0.0888668	0.00472907	0.00246388	
1.062e-08	352	0.107722	-0.226614	0.968009	0.720792	0.72907	0.0514398	0.0508211	0.00278818	0.0025873	
1.068e-08	354	-0.0164867	0.0377403	0.999152	0.743559	0.732617	0.120712	0.0947846	0.00711273	0.00240001	
1.074e-08	356	0.0856531	0.0160866	0.996195	0.737532	0.732026	0.0512549	0.0906465	0.00303577	0.00232972	
1.08e-08	358	-0.00185665	-0.152736	0.988265	0.676507	0.72191	0.095324	0.0889915	0.00676844	0.00273086	
1.086e-08	360	0.0875665	0.198473	0.976187	0.734022	0.72388	0.116791	0.0493442	0.00770894	0.00324175	
1.092e-08	362	0.0276121	-0.221801	0.974701	0.7378	0.72431	0.0619947	0.0383203	0.00319946	0.00295775	
1.098e-08	364	-0.0813034	-0.248932	0.965102	0.722782	0.722413	0.0603978	0.0833594	0.00523718	0.00270007	
1.104e-08	366	-0.0456194	0.0433411	0.998018	0.7284	0.714702	0.0646767	0.0625254	0.00781165	0.00472492	
1.11e-08	368	-0.220778	-0.148472	0.963957	0.723986	0.716158	0.0604814	0.0500437	0.00370604	0.00281057	
1.116e-08	370	0.163442	0.0385797	0.985798	0.732591	0.716757	0.0684634	0.0646144	0.0077856	0.0046583	
1.122e-08	372	-0.0127969	0.0440314	0.998948	0.732452	0.721362	0.105306	0.0728878	0.0101475	0.000982928	
1.128e-08	374	0.03126	0.100873	0.994408	0.711499	0.713363	0.0509686	0.0856081	0.00374841	0.00217772	
1.134e-08	376	0.049573	-0.0996472	0.993787	0.708397	0.706023	0.148414	0.0604515	0.00907445	0.00494434	
1.14e-08	378	0.0361489	0.452951	0.890802	0.646674	0.705438	0.0709793	0.10128	0.0088682	0.00437917	
1.146e-08	380	0.314422	-0.00883748	0.949242	0.717734	0.697522	0.0505622	0.0852864	0.00706375	0.00369354	
1.152e-08	382	-0.0510447	0.0995071	0.993727	0.753154	0.704387	0.0620026	0.0501505	0.00374227	0.00260418	
1.158e-08	384	-0.0759823	-0.162626	0.983758	0.724692	0.699552	0.0949111	0.128167	0.00792964	0.00340143	
1.164e-08	386	0.178841	-0.0176492	0.98372	0.71474	0.703716	0.0409126	0.112737	0.00506362	0.00270289	
1.17e-08	388	-0.0333357	-0.163311	0.986011	0.713685	0.692181	0.0804109	0.0976987	0.0110471	0.00499075	
1.176e-08	390	-0.0268746	-0.300638	0.95336	0.678457	0.6922	0.133698	0.113186	0.00793365	0.00310897	
1.182e-08	392	-0.0662116	0.0507578	0.996514	0.704546	0.689067	0.0479986	0.0681447	0.00519368	0.00337931	
1.188e-08	394	0.241876	0.194628	0.950587	0.650212	0.688369	0.0573008	0.0671516	0.00517486	0.00256335	
1.194e-08	396	0.0744841	0.190654	0.978827	0.7045	0.690723	0.0587817	0.0456651	0.00520679	0.00333904	
1.2e-08	398	-0.150647	-0.109848	0.982466	0.710981	0.693258	0.115908	0.0668353	0.00353445	0.00145687	
1.206e-08	400	0.180029	0.0764196	0.980688	0.697764	0.680197	0.0814573	0.0493291	0.00621625	0.00357453	
1.212e-08	402	-0.0151597	0.00314288	0.99988	0.686307	0.677328	0.0830165	0.0441739	0.00424758	0.00328982	
1.218e-08	404	-0.0813303	0.199975	0.97642	0.619198	0.680091	0.0688406	0.0683108	0.00615591	0.00382986	
1.224e-08	406	0.101671	0.313971	0.943973	0.708681	0.677816	0.066103	0.0770863	0.00648774	0.00508529	
1.23e-08	408	0.127147	-0.116526	0.985015	0.696791	0.672513	0.0887595	0.079169	0.00524931	0.00379152	
1.236e-08	410	-0.104299	0.125019	0.986657	0.710278	0.674669	0.144965	0.0773027	0.00960916	0.00399392	
1.242e-08	412	0.30534	0.042219	0.951307	0.61806	0.669403	0.101805	0.0588028	0.00631733	0.00370944	
1.248e-08	414	-0.176685	0.174668	0.968645	0.629152	0.656891	0.0560612	0.0855878	0.00924034	0.00616752	
1.254e-08	416	-0.100154	-0.133295	0.986003	0.609492	0.661278	0.0654884	0.0602534	0.00854228	0.00551186	
1.26e-08	418	0.0905678	0.0245653	0.995587	0.675297	0.668754	0.0667019	0.118524	0.00901956	0.00378447	
1.266e-08	420	-0.17737	-0.0456263	0.983086	0.631251	0.662661	0.0713661	0.0576402	0.00468164	0.00252053	
1.272e-08	422	0.0777769	-0.222432	0.971841	0.664844	0.655958	0.11054	0.11004	0.0108585	0.00301274	
1.278e-08	424	0.491878	0.165659	0.854759	0.631026	0.643533	0.105435	0.0814694	0.0101445	0.00582857	
1.284e-08	426	0.358399	0.00889003	0.933526	0.666596	0.659757	0.12887	0.0845862	0.00701297	0.00301963	
1.29e-08	428	0.286239	0.0599474	0.956281	0.656029	0.644193	0.0610624	0.0803674	0.00739119	0.00862005	
1.296e-08	430	0.217724	-0.0360701	0.975344	0.708687	0.642178	0.0977729	0.0817916	0.0104604	0.00562178	
1.302e-08	432	-0.156375	0.0942878	0.983187	0.667797	0.635203	0.146025	0.085572	0.0125053	0.00580355	
1.308e-08	434	-0.221704	0.200106	0.954361	0.62324	0.646166	0.0511239	0.0911647	0.00740099	0.00316056	
1.314e-08	436	0.244994	0.00420557	0.969515	0.673873	0.639129	0.0704398	0.0829459	0.0118116	0.00750561	
1.32e-08	438	0.146441	-0.0151807	0.989103	0.684773	0.648061	0.050729	0.0617503	0.00396327	0.00344859	
1.326e-08	440	0.063833	0.27462	0.959432	0.607475	0.635899	0.043054	0.0832221	0.00684316	0.00501812	
1.332e-08	442	0.115892	0.0342874	0.99267	0.667841	0.628823	0.0842703	0.109966	0.0162322	0.00553267	
1.338e-08	444	0.165723	0.0621295	0.984213	0.655698	0.618743	0.082294	0.0442644	0.00626587	0.00354129	
1.344e-08	446	0.0826376	-0.362424	0.928342	0.568371	0.624866	0.108311	0.0686326	0.00967848	0.0058847	
1.35e-08	448	-0.590875	-0.373885	0.714896	0.518306	0.604914	0.0628109	0.076019	0.0250363	0.0117027	
1.356e-08	450	0.0436105	0.0716678	0.996475	0.632978	0.619274	0.11138	0.086261	0.0171499	0.00721021	
1.362e-08	452	0.0614342	-0.0686424	0.995748	0.605571	0.617003	0.0557227	0.0383039	0.0084879	0.00700822	
1.368e-08	454	-0.174826	-0.0498023	0.983339	0.557772	0.614799	0.0859265	0.131832	0.0242424	0.0093785	
1.374e-08	456	0.0101808	-0.00975067	0.999901	0.524536	0.607815	0.105642	0.0945771	0.0141612	0.00728806	
1.38e-08	458	0.207038	0.174671	0.962614	0.643776	0.612553	0.0651638	0.075931	0.00689151	0.00487324	
1.386e-08	460	0.343021	0.0159445	0.939192	0.584346	0.602322	0.0418566	0.0812474	0.0058862	0.0036227	
1.392e-08	462	0.0194906	-0.530944	0.847183	0.5602	0.605028	0.0444234	0.142486	0.00964689	0.00401417	
1.398e-08	464	-0.400806	-0.106706	0.909928	0.606905	0.592101	0.082366	0.0909009	0.022211	0.0112732	
1.404e-08	466	0.172036	0.0790946	0.98191	0.635752	0.602828	0.0918741	0.0949491	0.0128758	0.00383832	
1.41e-08	468	0.104906	-0.0614237	-0.992583	0.601865	0.596841	0.0776546	0.0540553	0.00934295	0.00795164	
1.416e-08	470	0.0991963	-0.16419	-0.981428	0.591871	0.584454	0.0895597	0.0661083	0.0148976	0.00766385	
1.422e-08	472	0.0657948	0.221781	-0.972874	0.552033	0.57965	0.0850903	0.102997	0.0159203	0.00782703	
1.428e-08	474	0.0421274	-0.162275	-0.985846	0.654047	0.591096	0.0587312	0.14753	0.0125305	0.00502337	
1.434e-08	476	0.0125567	-0.11249	-0.993574	0.569644	0.5836	0.0678609	0.0934117	0.0112883	0.0043917	
1.44e-08	478	0.116767	0.410965	-0.904142	0.598765	0.568681	0.0864616	0.0928878	0.0141449	0.00587113	
1.446e-08	480	-0.164999	-0.0126942	-0.986212	0.574566	0.544549	0.0860291	0.125132	0.0517684	0.0260344	
1.452e-08	482	0.971497	-0.215183	0.0994499	0.311997	0.562758	0.116365	0.061525	0.0864653	0.0220824	
1.458e-08	484	0.0244626	-0.00710312	-0.999676	0.581155	0.569603	0.0832367	0.0675453	0.0128388	0.00702007	
1.464e-08	486	0.259986	0.417033	-0.870914	0.575356	0.555452	0.0828712	0.0890268	0.0133009	0.00804811	
1.47e-08	488	0.193648	-0.134494	-0.971809	0.623009	0.547972	0.0755925	0.14221	0.0223467	0.00968866	
1.476e-08	490	0.286889	-0.328535	-0.899866	0.529178	0.568848	0.131052	0.123451	0.0367176	0.00668763	
1.482e-08	492	0.257149	0.256701	-0.931654	0.594816	0.555064	0.0558137	0.131705	0.0266059	0.0139714	
1.488e-08	494	-0.170797	0.179211	-0.968871	0.525302	0.552055	0.0897808	0.0817802	0.013355	0.00719435	
1.494e-08	496	-0.326681	0.407798	-0.852631	0.564397	0.561002	0.0948728	0.0603123	0.01035	0.00539994	
1.5e-08	498	-0.0174048	-0.460407	0.887537	0.536018	0.533649	0.0643994	0.0976749	0.0140207	0.00900333	
1.506e-08	500	0.491242	-0.274493	0.826641	0.540271	0.505637	0.139621	0.0559642	0.0833754	0.0324632	
1.512e-08	502	-0.0409433	-0.114018	0.992635	0.504275	0.533063	0.0673647	0.11604	0.0231301	0.0111926	
1.518e-08	504	0.211623	0.219809	0.952313	0.557951	0.534251	0.117471	0.114322	0.0463654	0.00883665	
1.524e-08	506	0.0665835	-0.103872	-0.992359	0.5788	0.50398	0.137126	0.118655	0.574159	0.0336245	
1.53e-08	508	0.176853	0.142111	-0.973924	0.497942	0.505027	0.05619	0.101064	0.0297551	0.0113559	
1.536e-08	510	-0.0938419	-0.420593	-0.902383	0.434996	0.509368	0.0922284	0.119631	0.0235431	0.0126065	
1.542e-08	512	-0.455615	0.00946407	-0.890127	0.560211	0.514054	0.120624	0.0822327	0.0302117	0.0132867	
1.548e-08	514	-0.233164	0.477064	-0.847375	0.459162	0.513449	0.11854	0.149295	0.0480324	0.00728391	
1.554e-08	516	0.160013	0.357467	-0.920116	0.481656	0.523645	0.105226	0.0830603	0.0226347	0.00539032	
1.56e-08	518	-0.375491	0.0876905	-0.922668	0.4332	0.500289	0.112522	0.0652635	0.0262297	0.0197203	
1.566e-08	520	-0.530902	0.406678	-0.743475	0.538117	0.484862	0.134465	0.0980184	0.0328235	0.018426	
1.572e-08	522	-0.275565	-0.0474979	-0.960108	0.561316	0.475467	0.0702404	0.114315	0.0483582	0.0162346	
1.578e-08	524	-0.0385721	-0.162895	-0.985889	0.498252	0.488432	0.0645728	0.10418	0.0208443	0.0112603	
1.584e-08	526	-0.46848	0.474072	-0.745508	0.457332	0.447143	0.101914	0.136525	0.0949892	0.0384641	
1.59e-08	528	0.545129	-0.386874	0.743749	0.495469	0.499757	0.0705542	0.109153	0.0127542	0.00722424	
1.596e-08	530	-0.0343343	0.2186	-0.97521	0.530047	0.462975	0.185116	0.0805297	0.0449357	0.0276568	
1.602e-08	532	0.0259001	0.419256	-0.907498	0.452034	0.479866	0.0658311	0.0700025	0.0225915	0.0156901	
1.608e-08	534	0.0362596	0.326058	-0.944654	0.411855	0.470208	0.0660029	0.130174	0.0213657	0.00864455	
1.614e-08	536	0.224587	-0.113168	0.96786	0.367537	0.457193	0.145307	0.102519	0.3599	0.0134311	
1.62e-08	538	0.290352	0.162988	0.942937	0.533842	0.434471	0.116995	0.114012	0.668578	0.0466749	
1.626e-08	540	-0.506336	-0.861648	0.0344461	0.288512	0.452287	0.116881	0.106329	0.0909924	0.0247061	
1.632e-08	542	0.521719	-0.215435	-0.825468	0.313997	0.440837	0.109077	0.113667	0.0812866	0.0239617	
1.638e-08	544	-0.163454	0.423473	0.891041	0.545353	0.454601	0.136861	0.105695	0.509571	0.0163664	
1.644e-08	546	0.0910133	-0.214447	-0.972486	0.44582	0.385564	0.142377	0.0770384	0.1732	0.0438372	
1.65e-08	548	0.265352	0.770148	0.580051	0.458487	0.405488	0.105973	0.116585	0.568182	0.0376272	
1.656e-08	550	-0.229886	-0.016773	-0.973073	0.24654	0.416689	0.134017	0.0729873	0.100069	0.0197596	
1.662e-08	552	-0.10395	-0.184837	-0.977256	0.454907	0.431885	0.0855943	0.0911722	0.0599608	0.0326065	
1.668e-08	554	-0.130106	0.492685	0.860426	0.440672	0.416339	0.0898212	0.122317	0.325775	0.0284397	
1.674e-08	556	0.0520326	0.500488	0.864178	0.375847	0.414413	0.104962	0.0949955	0.433293	0.0149232	
1.68e-08	558	-0.643904	-0.760547	-0.0834045	0.320884	0.387966	0.111577	0.157108	0.379662	0.0273918	
1.686e-08	560	0.399644	-0.0946897	0.911767	0.407942	0.368886	0.0822061	0.14277	0.297631	0.0291419	
1.692e-08	562	-0.716206	0.491198	0.495755	0.429618	0.368628	0.16491	0.146101	0.166215	0.0353958	
1.698e-08	564	-0.130279	0.424374	0.896066	0.335601	0.349433	0.1193	0.10544	0.2905	0.0340453	
1.704e-08	566	-0.0141157	0.380531	0.924661	0.383074	0.402143	0.06649	0.0883594	0.0700744	0.0260238	
1.71e-08	568	-0.204826	-0.454749	0.866747	0.494313	0.413094	0.114484	0.0699193	0.0365365	0.0165654	
1.716e-08	570	-0.126956	-0.210581	-0.969298	0.34618	0.381184	0.0953684	0.11026	0.406816	0.0208207	
1.722e-08	572	0.280178	-0.0699097	0.957399	0.387636	0.342951	0.102437	0.0776231	0.330014	0.0261754	
1.728e-08	574	-0.546274	-0.430694	-0.718392	0.339655	0.354705	0.126321	0.113624	0.29466	0.0387598	
1.734e-08	576	0.529006	-0.249794	0.811022	0.275591	0.353035	0.100457	0.122855	0.294443	0.0176779	
1.74e-08	578	-0.0128028	-0.134469	0.990835	0.376459	0.384923	0.129009	0.0791444	0.455952	0.0172562	
1.746e-08	580	-0.182798	-0.981995	0.0476515	0.314183	0.300808	0.0922769	0.0794128	0.179852	0.0257685	
1.752e-08	582	0.794703	0.552089	0.252278	0.240463	0.328455	0.105894	0.105756	0.286642	0.0339279	
1.758e-08	584	-0.0542598	0.0407127	0.997697	0.415817	0.32519	0.0713818	0.092545	0.21456	0.0407844	
1.764e-08	586	-0.119881	0.339311	-0.933004	0.379408	0.329274	0.0909973	0.0793603	0.0602549	0.0223825	
1.77e-08	588	0.16443	0.986265	-0.015624	0.359035	0.304404	0.0759108	0.105572	0.238146	0.026289	
1.776e-08	590	-0.296691	-0.424421	0.855477	0.180428	0.292231	0.10914	0.0917569	0.171638	0.0286843	
1.782e-08	592	-0.76754	0.214796	0.603941	0.193977	0.278133	0.109459	0.0593391	0.139349	0.023255	
1.788e-08	594	-0.524241	0.674229	0.520178	0.265648	0.290065	0.0627724	0.124104	0.190437	0.0325844	
1.794e-08	596	0.182803	0.267655	-0.946015	0.317297	0.303321	0.0928275	0.0681899	0.119864	0.0251318	
1.8e-08	598	-0.78461	0.358243	-0.506014	0.210483	0.305048	0.0917445	0.121329	0.189721	0.0230609	
1.806e-08	600	-0.451024	-0.856298	0.251655	0.318446	0.296486	0.103106	0.120889	0.154251	0.0181771	
1.812e-08	602	0.211209	-0.618959	-0.756492	0.38995	0.270834	0.0552271	0.047728	0.220466	0.0285014	
1.818e-08	604	0.110906	0.0921419	0.98955	0.361292	0.264016	0.0816776	0.0737588	0.166712	0.034533	
1.824e-08	606	0.423261	0.240948	-0.873381	0.226752	0.281279	0.117179	0.0455608	0.159759	0.0200131	
1.83e-08	608	-0.518882	0.568536	0.63838	0.372604	0.248233	0.0783467	0.0592904	0.139397	0.0270013	
1.836e-08	610	0.877888	0.461803	0.126692	0.0589156	0.256937	0.0774992	0.0968942	0.0942585	0.0264875	
1.842e-08	612	0.122143	-0.208278	-0.970413	0.299236	0.278598	0.0736477	0.0737191	0.161195	0.0203225	
1.848e-08	614	-0.0886925	0.245468	0.965339	0.297895	0.253368	0.0596199	0.0794065	0.134879	0.0161997	
1.854e-08	616	-0.323724	-0.440263	0.837479	0.250106	0.242434	0.0696881	0.0627408	0.0867454	0.0213541	
1.86e-08	618	-0.316307	-0.18528	-0.930388	0.19903	0.231664	0.0458608	0.0586584	0.138671	0.0270854	
1.866e-08	620	0.781943	-0.498911	-0.373701	0.213257	0.234509	0.0601452	0.0520756	0.129619	0.0316371	
1.872e-08	622	-0.0292414	-0.0826393	-0.99615	0.28646	0.26042	0.0687797	0.100934	0.127116	0.0241706	
1.878e-08	624	0.685592	-0.715312	0.13525	0.252805	0.220664	0.0309518	0.0497254	0.145624	0.0322287	
1.884e-08	626	0.938431	0.212628	-0.272281	0.331774	0.227568	0.0503787	0.0779774	0.104045	0.0237544	
1.89e-08	628	-0.893948	0.343799	-0.287505	0.170033	0.216814	0.0503115	0.0602168	0.0986343	0.0240333	
1.896e-08	630	-0.873415	0.459577	0.161042	0.124164	0.215404	0.0761594	0.0558343	0.0744588	0.0201542	
1.902e-08	632	0.206234	0.834845	0.510393	0.118273	0.204597	0.0323902	0.0522946	0.0843378	0.0241805	
1.908e-08	634	0.19878	-0.0458484	0.978971	0.182834	0.214415	0.0594401	0.0654546	0.0759135	0.0201591	
1.914e-08	636	0.399622	0.704514	-0.586483	0.255164	0.182239	0.0515408	0.0472158	0.0572956	0.0246843	
1.92e-08	638	-0.0483637	-0.140238	0.988936	0.251488	0.208012	0.0361309	0.0615137	0.0644207	0.0197042	
1.926e-08	640	-0.939309	-0.0836978	0.332706	0.179272	0.209287	0.0558447	0.0427992	0.0868072	0.0175421	
1.932e-08	642	0.731708	-0.0395133	-0.680472	0.125649	0.196114	0.0392023	0.0646455	0.0535205	0.0122258	
1.938e-08	644	0.152519	-0.747057	-0.647027	0.108998	0.195268	0.0387306	0.0386104	0.0783108	0.0133542	
1.944e-08	646	0.256088	-0.443639	-0.858839	0.254656	0.197019	0.043877	0.0380534	0.0749558	0.0130808	
1.95e-08	648	0.568466	-0.597515	0.565528	0.125473	0.182711	0.0230507	0.0565564	0.0695432	0.0224826	
1.956e-08	650	0.703126	-0.0248306	-0.710632	0.206555	0.175549	0.0349279	0.0537768	0.0503246	0.0194551	
1.962e-08	652	-0.317077	0.0821212	0.944838	0.136158	0.16934	0.0292383	0.0281803	0.0547208	0.01208	
1.968e-08	654	0.271051	-0.451365	-0.850177	0.178966	0.181371	0.0331655	0.050396	0.0515033	0.0103909	
1.974e-08	656	-0.415372	0.85439	0.312224	0.082414	0.184422	0.0392066	0.0536172	0.048632	0.0188978	
1.98e-08	658	0.62381	-0.781499	-0.0109637	0.080973	0.139141	0.0227209	0.0321198	0.0281376	0.0115331	
1.986e-08	660	0.72436	-0.238326	-0.646918	0.193643	0.175092	0.0339275	0.0427685	0.044658	0.0102762	
1.992e-08	662	-0.365218	-0.874644	0.318769	0.120309	0.163701	0.0396576	0.0286121	0.0461021	0.017122	
1.998e-08	664	-0.25861	0.684647	-0.681454	0.171974	0.166957	0.0303176	0.0404968	0.0468611	0.0137023	
2.004e-08	666	-0.541701	0.268337	-0.79659	0.129473	0.14482	0.0238391	0.0282611	0.0357383	0.0119995	
2.01e-08	668	0.405814	-0.293746	-0.865464	0.121105	0.157854	0.035252	0.0289294	0.0375542	0.0136602	
2.016e-08	670	-0.0978965	-0.661531	-0.7435	0.148121	0.163755	0.0365058	0.034011	0.0315141	0.0105475	
2.022e-08	672	0.923879	0.265408	-0.275692	0.127208	0.144399	0.0297077	0.0196173	0.0377997	0.00954889	
2.028e-08	674	-0.222411	-0.974709	-0.0218272	0.13033	0.145488	0.0273655	0.0226204	0.0377015	0.00987311	
2.034e-08	676	-0.0576187	0.174768	-0.982922	0.0473326	0.132341	0.0228576	0.0281209	0.0215971	0.00861077	
2.04e-08	678	0.917513	0.187065	0.350965	0.167673	0.131254	0.0332626	0.0171269	0.0208569	0.00998083	
2.046e-08	680	-0.272522	0.960997	-0.0470869	0.122019	0.1239	0.0184962	0.0206159	0.0286078	0.012068	
2.052e-08	682	-0.147792	-0.810639	0.566588	0.180928	0.137071	0.0243696	0.0183806	0.0303371	0.00633787	
2.058e-08	684	-0.0923334	0.583785	0.806641	0.111652	0.138993	0.0155227	0.0213327	0.0392884	0.00893658	
2.064e-08	686	0.661397	0.646931	0.379519	0.126961	0.135174	0.0191263	0.0214501	0.0312993	0.0101867	
2.07e-08	688	-0.452996	0.748686	0.484008	0.137107	0.112672	0.0207477	0.0141315	0.0179791	0.00702431	
2.076e-08	690	0.571215	0.55389	-0.605738	0.18749	0.138434	0.0210401	0.0231754	0.0242021	0.00419973	
2.082e-08	692	0.608099	0.513929	0.605056	0.163418	0.130553	0.024437	0.0273869	0.0175777	0.0078579	
2.088e-08	694	0.733825	0.629071	0.256459	0.188284	0.127509	0.0163276	0.0302496	0.0211785	0.00961521	
2.094e-08	696	0.519608	0.216253	-0.826585	0.162987	0.134295	0.0196613	0.0250119	0.0285474	0.00758024	
2.1e-08	698	0.536987	0.802109	-0.261276	0.0898307	0.107264	0.0174457	0.0111846	0.0177755	0.00501788	
2.106e-08	700	-0.4106	0.590583	-0.694708	0.170889	0.12667	0.0170633	0.022573	0.0282039	0.0107403	
2.112e-08	702	-0.718668	-0.556596	-0.416794	0.0684107	0.123269	0.014961	0.0206847	0.0283011	0.0107284	
2.118e-08	704	0.469483	-0.704525	-0.532193	0.130786	0.121942	0.0113274	0.0241649	0.0220092	0.00737542	
2.124e-08	706	-0.785946	0.493593	0.372365	0.133146	0.116914	0.0159153	0.0170672	0.020645	0.00623146	
2.13e-08	708	-0.0938166	0.405472	-0.90928	0.107412	0.136623	0.0190038	0.0235161	0.0220873	0.00812051	
2.136e-08	710	-0.634592	0.241463	0.734158	0.0276144	0.114779	0.0204793	0.0180912	0.014984	0.00678302	
2.142e-08	712	0.576299	0.0654931	-0.81461	0.194596	0.119725	0.0215794	0.020752	0.0171112	0.00885999	
2.148e-08	714	0.123416	0.941134	-0.314698	0.10056	0.105934	0.0138562	0.00922961	0.0199452	0.00437666	
2.154e-08	716	0.844698	-0.511162	-0.158738	0.0615814	0.113425	0.0180826	0.01738	0.0149829	0.00691737	
2.16e-08	718	0.521012	0.77339	-0.361129	0.110031	0.11546	0.0173866	0.0185293	0.018589	0.00770551	
2.166e-08	720	0.0259013	0.324936	0.945381	0.173282	0.119304	0.0101974	0.0162386	0.0279782	0.00876235	
2.172e-08	722	0.577633	-0.22165	-0.785628	0.136777	0.0953501	0.0126665	0.0124247	0.0134548	0.00807426	
2.178e-08	724	-0.495909	-0.867264	0.0438986	0.0581339	0.110799	0.0136041	0.0160189	0.0196931	0.00629873	
2.184e-08	726	0.0239535	-0.689337	0.724045	0.0946927	0.106836	0.0134938	0.0152216	0.0164656	0.00630924	
2.19e-08	728	0.450231	-0.76837	0.454862	0.151508	0.102553	0.0107614	0.0192637	0.0125185	0.00635734	
2.196e-08	730	0.417927	-0.0953869	-0.903459	0.0968289	0.121568	0.0186854	0.0143616	0.0223503	0.00525596	
2.202e-08	732	0.500782	0.545338	0.672178	0.131416	0.104782	0.0117232	0.0170163	0.0138307	0.00547217	
2.208e-08	734	-0.169865	0.220766	0.960421	0.11938	0.0997994	0.0112991	0.0139921	0.0121636	0.00678719	
2.214e-08	736	0.31925	0.920106	0.2269	0.156583	0.0990163	0.0145766	0.013388	0.00988515	0.00518128	
2.22e-08	738	0.00112532	0.372725	-0.927941	0.105177	0.0977624	0.0147011	0.00666542	0.0130239	0.00360471	
2.226e-08	740	-0.530415	0.826681	0.187774	0.052523	0.094988	0.0137235	0.0150288	0.00795085	0.00634742	
2.232e-08	742	-0.122939	0.508191	0.852425	0.109736	0.103899	0.016559	0.0113659	0.0144466	0.0066065	
2.238e-08	744	0.316594	-0.907778	0.275151	0.0741024	0.0906882	0.0109158	0.0109785	0.0113456	0.00543441	
2.244e-08	746	-0.921567	0.128163	-0.366454	0.13322	0.0979871	0.0114217	0.0130501	0.0150494	0.00753159	
2.25e-08	748	0.609052	0.792437	-0.033158	0.137433	0.0872108	0.0142597	0.00836618	0.0052895	0.00343158	
2.256e-08	750	-0.966154	0.254866	-0.0398646	0.0525273	0.0892809	0.0121674	0.00959287	0.0086942	0.00408805	
2.262e-08	752	-0.162481	-0.964111	0.209975	0.0874171	0.0944736	0.0105259	0.0159995	0.00889079	0.00703042	
2.268e-08	754	0.810695	-0.58142	-0.068735	0.068625	0.0938645	0.00795088	0.0127975	0.0128314	0.00403151	
2.274e-08	756	-0.458181	0.884444	-0.0884866	0.162269	0.101078	0.0135206	0.0119429	0.0118913	0.00485386	
2.28e-08	758	0.993922	0.1053	0.0321219	0.0262579	0.0823878	0.00726111	0.0095001	0.0102034	0.00488682	
2.286e-08	760	0.558295	-0.81585	-0.150647	0.0843493	0.0876358	0.00910512	0.00769091	0.0107503	0.00346184	
2.292e-08	762	0.392844	0.917009	-0.0690433	0.0276443	0.0993535	0.0126948	0.0090821	0.013244	0.00443334	
2.298e-08	764	-0.477547	-0.239611	0.845302	0.100042	0.0883853	0.008013	0.00788214	0.0114546	0.00286093	
2.304e-08	766	-0.0189812	0.702995	0.710941	0.139599	0.0850599	0.00932527	0.00923335	0.00850893	0.00419204	
2.31e-08	768	-0.631957	0.249552	-0.733726	0.0810668	0.0881877	0.00794016	0.00862757	0.011938	0.00313602	
2.316e-08	770	-0.431913	0.114663	0.894597	0.124136	0.0864698	0.00698296	0.00821259	0.0124228	0.00424897	
2.322e-08	772	-0.237976	-0.965724	0.103662	0.0865966	0.0857715	0.00874411	0.0128737	0.00655832	0.00435048	
2.328e-08	774	0.604174	0.122783	-0.787336	0.0979158	0.0866098	0.00486046	0.0104234	0.00911178	0.00302054	
2.334e-08	776	-0.570406	0.805035	-0.162957	0.119327	0.0811067	0.00520841	0.00803386	0.00972157	0.00266482	
2.34e-08	778	-0.276389	-0.394861	-0.876181	0.0816487	0.0820994	0.0109765	0.00515369	0.00733133	0.00337507	
2.346e-08	780	0.722601	-0.108817	0.682646	0.0832837	0.0861711	0.00689521	0.0102103	0.0104264	0.00405647	
2.352e-08	782	0.478557	-0.854641	0.201425	0.13341	0.0880608	0.0085224	0.0116717	0.00915124	0.00446229	
2.358e-08	784	0.778015	0.036746	-0.62717	0.0849632	0.0844311	0.0098665	0.00831761	0.00818269	0.00394796	
2.364e-08	786	-0.988128	-0.0483017	-0.145839	0.0710805	0.078185	0.00596064	0.00727501	0.00731071	0.00310451	
2.37e-08	788	0.0544003	-0.986498	0.154473	0.058611	0.0760344	0.00498513	0.00911375	0.00653027	0.00283364	
2.376e-08	790	0.00612495	0.701653	-0.712493	0.0281225	0.0766085	0.0081728	0.00749729	0.00532949	0.0031777	
2.382e-08	792	0.180969	0.940829	0.286514	0.0758272	0.0824831	0.00921232	0.00874581	0.00719968	0.00388314	
2.388e-08	794	-0.0637838	0.774727	0.62907	0.153054	0.0816277	0.00738578	0.00819319	0.00899651	0.00477626	
2.394e-08	796	-0.136069	-0.837257	-0.529609	0.056796	0.0801929	0.00810396	0.00726834	0.00838084	0.00356615	
2.4e-08	798	0.213767	0.899048	0.38212	0.114886	0.0680843	0.00530211	0.00700576	0.00460601	0.00291989	
2.406e-08	800	-0.887645	0.0679451	0.455488	0.117391	0.0779277	0.00652044	0.006569	0.00897814	0.00314636	
2.412e-08	802	-0.0333168	0.965266	-0.259136	0.0980788	0.0832065	0.0120149	0.00661119	0.00553669	0.00294602	
2.418e-08	804	0.80572	-0.591975	-0.0195194	0.11036	0.0760862	0.00699191	0.00649435	0.00707573	0.00281992	
2.424e-08	806	-0.395267	0.684179	0.612913	0.0907961	0.0707107	0.00418689	0.00528744	0.00696846	0.00157981	
2.43e-08	808	0.871949	0.0533998	0.486676	0.0324286	0.0739849	0.00647914	0.00458014	0.00866166	0.002947	
2.436e-08	810	-0.0144741	-0.995481	0.0938485	0.0792568	0.0728541	0.0060029	0.00572132	0.00741872	0.00315994	
2.442e-08	812	-0.316416	-0.633845	0.705777	0.0945347	0.0778834	0.0079574	0.00616284	0.00732984	0.00270194	
2.448e-08	814	-0.577843	0.728464	-0.368018	0.0176275	0.0845953	0.00937841	0.00979884	0.00603249	0.00353051	
2.454e-08	816	0.351165	-0.502368	0.790133	0.0656927	0.0720638	0.0050854	0.00577095	0.00725861	0.00222499	
2.46e-08	818	-0.954713	0.21463	0.20605	0.0314727	0.0774699	0.00755433	0.00751166	0.00679148	0.00343891	
2.466e-08	820	0.861216	0.44491	0.245686	0.0395721	0.0696667	0.00383815	0.00676083	0.00694086	0.00306137	
2.472e-08	822	0.937486	0.343318	0.0570288	0.0541649	0.0750528	0.00466488	0.00639229	0.0073426	0.00160415	
2.478e-08	824	-0.381427	0.874688	-0.299055	0.0392911	0.0578937	0.00312141	0.00326176	0.0054111	0.00162465	
2.484e-08	826	0.283488	0.817578	-0.5012	0.103513	0.0837493	0.00920892	0.00643431	0.00955523	0.00385661	
2.49e-08	828	-0.632738	0.772179	-0.0581574	0.0816167	0.0680855	0.00381423	0.00690325	0.00514292	0.00184761	
2.496e-08	830	0.122765	0.491086	0.862417	0.0186876	0.0710455	0.00767716	0.00486349	0.00439387	0.00241521	
2.502e-08	832	0.0657691	0.772942	0.631058	0.0443724	0.0680758	0.00518155	0.00485557	0.00659667	0.00263533	
2.508e-08	834	-0.954709	0.279474	-0.102102	0.0686154	0.0717163	0.00655226	0.00554783	0.00555636	0.00215936	
2.514e-08	836	0.875993	-0.481421	-0.0294914	0.0470152	0.0728487	0.0057454	0.00703788	0.00571395	0.00299602	
2.52e-08	838	-0.507157	0.407074	0.759659	0.0370685	0.0663957	0.00435327	0.00581563	0.00512877	0.00207818	
2.526e-08	840	-0.914623	-0.14208	0.37852	0.0781679	0.0770383	0.0101716	0.00392945	0.00621116	0.00255981	
2.532e-08	842	-0.582128	-0.586141	-0.56353	0.0912193	0.0621994	0.00344986	0.00459318	0.0046714	0.00146703	
2.538e-08	844	-0.276048	0.958685	0.0686986	0.0741979	0.0613737	0.00422377	0.00414891	0.00432908	0.00157894	
2.544e-08	846	-0.448737	0.594541	0.6672	0.0692875	0.0649168	0.00530947	0.00461845	0.00481298	0.00223608	
2.55e-08	848	-0.409663	-0.904744	-0.116678	0.0759246	0.0601992	0.00381025	0.00448576	0.00398418	0.00193696	
2.556e-08	850	0.607223	0.793033	0.0487706	0.0219488	0.0651979	0.00388754	0.00557641	0.00496719	0.00239554	
2.562e-08	852	0.77018	0.624813	0.128189	0.0819648	0.0747468	0.00900938	0.00390783	0.00541874	0.00235979	
2.568e-08	854	0.0374207	-0.935266	-0.351961	0.060648	0.0638746	0.00295568	0.00801188	0.00353628	0.00308325	
2.574e-08	856	0.954942	-0.296523	-0.0126719	0.0238528	0.0712919	0.00448487	0.00386534	0.00703258	0.00212472	
2.58e-08	858	0.0486187	0.992669	-0.110657	0.0779677	0.0640457	0.00609198	0.00415568	0.00394505	0.00214055	
2.586e-08	860	0.100113	0.323137	0.941042	0.0154027	0.0560768	0.00361664	0.00402878	0.00229564	0.000993506	
2.592e-08	862	0.275798	-0.727545	0.628183	0.0521163	0.0625645	0.00500951	0.00438823	0.00240796	0.000941121	
2.598e-08	864	0.240094	-0.954149	0.17876	0.060769	0.0588391	0.00519738	0.0033897	0.00283821	0.00155058	
2.604e-08	866	0.562306	-0.28766	0.775283	0.104887	0.0593546	0.00373072	0.00291344	0.00557178	0.00251828	
2.61e-08	868	-0.943742	0.253364	0.212503	0.0356089	0.0537824	0.00331233	0.0031133	0.00329601	0.00149105	
2.616e-08	870	-0.644152	0.249712	0.722988	0.141767	0.064152	0.00690491	0.0022404	0.00525891	0.00266168	
2.622e-08	872	0.261228	0.742029	0.617376	0.0442703	0.0641391	0.00483962	0.00336568	0.00555486	0.00197914	
2.628e-08	874	-0.421604	-0.102056	-0.901019	0.026179	0.0646825	0.00397797	0.00483955	0.00579478	0.00265541	
2.634e-08	876	0.0721362	-0.444562	0.892839	0.0838034	0.062276	0.00242817	0.00472544	0.00593907	0.00235817	
2.64e-08	878	-0.178531	0.276991	0.944141	0.0676176	0.0637531	0.00515077	0.00412609	0.00440153	0.00250384	
2.646e-08	880	0.00517059	-0.992846	-0.119289	0.0507293	0.0696528	0.00475128	0.00446057	0.00690178	0.00233696	
2.652e-08	882	-0.549553	0.608472	0.572498	0.0676515	0.0587878	0.00272133	0.00446765	0.00397395	0.00151203	
2.658e-08	884	-0.598371	-0.533471	0.597796	0.0722351	0.0632196	0.00514838	0.00276757	0.00467819	0.00165909	
2.664e-08	886	-0.934879	0.354315	-0.0214909	0.114002	0.0737462	0.00495682	0.00521486	0.0080186	0.00281513	
2.67e-08	888	-0.0350117	0.925126	0.378042	0.0441321	0.0580793	0.00285285	0.00291454	0.00470001	0.00191973	
2.676e-08	890	-0.748253	-0.00895957	0.663353	0.0480288	0.0645771	0.00412508	0.00392803	0.00505934	0.00137305	
2.682e-08	892	0.852142	-0.30172	0.427574	0.070594	0.0601407	0.0042253	0.00368396	0.0038958	0.0015684	
2.688e-08	894	0.00381224	0.944446	0.328645	0.0404388	0.0619297	0.00229493	0.00588796	0.00429394	0.00172785	
2.694e-08	896	0.088939	-0.121069	-0.988652	0.0419731	0.0571968	0.00269279	0.0034516	0.00433627	0.00131474	
2.7e-08	898	-0.0796853	-0.945758	-0.314947	0.025601	0.0625727	0.00452825	0.00414442	0.00404086	0.00221792	
2.706e-08	900	0.991025	-0.13368	-0.000130007	0.0889714	0.0616514	0.00581293	0.00334156	0.00251285	0.0019328	
