#----------------------------------------------------------------------------------------------------------------------------------------------------------
# Output file for vampire simulation
#   time       : 2024-08-29 04:54:34     process id : 2984596
#   hostname   : node117.viking2.yor.alces.network
#   path       : /users/ky883/parameter/WS_dia5/AI_Dataset/size_5.0_5.0_10.0/Temp_900/random_1
#----------------------------------------------------------------------------------------------------------------------------------------------------------
6e-11	0	-0.00266898	0.0033639	0.999991	0.999912	0.999886	0	0	0	0	
1.2e-10	2	-0.00262079	0.00181736	0.999995	0.998901	0.99892	0.0594233	0.0408079	4.82926e-06	4.46864e-06	
1.8e-10	4	-0.00381913	-0.00133176	0.999992	0.99787	0.997852	0.0472516	0.0423556	4.51146e-06	5.11052e-06	
2.4e-10	6	0.000494901	-0.000790854	1	0.996721	0.996751	0.0255396	0.0665559	1.51338e-05	1.19276e-05	
3e-10	8	-0.00499459	-0.00712121	0.999962	0.995577	0.9957	0.0880007	0.0521132	1.99933e-05	1.95366e-05	
3.6e-10	10	-0.00121487	0.00383187	0.999992	0.994433	0.994639	0.0475076	0.0394233	2.38089e-05	1.95395e-05	
4.2e-10	12	-0.011675	0.00677086	0.999909	0.993719	0.993528	0.09699	0.0590181	3.29257e-05	2.79227e-05	
4.8e-10	14	-0.00665767	0.00545213	0.999963	0.992395	0.99242	0.0512733	0.0434707	3.09382e-05	3.08685e-05	
5.4e-10	16	-0.0143188	-0.00851027	0.999861	0.991487	0.991355	0.0582428	0.0694784	3.94621e-05	3.3178e-05	
6e-10	18	0.00858881	0.0100379	0.999913	0.990358	0.990243	0.0608241	0.0635356	2.99372e-05	2.62335e-05	
6.6e-10	20	0.0117425	0.0150671	0.999818	0.988679	0.989251	0.0482817	0.0636702	4.0384e-05	3.16169e-05	
7.2e-10	22	-0.00831595	0.00648386	0.999944	0.988655	0.98818	0.0596871	0.0403148	5.45226e-05	5.23293e-05	
7.8e-10	24	-0.00775411	0.00923719	0.999927	0.986874	0.98699	0.0636666	0.06695	4.44695e-05	3.49175e-05	
8.4e-10	26	-0.00349045	-0.0261204	0.999653	0.98612	0.985897	0.0540251	0.068288	6.95548e-05	7.4516e-05	
9e-10	28	-0.00799408	-0.00052748	0.999968	0.984702	0.984771	0.066135	0.0373785	8.25347e-05	8.74162e-05	
9.6e-10	30	-0.0122256	0.00745081	0.999898	0.984473	0.983714	0.0517472	0.0227508	8.94268e-05	7.93026e-05	
1.02e-09	32	-0.000997492	-0.00502427	0.999987	0.982521	0.982612	0.0492957	0.0592694	0.000143806	0.000111909	
1.08e-09	34	0.0111697	0.00308873	0.999933	0.981987	0.981481	0.0458252	0.0278253	7.13624e-05	6.23368e-05	
1.14e-09	36	-0.00248181	0.00421816	0.999988	0.980056	0.980415	0.0650858	0.0435951	7.84374e-05	6.95498e-05	
1.2e-09	38	-0.00423879	-0.0173354	0.999841	0.978474	0.979322	0.0407894	0.0464624	0.000189513	0.00015908	
1.26e-09	40	-0.00508907	0.0137704	0.999892	0.978039	0.978109	0.0301969	0.0511205	9.26153e-05	7.61366e-05	
1.32e-09	42	-0.00870443	0.0259515	0.999625	0.977219	0.977036	0.0635464	0.0908819	0.000109183	9.51444e-05	
1.38e-09	44	0.019962	-0.00159372	0.999799	0.97659	0.975911	0.0569363	0.058627	0.000109571	0.000114372	
1.44e-09	46	-0.0159031	-0.0126587	0.999793	0.974629	0.974886	0.0594131	0.101371	0.000125593	0.000104706	
1.5e-09	48	0.0103043	-0.0128251	0.999865	0.974142	0.97386	0.041898	0.0343473	6.76945e-05	6.40477e-05	
1.56e-09	50	-0.0037261	-0.00812065	0.99996	0.973044	0.972493	0.052885	0.0406514	0.000137353	0.00012793	
1.62e-09	52	0.00703442	-0.0131938	0.999888	0.971024	0.971531	0.0163051	0.0345171	0.000120525	0.00011044	
1.68e-09	54	-0.00473809	0.00751307	0.999961	0.969903	0.970443	0.0326091	0.0870107	0.000124709	0.000103658	
1.74e-09	56	0.00273758	0.00293976	0.999992	0.968792	0.969212	0.065696	0.111449	0.000128829	0.000121237	
1.8e-09	58	-0.0140848	0.0177811	0.999743	0.967805	0.96815	0.0598073	0.0718292	0.00012961	9.4082e-05	
1.86e-09	60	0.0137606	-0.0157534	0.999781	0.968082	0.967242	0.0527754	0.0705888	0.000182105	0.000145582	
1.92e-09	62	0.0315079	-0.0129129	0.99942	0.965109	0.965949	0.0780427	0.0397736	0.000193487	0.000157993	
1.98e-09	64	0.00516142	0.0299647	0.999538	0.9635	0.964805	0.0425209	0.0842554	0.000190875	0.000150001	
2.04e-09	66	0.00588138	-0.00526186	0.999969	0.963825	0.963561	0.0916699	0.0636568	0.000225977	0.000143078	
2.1e-09	68	-0.0117645	-0.021476	0.9997	0.962705	0.96232	0.0567967	0.0546069	0.000206723	0.00017248	
2.16e-09	70	0.00724901	0.00336968	0.999968	0.961409	0.96106	0.0494307	0.0426381	0.000145125	0.000132103	
2.22e-09	72	0.0219814	-0.031441	0.999264	0.960194	0.960348	0.0358133	0.0529569	0.000166592	0.000146033	
2.28e-09	74	0.0079982	0.016368	0.999834	0.957975	0.958452	0.0413467	0.0477042	0.000157889	0.000152571	
2.34e-09	76	-0.0117547	-0.0175139	0.999778	0.957948	0.957583	0.0590895	0.0699791	0.000135807	9.16725e-05	
2.4e-09	78	-0.0084079	-0.0167407	0.999825	0.956694	0.956832	0.0494283	0.0947191	0.000229801	0.000229836	
2.46e-09	80	0.0607956	-0.0215652	0.997917	0.955427	0.955544	0.057229	0.0576787	0.000291522	0.000259361	
2.52e-09	82	-0.00579656	0.0200415	0.999782	0.953221	0.954446	0.0662228	0.0604987	0.000264124	0.000237081	
2.58e-09	84	0.00509263	0.00432628	0.999978	0.95233	0.953226	0.0530103	0.0566724	0.000305753	0.000257574	
2.64e-09	86	-0.0359073	0.00836901	0.99932	0.952981	0.952048	0.057778	0.0653113	0.00012794	0.000146904	
2.7e-09	88	-0.016003	-0.00249375	0.999869	0.949042	0.950982	0.0363579	0.0429636	0.000278564	0.000266967	
2.76e-09	90	-0.0120302	-0.00959594	0.999882	0.949426	0.950254	0.0714514	0.0871701	0.000172189	0.000130805	
2.82e-09	92	-0.0180318	-0.00496156	0.999825	0.949915	0.948775	0.0635598	0.0672467	0.000301402	0.000280596	
2.88e-09	94	0.0143081	-0.0224285	0.999646	0.947317	0.947488	0.0605221	0.051562	0.000207246	0.000184846	
2.94e-09	96	0.0189861	0.0118776	0.999749	0.946198	0.946465	0.031271	0.0298628	0.000199832	0.000183318	
3e-09	98	0.0133077	-0.0320916	0.999396	0.944936	0.945406	0.0634631	0.0758536	0.000209927	0.000179052	
3.06e-09	100	0.0182342	0.0258232	0.9995	0.942118	0.943837	0.0456878	0.0398222	0.000269683	0.000251224	
3.12e-09	102	-0.0589859	-0.0459765	0.997199	0.941609	0.942611	0.0896555	0.0584528	0.000326314	0.000236364	
3.18e-09	104	0.0116231	0.0106311	0.999876	0.939894	0.941463	0.052699	0.0269594	0.000253564	0.000226122	
3.24e-09	106	0.0356567	-0.0303525	0.998903	0.942753	0.940556	0.0779069	0.0688213	0.000255487	0.00024705	
3.3e-09	108	0.0235653	0.0139538	0.999625	0.939481	0.938711	0.028304	0.0459887	0.00040373	0.00040494	
3.36e-09	110	-0.00694072	-0.00316233	0.999971	0.94072	0.938355	0.0461796	0.0396773	0.000252583	0.000231177	
3.42e-09	112	-0.0194328	-0.0116214	0.999744	0.936561	0.936844	0.0792776	0.0392062	0.000134682	0.000115116	
3.48e-09	114	-0.00156271	-0.0335373	0.999436	0.936769	0.935784	0.0466163	0.0507349	0.000219874	0.000225134	
3.54e-09	116	0.00768132	0.0440466	0.999	0.933007	0.934317	0.0433065	0.0656666	0.000423656	0.000393966	
3.6e-09	118	-0.00645446	0.0821673	0.996598	0.934242	0.932975	0.0727533	0.0645058	0.000244947	0.000299354	
3.66e-09	120	0.0388379	0.0359276	0.998599	0.929694	0.931747	0.0498914	0.102476	0.000362899	0.000320756	
3.72e-09	122	0.0390179	-0.0134131	0.999148	0.93132	0.930424	0.0686877	0.0487429	0.000283493	0.00027211	
3.78e-09	124	0.00496526	-0.00837641	0.999953	0.928825	0.92923	0.0531686	0.055394	0.000559405	0.000537284	
3.84e-09	126	0.034818	0.0322892	0.998872	0.928447	0.928274	0.0738878	0.0959711	0.000336509	0.000265701	
3.9e-09	128	0.00663841	0.0100374	0.999928	0.925249	0.927189	0.0604638	0.0818548	0.00040352	0.000373542	
3.96e-09	130	-0.0208453	0.00971332	0.999736	0.925456	0.926356	0.074822	0.0427729	0.000592163	0.000582832	
4.02e-09	132	-0.0389121	0.00491736	0.999231	0.92351	0.924695	0.0730339	0.0517464	0.000638263	0.00051315	
4.08e-09	134	0.0321803	-0.0240742	0.999192	0.923586	0.924269	0.0348712	0.0365625	0.000304761	0.000283775	
4.14e-09	136	-0.0247699	-0.0176562	0.999537	0.923406	0.922595	0.040401	0.063746	0.000414533	0.000307736	
4.2e-09	138	-0.00618939	-0.00565065	0.999965	0.918577	0.921607	0.0843108	0.0583195	0.000454157	0.000403917	
4.26e-09	140	-0.00729687	0.0448665	0.998966	0.923194	0.920653	0.0537908	0.0924762	0.000358388	0.000297793	
4.32e-09	142	0.00617612	0.00593211	0.999963	0.918385	0.918529	0.047359	0.0311307	0.00057211	0.000540738	
4.38e-09	144	-0.0228813	0.00110806	0.999738	0.915056	0.916992	0.062129	0.0482875	0.00050488	0.000478824	
4.44e-09	146	0.0321816	0.0256381	0.999153	0.913907	0.91602	0.0594353	0.0554259	0.000345961	0.000286488	
4.5e-09	148	-0.0443753	0.0110619	0.998954	0.916337	0.915068	0.0519914	0.0549768	0.000502555	0.000369961	
4.56e-09	150	-0.0414333	0.0252507	0.998822	0.911219	0.913742	0.0828195	0.0451486	0.000701594	0.000572037	
4.62e-09	152	-0.0131747	0.0442646	0.998933	0.911236	0.912327	0.0926915	0.048574	0.000305861	0.000223371	
4.68e-09	154	-0.0105001	0.021188	0.99972	0.911077	0.910847	0.054916	0.0663746	0.000362418	0.000337314	
4.74e-09	156	-0.00230086	-0.0213024	0.99977	0.90794	0.910696	0.0739439	0.0668878	0.000781939	0.000631231	
4.8e-09	158	-0.00514091	-0.0466883	0.998896	0.90681	0.909104	0.0657393	0.0310252	0.000297663	0.000216827	
4.86e-09	160	-0.0612248	0.0105987	0.998068	0.905598	0.907701	0.0613139	0.0291486	0.000378061	0.000347641	
4.92e-09	162	7.1365e-05	0.0134635	0.999909	0.905768	0.906109	0.0886871	0.0756497	0.000506454	0.000526182	
4.98e-09	164	0.00395827	-0.0127107	0.999911	0.901437	0.904515	0.0526258	0.0415275	0.000664686	0.000518514	
5.04e-09	166	0.0180217	0.0320075	0.999325	0.906343	0.904021	0.0663879	0.0963071	0.000483992	0.000400766	
5.1e-09	168	-0.000731869	0.0279661	0.999609	0.903204	0.902538	0.0608158	0.0583419	0.000312564	0.000275722	
5.16e-09	170	-0.0106977	-0.00134923	0.999942	0.901863	0.901365	0.046724	0.0499687	0.000557002	0.000501924	
5.22e-09	172	0.00977288	0.0367886	0.999275	0.898384	0.900357	0.0516764	0.0398877	0.000527704	0.00045121	
5.28e-09	174	-0.00266821	0.0272841	0.999624	0.897967	0.898781	0.0592141	0.0598345	0.000526781	0.000491033	
5.34e-09	176	-0.0430718	-0.0317632	0.998567	0.898777	0.897834	0.0940951	0.0542653	0.000455762	0.000310493	
5.4e-09	178	-0.0274203	0.00260968	0.999621	0.892814	0.89607	0.0822825	0.0459551	0.000621304	0.000564778	
5.46e-09	180	0.000876262	0.0201334	0.999797	0.897919	0.89582	0.0361302	0.0599298	0.000500491	0.000467076	
5.52e-09	182	-0.0001717	0.0033703	0.999994	0.893138	0.89317	0.0356613	0.0524392	0.000544296	0.0005635	
5.58e-09	184	0.00619646	-0.0108318	0.999922	0.895866	0.892965	0.0674568	0.0400007	0.000489256	0.00055584	
5.64e-09	186	0.0410213	0.0119033	0.999087	0.893612	0.89043	0.0442815	0.0513006	0.000603654	0.000619038	
5.7e-09	188	-0.0514538	0.0158601	0.998549	0.88876	0.889832	0.0804617	0.0663197	0.000410417	0.000306248	
5.76e-09	190	-0.0101193	0.029337	0.999518	0.885912	0.888973	0.0748185	0.0397247	0.000466909	0.000455406	
5.82e-09	192	-0.0115933	0.0107365	0.999875	0.892242	0.886821	0.071915	0.0741525	0.000833674	0.000736935	
5.88e-09	194	-0.0103134	-0.0113051	0.999883	0.887632	0.886501	0.0432716	0.0568938	0.000490894	0.000421743	
5.94e-09	196	-0.0390064	0.0535449	0.997803	0.886193	0.88506	0.0642088	0.106598	0.000590375	0.000516068	
6e-09	198	-0.0201066	0.00678697	0.999775	0.883798	0.883512	0.105452	0.0441876	0.000748908	0.000547547	
6.06e-09	200	-0.0422847	-0.00834327	0.999071	0.881365	0.881581	0.0405774	0.0673947	0.000891257	0.000959585	
6.12e-09	202	-0.0115828	0.0342925	0.999345	0.88272	0.880239	0.0766662	0.0661157	0.00123669	0.00102993	
6.18e-09	204	0.0315848	0.0665791	0.997281	0.880455	0.879651	0.0824766	0.031438	0.000713798	0.000576279	
6.24e-09	206	-0.00694143	-0.0147832	0.999867	0.875266	0.877633	0.0437183	0.0565274	0.000659835	0.000733125	
6.3e-09	208	0.0194578	-0.0683997	0.997468	0.881288	0.876897	0.0525878	0.0677685	0.000659469	0.000531734	
6.36e-09	210	0.0404087	0.0443707	0.998198	0.876123	0.875588	0.0904124	0.0717464	0.000556339	0.000475198	
6.42e-09	212	0.00628443	-0.0391086	0.999215	0.871617	0.873362	0.0755353	0.0823363	0.000501817	0.000481333	
6.48e-09	214	0.0393633	-0.0194126	0.999036	0.871855	0.87284	0.0740626	0.0591941	0.000559267	0.000533075	
6.54e-09	216	-0.0145526	-0.0214488	0.999664	0.872315	0.870586	0.0407846	0.0346895	0.000966853	0.000995976	
6.6e-09	218	0.0381713	0.0504067	0.997999	0.867221	0.868585	0.0438459	0.0462614	0.000832037	0.000760749	
6.66e-09	220	-0.0149379	-0.0227906	0.999629	0.868954	0.868812	0.0541354	0.064246	0.000779105	0.000773231	
6.72e-09	222	0.0333964	-0.00303245	0.999438	0.867934	0.868032	0.0628427	0.0247113	0.000669438	0.000724996	
6.78e-09	224	-0.0315035	-0.0356353	0.998868	0.860536	0.865128	0.041974	0.104457	0.00095583	0.000784758	
6.84e-09	226	-0.0612855	0.0282155	0.997721	0.861663	0.864541	0.0554568	0.109594	0.00101841	0.000922901	
6.9e-09	228	0.0275612	0.0245547	0.999318	0.863601	0.862811	0.0705613	0.0700005	0.000722572	0.000650856	
6.96e-09	230	0.0477063	0.0381521	0.998133	0.864319	0.861539	0.0531631	0.0539897	0.000664674	0.000510345	
7.02e-09	232	0.0731141	0.0142541	0.997222	0.858804	0.859499	0.0766791	0.0342028	0.000493579	0.000446569	
7.08e-09	234	-0.0243394	-0.0445861	0.998709	0.855599	0.859796	0.0837169	0.0282137	0.00102316	0.000965872	
7.14e-09	236	-0.0868014	0.0124901	0.996147	0.856867	0.857352	0.0915851	0.0666701	0.0011834	0.000962482	
7.2e-09	238	0.0295501	-0.0222502	0.999316	0.860735	0.856303	0.0607713	0.0538246	0.000567927	0.000441449	
7.26e-09	240	-0.0101574	-0.0548222	0.998444	0.85974	0.85494	0.0430321	0.0628636	0.000679339	0.000739322	
7.32e-09	242	0.0404877	-0.0203548	0.998973	0.858093	0.853935	0.0939841	0.0406745	0.000954192	0.000756258	
7.38e-09	244	-0.0388923	0.0441026	0.99827	0.852546	0.852629	0.0650338	0.0870235	0.00092602	0.000719886	
7.44e-09	246	-0.0290487	0.0494604	0.998354	0.848908	0.851877	0.0371023	0.0531504	0.000595063	0.000521847	
7.5e-09	248	0.000986922	0.0314618	0.999504	0.853617	0.849463	0.0586148	0.0536027	0.000698093	0.00061401	
7.56e-09	250	-0.0823841	-0.0908836	0.992448	0.848841	0.848536	0.0621929	0.0642541	0.00115945	0.00105933	
7.62e-09	252	0.0203747	-0.0204006	0.999584	0.842797	0.846863	0.0411366	0.0554198	0.000706339	0.00055166	
7.68e-09	254	-0.0222217	-0.0158789	0.999627	0.847416	0.845976	0.0556062	0.0642674	0.000644011	0.000703706	
7.74e-09	256	0.00332199	-0.0794174	0.996836	0.835358	0.843598	0.0729898	0.0815284	0.0011641	0.000845454	
7.8e-09	258	-0.0245143	0.058293	0.997998	0.845178	0.841844	0.0453982	0.0810595	0.00104177	0.00101817	
7.86e-09	260	0.00437974	-0.0106789	0.999933	0.841509	0.840481	0.0701345	0.0640758	0.000956102	0.000922034	
7.92e-09	262	-0.0258966	-0.00974149	0.999617	0.837186	0.839481	0.054704	0.0526605	0.00139727	0.00130058	
7.98e-09	264	-0.076183	-0.0598029	0.995299	0.841762	0.838362	0.0663732	0.0662704	0.000675177	0.000731007	
8.04e-09	266	0.0444573	0.032559	0.998481	0.842746	0.837435	0.0414944	0.0471967	0.00102285	0.000941892	
8.1e-09	268	0.0333679	-0.0164206	0.999308	0.831391	0.835023	0.0239656	0.0849171	0.000984426	0.000974078	
8.16e-09	270	0.00645869	-0.0818867	0.996621	0.829609	0.833687	0.0558612	0.0564588	0.000513991	0.000450567	
8.22e-09	272	0.00597592	0.00270843	0.999978	0.82468	0.832033	0.0610822	0.06704	0.00163722	0.00148947	
8.28e-09	274	-0.0385167	-0.0239101	0.998972	0.829874	0.830579	0.0608355	0.0777426	0.000858963	0.000884074	
8.34e-09	276	0.00452262	-0.071724	0.997414	0.825439	0.829509	0.108447	0.0548661	0.00114955	0.00112536	
8.4e-09	278	0.0429268	-0.019871	0.998881	0.831811	0.827683	0.113275	0.0510394	0.000725097	0.000670235	
8.46e-09	280	0.0795844	-0.00522673	0.996814	0.81959	0.826618	0.0781729	0.0638254	0.0012221	0.000953138	
8.52e-09	282	0.0629935	-0.0136149	0.997921	0.832099	0.824824	0.0560567	0.0566149	0.00127005	0.00115191	
8.58e-09	284	-0.00265218	0.00404018	0.999988	0.821814	0.823952	0.0427451	0.0830977	0.00111844	0.000861397	
8.64e-09	286	-0.0105782	0.0237359	0.999662	0.822286	0.823418	0.0409206	0.05209	0.00074562	0.00070758	
8.7e-09	288	0.0157115	-0.011713	0.999808	0.816608	0.820375	0.0509929	0.0485061	0.000869376	0.00076665	
8.76e-09	290	-0.0157303	0.0130377	0.999791	0.824026	0.818576	0.0571099	0.0640525	0.00142708	0.00115036	
8.82e-09	292	0.0582434	0.0247013	0.997997	0.826526	0.818954	0.10919	0.0420562	0.00180692	0.0013337	
8.88e-09	294	-0.041587	-0.20628	0.977609	0.81165	0.816163	0.0523008	0.102935	0.00184997	0.00115931	
8.94e-09	296	-0.0550507	-0.00341671	0.998478	0.820362	0.816232	0.0574863	0.0376571	0.00130422	0.00127657	
9e-09	298	0.0421208	0.0652472	0.99698	0.813867	0.813611	0.0555321	0.080933	0.00109942	0.000819492	
9.06e-09	300	0.0299037	0.0336776	0.998985	0.812428	0.811958	0.144882	0.0456926	0.00113011	0.000844946	
9.12e-09	302	-0.0043354	-0.0266339	0.999636	0.805584	0.811239	0.0776901	0.0515289	0.000986791	0.00085088	
9.18e-09	304	0.0174939	-0.01746	0.999695	0.807125	0.808361	0.0537009	0.0663062	0.00119879	0.000764381	
9.24e-09	306	0.00423615	-0.0145064	0.999886	0.81202	0.806552	0.0911714	0.0408039	0.00119612	0.00118086	
9.3e-09	308	-0.063977	0.0764594	0.995018	0.799112	0.805192	0.0513995	0.063971	0.00204518	0.00129388	
9.36e-09	310	-0.0411714	0.0143472	0.999049	0.800409	0.80286	0.0744362	0.0602381	0.00118001	0.00114271	
9.42e-09	312	0.036579	-0.0110096	0.99927	0.805482	0.803374	0.0402157	0.0673822	0.00076252	0.000709151	
9.48e-09	314	-0.0463866	-0.00113537	0.998923	0.801436	0.802109	0.0665349	0.0578047	0.00115139	0.00120962	
9.54e-09	316	-0.0167414	0.0657261	0.997697	0.795915	0.799707	0.0459151	0.0598647	0.0027997	0.00241001	
9.6e-09	318	0.0186626	0.0579637	0.998144	0.796058	0.797664	0.0457078	0.0586816	0.00146516	0.001544	
9.66e-09	320	0.0127896	-0.0288834	0.999501	0.795351	0.798045	0.0376116	0.0658835	0.000774694	0.000864641	
9.72e-09	322	-0.0372959	-0.0727087	0.996656	0.796462	0.794206	0.0808821	0.0654437	0.00190229	0.00132261	
9.78e-09	324	-0.00841131	-0.0205687	0.999753	0.792658	0.7939	0.0469379	0.0637449	0.00102575	0.00108537	
9.84e-09	326	-0.0203789	-0.0233739	0.999519	0.798871	0.79245	0.0584678	0.0557729	0.00106132	0.00104026	
9.9e-09	328	-0.0599363	-0.0606384	0.996359	0.792256	0.790153	0.0654695	0.0935988	0.00134475	0.001031	
9.96e-09	330	0.0283264	0.0581421	0.997906	0.786117	0.78773	0.0519452	0.0757789	0.00100682	0.00116944	
1.002e-08	332	-0.00582179	-0.0235051	0.999707	0.788079	0.787254	0.0512943	0.055506	0.00108451	0.000961756	
1.008e-08	334	0.0227949	0.0160575	0.999611	0.784655	0.784492	0.08845	0.0611559	0.0012087	0.00100629	
1.014e-08	336	0.0236332	0.0420614	0.998835	0.769836	0.784153	0.0664857	0.086365	0.00182067	0.00143556	
1.02e-08	338	0.0246666	0.0937633	0.995289	0.78622	0.78224	0.0811362	0.059862	0.00203728	0.00150665	
1.026e-08	340	0.0554785	-0.0653246	0.996321	0.784118	0.780183	0.0645655	0.0827427	0.00209892	0.00153687	
1.032e-08	342	0.0180191	-0.00470167	0.999827	0.786075	0.780456	0.118275	0.0712134	0.00129323	0.000812831	
1.038e-08	344	0.0322953	0.0714299	0.996923	0.78436	0.776422	0.106227	0.0719436	0.00159047	0.00120367	
1.044e-08	346	0.0184478	-0.0308073	0.999355	0.770327	0.775407	0.0782444	0.0656095	0.00256485	0.00186665	
1.05e-08	348	-0.00220417	-0.0271342	0.999629	0.773814	0.774196	0.0520633	0.0597644	0.00183635	0.00163969	
1.056e-08	350	0.039781	0.0860688	0.995495	0.772729	0.773309	0.0427778	0.0626305	0.00177848	0.00181148	
1.062e-08	352	0.00359177	-0.00547517	0.999979	0.765336	0.769534	0.0720175	0.0700007	0.00156272	0.00146157	
1.068e-08	354	-0.0785515	0.0871449	0.993094	0.766394	0.768702	0.112548	0.069524	0.00185102	0.00169833	
1.074e-08	356	0.041624	-0.0395697	0.998349	0.761802	0.767261	0.062845	0.0472824	0.00113836	0.00116444	
1.08e-08	358	0.0310989	0.0478938	0.998368	0.775213	0.765744	0.103339	0.0859695	0.00246721	0.00213806	
1.086e-08	360	0.00679619	0.00642454	0.999956	0.765269	0.764304	0.0607059	0.0779408	0.00161088	0.00135446	
1.092e-08	362	-0.0396628	-0.079211	0.996069	0.760377	0.763011	0.09321	0.0585135	0.00142554	0.00109768	
1.098e-08	364	-0.0281203	-0.00285864	0.9996	0.766277	0.761424	0.0761998	0.0809225	0.00218764	0.00176576	
1.104e-08	366	0.0547838	-0.181584	0.981848	0.765835	0.760261	0.0667228	0.15618	0.00311671	0.00197273	
1.11e-08	368	0.0679911	0.00762464	0.997657	0.755028	0.756133	0.0543222	0.064381	0.00154287	0.00127156	
1.116e-08	370	-0.038223	-0.000570277	0.999269	0.747793	0.755534	0.1138	0.0738122	0.00126368	0.00115144	
1.122e-08	372	-0.0892798	-0.100571	0.990916	0.752478	0.752127	0.0659604	0.0993555	0.0022475	0.00223362	
1.128e-08	374	-0.0229238	0.0729249	0.997074	0.757736	0.752166	0.121172	0.0710744	0.00199223	0.00164449	
1.134e-08	376	-0.00760921	-0.0391727	0.999203	0.742069	0.748786	0.0580051	0.0932925	0.00332885	0.00238694	
1.14e-08	378	-0.0133949	-0.0673495	0.99764	0.754178	0.748625	0.0564881	0.0831794	0.00189941	0.00140936	
1.146e-08	380	-0.0291705	0.0504044	0.998303	0.757454	0.745265	0.134927	0.0721764	0.00300528	0.00215204	
1.152e-08	382	0.00536467	0.0539722	0.998528	0.756127	0.74498	0.0396372	0.0446571	0.00178859	0.00169354	
1.158e-08	384	-0.0575288	0.0293648	0.997912	0.742128	0.74075	0.0531417	0.062427	0.00170965	0.00162315	
1.164e-08	386	0.104665	0.0174852	0.994354	0.736891	0.741624	0.0892681	0.0609636	0.00154504	0.00142351	
1.17e-08	388	0.0995088	0.0823837	0.99162	0.7431	0.73887	0.0905858	0.0760787	0.00183999	0.00140376	
1.176e-08	390	0.101518	0.0322473	0.994311	0.737352	0.735097	0.0676335	0.0672504	0.00209691	0.00200718	
1.182e-08	392	-0.0311175	0.0357409	0.998877	0.724013	0.736023	0.0667095	0.0569543	0.00280292	0.00251107	
1.188e-08	394	0.0640035	-0.0749636	0.99513	0.741476	0.732557	0.0516423	0.0706549	0.00190271	0.00187904	
1.194e-08	396	-0.0506609	-0.0385466	0.997972	0.728965	0.730149	0.0608808	0.0845892	0.00288432	0.00261488	
1.2e-08	398	-0.0313354	-0.00711634	0.999484	0.731673	0.728531	0.080173	0.0717079	0.00187669	0.00181487	
1.206e-08	400	0.000714638	-0.0250395	0.999686	0.721966	0.728553	0.0656258	0.0819069	0.0018227	0.00169466	
1.212e-08	402	-0.00515702	0.0680534	0.997668	0.731523	0.727291	0.0497141	0.0606352	0.00162538	0.00146382	
1.218e-08	404	0.0211466	0.0752078	0.996944	0.715323	0.72433	0.0623769	0.0686307	0.00296001	0.00269343	
1.224e-08	406	0.0744494	-0.0107074	0.997167	0.727171	0.724757	0.065609	0.131323	0.00204634	0.0018621	
1.23e-08	408	0.0619609	0.0839053	0.994545	0.709653	0.722436	0.0650098	0.0725757	0.00228765	0.00182968	
1.236e-08	410	0.00248455	-0.0558326	0.998437	0.708421	0.720758	0.0628118	0.0702588	0.00218004	0.00216107	
1.242e-08	412	0.0468084	0.0410893	0.998058	0.725964	0.719059	0.0673679	0.0894356	0.00138869	0.00154269	
1.248e-08	414	-0.0390172	-0.0682933	0.996902	0.70396	0.714056	0.0493698	0.0464056	0.00325965	0.00322245	
1.254e-08	416	0.0354018	-0.0250856	0.999058	0.7077	0.713969	0.0418405	0.0345111	0.00185156	0.00169703	
1.26e-08	418	-0.0456716	0.0151979	0.998841	0.710925	0.707492	0.0734365	0.0753368	0.00250481	0.00188779	
1.266e-08	420	0.0269067	-0.0278667	0.999249	0.699246	0.70943	0.0599738	0.0511185	0.000989911	0.00106838	
1.272e-08	422	-0.0469103	-0.0266478	0.998544	0.7253	0.707753	0.0660192	0.0721529	0.00212455	0.00167006	
1.278e-08	424	-0.00312561	0.0282145	0.999597	0.704981	0.707746	0.0455552	0.066776	0.0021865	0.0022693	
1.284e-08	426	0.022628	0.0449149	0.998735	0.706842	0.70262	0.0520449	0.0957981	0.00221118	0.00140155	
1.29e-08	428	0.0572478	0.0291958	0.997933	0.704985	0.702835	0.0628142	0.051172	0.00195401	0.00184661	
1.296e-08	430	0.0526058	0.0772498	0.995623	0.699615	0.698814	0.068819	0.0690797	0.00252275	0.00235513	
1.302e-08	432	-0.036102	-0.0478456	0.998202	0.694778	0.694589	0.107524	0.116843	0.00341102	0.00233224	
1.308e-08	434	-0.137231	0.0369351	0.98985	0.699232	0.694961	0.0589125	0.0763513	0.00256825	0.00236145	
1.314e-08	436	-0.025437	-0.00215259	0.999674	0.684771	0.691729	0.0842412	0.0669652	0.00402594	0.00318143	
1.32e-08	438	0.0115327	0.0662168	0.997739	0.69725	0.6917	0.0715416	0.0716167	0.00200775	0.00164784	
1.326e-08	440	0.0328912	-0.00304461	0.999454	0.695961	0.688788	0.0896771	0.081438	0.00369203	0.00273492	
1.332e-08	442	0.0618469	0.00183944	0.998084	0.672078	0.6854	0.0801323	0.0429634	0.00357149	0.00270823	
1.338e-08	444	-0.0767162	0.140542	0.987098	0.699143	0.686462	0.137585	0.0768581	0.00418047	0.00359496	
1.344e-08	446	0.0231163	0.119989	0.992506	0.686418	0.680799	0.100962	0.0905793	0.0026711	0.00196116	
1.35e-08	448	0.0338822	-0.0142931	0.999324	0.678146	0.679235	0.0679067	0.0657142	0.00225192	0.00194544	
1.356e-08	450	-0.0336252	-0.0705507	0.996941	0.678821	0.679516	0.0481791	0.0865812	0.00186685	0.00161919	
1.362e-08	452	-0.0341077	0.0162768	0.999286	0.678489	0.674518	0.102228	0.0360477	0.00182139	0.00187064	
1.368e-08	454	0.0563268	-0.0654064	0.996268	0.68269	0.674429	0.0816673	0.089906	0.00470151	0.00464455	
1.374e-08	456	0.0454683	-0.072941	0.996299	0.669356	0.670824	0.0605944	0.0635653	0.00277276	0.00268898	
1.38e-08	458	0.0165352	-0.0248323	0.999555	0.667953	0.669794	0.069909	0.070018	0.00278005	0.00216643	
1.386e-08	460	0.0917879	-0.0375504	0.99507	0.664334	0.667292	0.0917954	0.0356489	0.00371915	0.00339191	
1.392e-08	462	-0.138875	0.0674879	0.988008	0.677402	0.665494	0.0692504	0.06048	0.00362144	0.00322503	
1.398e-08	464	0.0418803	0.0385153	0.99838	0.661208	0.661591	0.0902574	0.0612624	0.00324631	0.00303432	
1.404e-08	466	-0.0458384	0.0319075	0.998439	0.647251	0.659629	0.0983688	0.0519337	0.00340651	0.00260122	
1.41e-08	468	-0.127382	-0.0685908	0.989479	0.658648	0.659152	0.0931928	0.0677914	0.00260403	0.00188589	
1.416e-08	470	0.0573312	-0.0722653	0.995736	0.659152	0.654447	0.0854635	0.0791561	0.00231231	0.00249183	
1.422e-08	472	-0.0690086	-0.0397991	0.996822	0.665063	0.657218	0.0817604	0.0803953	0.00361322	0.00338386	
1.428e-08	474	0.0578538	-0.0288236	0.997909	0.661421	0.648985	0.0538397	0.0865802	0.00381486	0.00297806	
1.434e-08	476	0.00170371	0.0401993	0.99919	0.652323	0.6487	0.056676	0.0444292	0.00363751	0.00332458	
1.44e-08	478	0.108954	-0.0821637	0.990645	0.646321	0.643413	0.0858886	0.0784934	0.00336791	0.00366084	
1.446e-08	480	-0.00122804	-0.0718384	0.997416	0.650556	0.643857	0.0918237	0.0419169	0.00548924	0.00400141	
1.452e-08	482	0.0403816	0.0713357	0.996635	0.638642	0.641111	0.0543113	0.0602679	0.00403875	0.00379081	
1.458e-08	484	-0.0500689	-0.0346279	0.998145	0.640823	0.639616	0.0788309	0.115983	0.00435964	0.00411352	
1.464e-08	486	0.0347496	0.0577224	0.997728	0.623597	0.637584	0.0581196	0.0975998	0.00351255	0.00337738	
1.47e-08	488	0.0481965	0.0240684	0.998548	0.648917	0.633186	0.074509	0.0851234	0.00355317	0.00307552	
1.476e-08	490	0.0243048	-0.0986044	0.99483	0.637663	0.63412	0.0753977	0.0832079	0.0035668	0.00308068	
1.482e-08	492	-0.0474548	0.0670045	0.996624	0.634567	0.629901	0.103235	0.110424	0.00563503	0.00285885	
1.488e-08	494	-0.0474707	-0.025046	0.998559	0.621418	0.627443	0.0603149	0.0852505	0.00451608	0.00363398	
1.494e-08	496	-0.174473	-0.106479	0.978888	0.627157	0.623885	0.0659295	0.0680219	0.00527246	0.00486262	
1.5e-08	498	0.117285	-0.14944	0.98179	0.616545	0.622518	0.0914645	0.0487107	0.00455813	0.00352632	
1.506e-08	500	0.0629381	0.028963	0.997597	0.615975	0.622559	0.0998445	0.0722051	0.00513159	0.00504556	
1.512e-08	502	0.111957	0.0285933	0.993302	0.617683	0.620602	0.0885187	0.0674391	0.00235577	0.00165358	
1.518e-08	504	-0.181112	-0.0628201	0.981454	0.62251	0.613918	0.0572164	0.0564068	0.0052689	0.00487642	
1.524e-08	506	0.0850007	0.141732	0.986249	0.604923	0.61281	0.0920381	0.0613463	0.00314149	0.00253841	
1.53e-08	508	0.0790744	0.130607	0.988276	0.612739	0.612024	0.0782106	0.0938674	0.00492062	0.00351767	
1.536e-08	510	-0.0556189	0.0354105	0.997824	0.620331	0.606188	0.0534707	0.0676685	0.00601384	0.00531037	
1.542e-08	512	-0.0858265	0.131912	0.987539	0.586653	0.60241	0.0737547	0.113133	0.00511487	0.00494888	
1.548e-08	514	-0.00910024	-0.000848953	0.999958	0.583293	0.593118	0.0872229	0.072671	0.00490852	0.0041785	
1.554e-08	516	0.136173	0.0901713	0.986573	0.584157	0.59992	0.0654566	0.0701291	0.00591899	0.00572406	
1.56e-08	518	0.0597906	-0.098627	0.993327	0.617538	0.598274	0.0451599	0.111893	0.00335018	0.00294685	
1.566e-08	520	0.045725	0.0914138	0.994763	0.563637	0.597453	0.150411	0.10169	0.00594546	0.00459854	
1.572e-08	522	-0.0244535	0.0161962	0.99957	0.585055	0.589056	0.0822908	0.0534199	0.00434016	0.00344406	
1.578e-08	524	-0.200308	0.131176	0.970912	0.577841	0.587248	0.083817	0.0712714	0.00414679	0.00281047	
1.584e-08	526	-0.0571116	0.0418263	0.997491	0.597302	0.588931	0.0824777	0.0623604	0.00437993	0.00459538	
1.59e-08	528	-0.116468	-0.0214949	0.992962	0.58202	0.583258	0.104324	0.0843901	0.0053011	0.00410543	
1.596e-08	530	0.0826513	0.018433	0.996408	0.581594	0.578528	0.0866998	0.084326	0.00610133	0.00499473	
1.602e-08	532	0.0395612	-0.0949746	0.994693	0.564191	0.572492	0.109316	0.0644677	0.00556202	0.00432968	
1.608e-08	534	0.119366	0.0603781	0.991013	0.548867	0.570144	0.0950102	0.0975632	0.0079132	0.0052927	
1.614e-08	536	0.0701368	-0.0567202	0.995924	0.590599	0.572953	0.0704135	0.0630969	0.00536363	0.00577029	
1.62e-08	538	-0.104348	0.014335	0.994438	0.5542	0.567052	0.0544038	0.0684144	0.00596782	0.00481961	
1.626e-08	540	-0.0310738	-0.00282733	0.999513	0.551541	0.563554	0.0910693	0.116779	0.00621159	0.00472008	
1.632e-08	542	0.0106392	0.114024	0.993421	0.569712	0.559806	0.117364	0.101477	0.00593667	0.00423834	
1.638e-08	544	0.048917	-0.117792	0.991833	0.51021	0.55271	0.0790699	0.0908519	0.0141127	0.00927387	
1.644e-08	546	0.178234	-0.117943	0.976894	0.549275	0.556038	0.110122	0.0623886	0.00526007	0.00411832	
1.65e-08	548	-0.137706	-0.033223	0.989916	0.534072	0.550611	0.0671137	0.0899995	0.00757277	0.00456571	
1.656e-08	550	0.200646	0.028327	0.979254	0.550655	0.551282	0.100287	0.0645157	0.00581182	0.00491786	
1.662e-08	552	-0.0973535	-0.0317288	0.994744	0.512451	0.547997	0.0704033	0.0750187	0.00676363	0.00558314	
1.668e-08	554	-0.103861	-0.102043	0.989343	0.55333	0.542145	0.0975611	0.102207	0.00903881	0.00723642	
1.674e-08	556	0.0233308	0.087223	0.995916	0.544003	0.53736	0.0923989	0.0683032	0.00596036	0.00504917	
1.68e-08	558	0.218704	0.165778	0.961606	0.538971	0.540643	0.0620843	0.0820948	0.00968586	0.00784861	
1.686e-08	560	-0.0446892	-0.0146865	0.998893	0.527372	0.531206	0.0990663	0.0840381	0.00439151	0.00379702	
1.692e-08	562	0.0553503	-0.190846	0.980058	0.541783	0.529039	0.0539701	0.0693784	0.0039523	0.0033786	
1.698e-08	564	-0.00411469	0.0438353	0.99903	0.534667	0.528714	0.0592758	0.0944267	0.00599731	0.00502475	
1.704e-08	566	0.128758	0.0876237	0.987797	0.528562	0.522022	0.106086	0.0892182	0.00629441	0.00567298	
1.71e-08	568	-0.157407	-0.0317518	0.987023	0.506272	0.511556	0.133094	0.11606	0.0100461	0.00614624	
1.716e-08	570	0.134855	0.0252245	0.990544	0.545855	0.520431	0.06641	0.11694	0.0067096	0.00637982	
1.722e-08	572	0.165884	-0.00308669	0.98614	0.51141	0.509229	0.0580174	0.087875	0.0108937	0.00858744	
1.728e-08	574	-0.12741	0.0597882	0.990047	0.479141	0.510052	0.0650343	0.0896291	0.00577462	0.00507038	
1.734e-08	576	-0.146588	-0.0961286	0.984516	0.52814	0.500526	0.0728784	0.138688	0.011999	0.00814849	
1.74e-08	578	-0.0493169	-0.051623	0.997448	0.499582	0.499355	0.0540271	0.0638276	0.00736661	0.00738191	
1.746e-08	580	0.0362698	-0.0203837	0.999134	0.508832	0.497271	0.0960591	0.0543916	0.0105126	0.00773282	
1.752e-08	582	-0.215035	-0.0683214	0.974214	0.499853	0.490668	0.0968894	0.105464	0.00984747	0.00520281	
1.758e-08	584	0.0144479	0.0797034	0.996714	0.498665	0.491546	0.095211	0.0722277	0.00634536	0.00515957	
1.764e-08	586	-0.129304	-0.0906476	0.987453	0.504186	0.487526	0.138415	0.0881308	0.00737944	0.00505191	
1.77e-08	588	0.0917248	-0.273904	0.957373	0.483914	0.487188	0.0718836	0.126422	0.0109565	0.00998828	
1.776e-08	590	0.156069	-0.026749	0.987384	0.415899	0.47744	0.113337	0.0961833	0.015924	0.0138946	
1.782e-08	592	-0.0236522	-5.01153e-05	0.99972	0.460065	0.47407	0.067768	0.0759339	0.00846844	0.00658958	
1.788e-08	594	-0.0816811	0.0600384	0.994849	0.480492	0.466127	0.100282	0.0751185	0.015267	0.0105134	
1.794e-08	596	0.00986203	0.0899977	0.995893	0.457374	0.462139	0.101557	0.0744901	0.0183854	0.0158833	
1.8e-08	598	0.0212064	-0.0478842	0.998628	0.470002	0.45601	0.0618545	0.0945919	0.010833	0.0109522	
1.806e-08	600	-0.0875057	0.246876	0.965088	0.427523	0.456029	0.0789795	0.0956188	0.0106764	0.00942785	
1.812e-08	602	-0.0777555	0.103763	0.991558	0.432646	0.45781	0.134235	0.0756635	0.0125468	0.0069545	
1.818e-08	604	0.0987324	0.105011	0.989558	0.442486	0.448585	0.110369	0.0600597	0.0104308	0.00896826	
1.824e-08	606	-0.0722009	-0.0749306	0.994571	0.445315	0.446939	0.0982113	0.0752658	0.00852985	0.00590815	
1.83e-08	608	-0.0619213	0.000642104	0.998081	0.436435	0.444333	0.107761	0.0796275	0.00786264	0.00589246	
1.836e-08	610	-0.0447025	0.0113481	0.998936	0.400731	0.434075	0.0741727	0.0527982	0.0192251	0.0195735	
1.842e-08	612	0.099314	0.183154	0.978055	0.478601	0.433823	0.113876	0.0841527	0.0128877	0.0112427	
1.848e-08	614	-0.160602	0.0616074	0.985095	0.44174	0.421965	0.111805	0.0972749	0.00883632	0.00791371	
1.854e-08	616	0.0841852	-0.117209	0.989533	0.405505	0.414428	0.088944	0.079625	0.0152462	0.0121888	
1.86e-08	618	-0.0413764	0.121792	0.991693	0.479835	0.41949	0.159332	0.0910194	0.0228073	0.0153197	
1.866e-08	620	0.263839	0.0426257	0.963624	0.433166	0.410926	0.0796998	0.0433145	0.0161797	0.0139222	
1.872e-08	622	-0.176785	0.0628296	0.982242	0.371076	0.403127	0.0807008	0.0721491	0.0153828	0.01233	
1.878e-08	624	0.0802306	0.0883049	0.992857	0.390896	0.393598	0.068927	0.0643828	0.0160126	0.0124433	
1.884e-08	626	0.0236571	-0.175908	0.984122	0.399193	0.398422	0.0535069	0.10191	0.0115324	0.00821408	
1.89e-08	628	0.122224	-0.170789	0.977698	0.417294	0.388197	0.062953	0.0594582	0.0148244	0.0136659	
1.896e-08	630	0.279426	-0.0277079	0.959767	0.355883	0.392234	0.0413448	0.064316	0.010706	0.00944766	
1.902e-08	632	0.158123	-0.223711	0.961744	0.353715	0.378987	0.101367	0.108232	0.0162074	0.0153159	
1.908e-08	634	0.00356499	-0.170082	0.985423	0.380171	0.379035	0.15183	0.108922	0.0257551	0.0102997	
1.914e-08	636	0.378025	-0.281916	0.881828	0.37371	0.376104	0.11574	0.140134	0.0205993	0.0098352	
1.92e-08	638	-0.0080941	-0.148471	0.988884	0.40351	0.366497	0.0649774	0.114723	0.0237462	0.00977185	
1.926e-08	640	0.0496267	0.201348	0.978262	0.326684	0.359858	0.0806972	0.104589	0.0178108	0.0157975	
1.932e-08	642	0.383993	-0.207262	0.899773	0.387063	0.356665	0.184112	0.114079	0.0211662	0.0163116	
1.938e-08	644	0.450425	-0.0695565	0.890101	0.320606	0.349929	0.134792	0.0478495	0.020201	0.0135571	
1.944e-08	646	0.147329	-0.00451363	0.989077	0.359458	0.338303	0.0726539	0.101392	0.0211282	0.01213	
1.95e-08	648	-0.233797	-0.209101	0.949535	0.374735	0.340698	0.0987657	0.117068	0.015994	0.0145513	
1.956e-08	650	-0.181183	0.303223	0.935537	0.354677	0.335197	0.147828	0.118986	0.0352089	0.0188218	
1.962e-08	652	-0.0318242	-0.176195	0.983841	0.369029	0.325759	0.0803197	0.0810505	0.0308949	0.0240424	
1.968e-08	654	0.024918	-0.379635	0.924801	0.308934	0.313808	0.0795001	0.152077	0.0226804	0.0166828	
1.974e-08	656	-0.196605	-0.248067	0.948583	0.242385	0.304243	0.10483	0.0779377	0.0231397	0.015907	
1.98e-08	658	-0.00153049	-0.165524	0.986205	0.337584	0.310785	0.0819445	0.144831	0.0313585	0.0226044	
1.986e-08	660	-0.189578	-0.0861981	0.978075	0.326592	0.308402	0.119514	0.126087	0.0424895	0.0180877	
1.992e-08	662	-0.235429	0.406102	0.88298	0.278335	0.289001	0.138168	0.108738	0.0433276	0.0341043	
1.998e-08	664	0.0645622	0.534386	0.842772	0.260688	0.262605	0.144605	0.100019	0.0265859	0.0200517	
2.004e-08	666	-0.0291246	-0.00097477	0.999575	0.260495	0.272015	0.0901224	0.0912028	0.0366885	0.0247689	
2.01e-08	668	-0.814758	0.556171	0.163842	0.264127	0.251559	0.0899701	0.103161	0.06914	0.0343318	
2.016e-08	670	0.0407587	-0.531658	-0.845978	0.189269	0.245824	0.0412179	0.10657	0.0565369	0.0477871	
2.022e-08	672	-0.0576332	-0.161355	0.985212	0.220212	0.235893	0.113671	0.14245	0.989453	0.0543498	
2.028e-08	674	0.593392	0.0677017	-0.802061	0.246482	0.200154	0.114358	0.0879371	0.154059	0.0551111	
2.034e-08	676	-0.107352	0.0339887	-0.99364	0.248958	0.214529	0.133375	0.10789	0.0807006	0.0333552	
2.04e-08	678	0.0267911	0.430803	0.902048	0.151454	0.200376	0.165073	0.136967	0.142186	0.0620798	
2.046e-08	680	0.294466	-0.189613	0.936662	0.185402	0.200109	0.0911568	0.0862969	0.73077	0.0532363	
2.052e-08	682	-0.431612	0.546232	0.717873	0.147892	0.19091	0.132788	0.125759	0.536271	0.0623124	
2.058e-08	684	0.679791	0.245541	-0.691082	0.17278	0.185016	0.102079	0.0876428	0.510017	0.0559411	
2.064e-08	686	0.404374	0.62221	0.670326	0.175996	0.1699	0.08302	0.106956	0.471464	0.058657	
2.07e-08	688	0.606012	0.168786	-0.777342	0.176758	0.158355	0.10603	0.0852361	0.389988	0.0625838	
2.076e-08	690	-0.159513	0.124047	-0.979371	0.161424	0.145343	0.0939585	0.0957482	0.281126	0.0436957	
2.082e-08	692	-0.240102	-0.080404	-0.967412	0.099504	0.137589	0.0991677	0.0947277	0.214389	0.0281281	
2.088e-08	694	-0.638005	-0.300082	-0.709155	0.137206	0.126916	0.0826159	0.0472851	0.195919	0.0371414	
2.094e-08	696	0.157079	0.510639	0.845325	0.0624508	0.102091	0.0714967	0.0541703	0.133968	0.0482687	
2.1e-08	698	-0.95079	-0.267554	-0.156247	0.0576505	0.118906	0.102139	0.0542691	0.193331	0.0652791	
2.106e-08	700	-0.638545	-0.533158	0.55498	0.0723258	0.106634	0.0569621	0.0615026	0.14368	0.0246872	
2.112e-08	702	-0.0626307	0.101444	-0.992868	0.133994	0.117853	0.0647187	0.0940407	0.155872	0.0311683	
2.118e-08	704	-0.0613436	-0.403353	0.912986	0.124653	0.0929711	0.0761609	0.0472742	0.0745876	0.0223174	
2.124e-08	706	0.973523	0.227595	0.0213157	0.0852198	0.100285	0.0445343	0.0645945	0.113737	0.0204102	
2.13e-08	708	-0.130877	0.167216	0.977195	0.114014	0.0908769	0.038761	0.0635038	0.0986147	0.0383384	
2.136e-08	710	0.0686356	0.333783	0.940148	0.0737547	0.0982112	0.0610685	0.0453921	0.1151	0.0331899	
2.142e-08	712	-0.187588	-0.76271	0.618938	0.090845	0.098063	0.057711	0.0372251	0.125746	0.0222892	
2.148e-08	714	-0.0267737	0.892867	-0.449523	0.0631266	0.0785966	0.031492	0.0306402	0.0795241	0.0170924	
2.154e-08	716	-0.0700998	-0.211824	-0.97479	0.0740398	0.0789301	0.0363328	0.0481686	0.0572192	0.0216534	
2.16e-08	718	-0.52266	0.852257	-0.0219977	0.0984294	0.0796917	0.0335327	0.0463674	0.0616807	0.0169555	
2.166e-08	720	-0.457629	-0.655581	0.600657	0.129299	0.0762865	0.0438207	0.0297959	0.0619915	0.0209516	
2.172e-08	722	0.518288	0.855205	0.00165968	0.0507134	0.0825509	0.0527497	0.0394201	0.0557212	0.0157168	
2.178e-08	724	-0.981789	-0.180347	0.0597086	0.0520324	0.0748985	0.0367799	0.0350733	0.060886	0.022014	
2.184e-08	726	0.539111	0.818709	0.197671	0.0870238	0.0689129	0.0299468	0.0313571	0.0411114	0.0159133	
2.19e-08	728	-0.426486	0.532024	-0.731478	0.0142765	0.0641108	0.0384361	0.0340994	0.0298954	0.0220644	
2.196e-08	730	-0.206689	0.558949	-0.803029	0.0938218	0.0723954	0.0318865	0.0263573	0.0632379	0.0204766	
2.202e-08	732	-0.237511	-0.844593	-0.479845	0.099592	0.0622775	0.0176271	0.0232595	0.0493978	0.0135333	
2.208e-08	734	0.759954	0.573047	-0.306736	0.0844157	0.0836106	0.0423986	0.0322493	0.058574	0.0148479	
2.214e-08	736	-0.00967616	-0.875377	0.483344	0.0572279	0.0646322	0.0298974	0.0281424	0.041227	0.0174594	
2.22e-08	738	0.0102083	0.806113	0.591674	0.0664921	0.0672202	0.0326368	0.0186201	0.0462538	0.0145589	
2.226e-08	740	-0.557823	-0.671114	0.488302	0.08164	0.0668139	0.0325369	0.024682	0.0405875	0.0170077	
2.232e-08	742	0.908515	0.044911	0.415431	0.0695652	0.0633526	0.026403	0.0326596	0.0289228	0.0122182	
2.238e-08	744	0.709121	-0.684747	-0.168134	0.0656688	0.0575973	0.0218012	0.0300982	0.0206945	0.00900456	
2.244e-08	746	0.583033	-0.0432327	-0.811298	0.0595654	0.0590297	0.0217747	0.0316401	0.0286296	0.0161513	
2.25e-08	748	0.629021	-0.0556823	-0.775392	0.0456183	0.049966	0.01802	0.0210774	0.0238774	0.014657	
2.256e-08	750	-0.452527	-0.850901	-0.266809	0.0448429	0.0530787	0.020752	0.0211922	0.0217635	0.0109293	
2.262e-08	752	-0.0583215	-0.93531	-0.348991	0.0548632	0.0565338	0.0245433	0.0244564	0.0236345	0.0100905	
2.268e-08	754	0.834085	-0.113865	0.539756	0.0619465	0.055169	0.0166247	0.0111245	0.0358003	0.00891202	
2.274e-08	756	-0.189942	-0.961395	0.1991	0.0594678	0.0504045	0.0238089	0.0102436	0.0204859	0.00740404	
2.28e-08	758	-0.0399171	0.434953	0.899568	0.0755618	0.049709	0.020567	0.0175519	0.0158942	0.00632648	
2.286e-08	760	0.0854785	-0.463167	-0.882139	0.0675392	0.0487556	0.0130092	0.0162947	0.0231696	0.00747488	
2.292e-08	762	0.0801496	0.981616	0.173225	0.0484969	0.0502898	0.0209702	0.0223684	0.0116026	0.00936546	
2.298e-08	764	0.271036	0.451735	-0.849985	0.0396987	0.0505769	0.0324749	0.0128048	0.0124186	0.00923187	
2.304e-08	766	0.901981	-0.146343	0.406219	0.0421951	0.0527539	0.0276475	0.0125315	0.0173235	0.00617805	
2.31e-08	768	0.822965	-0.568007	-0.00979966	0.0325979	0.0482808	0.0138393	0.0102392	0.0237728	0.00358619	
2.316e-08	770	-0.861019	0.505271	-0.0578612	0.0627225	0.046569	0.0202993	0.0127702	0.0181923	0.0109522	
2.322e-08	772	0.056565	0.173141	-0.983271	0.0591687	0.0492176	0.0149626	0.0178894	0.0183714	0.00632369	
2.328e-08	774	0.194259	0.975899	-0.0994249	0.062237	0.0449228	0.00823719	0.0204996	0.0149298	0.0064518	
2.334e-08	776	-0.102626	0.821148	-0.561412	0.0382473	0.0455633	0.0151013	0.0132468	0.0190408	0.00815586	
2.34e-08	778	-0.354759	0.828562	-0.433164	0.0499802	0.0427985	0.00850068	0.0173461	0.0115042	0.00367364	
2.346e-08	780	0.549968	0.0583024	0.833148	0.0492374	0.043588	0.0147101	0.0117612	0.0218994	0.0137743	
2.352e-08	782	0.426697	0.344968	0.836019	0.111652	0.0438817	0.0107965	0.0110002	0.0202704	0.00683606	
2.358e-08	784	-0.356186	0.802713	-0.478313	0.0328034	0.041966	0.012642	0.011966	0.0117623	0.00470628	
2.364e-08	786	0.540848	-0.18133	0.821342	0.0186179	0.045555	0.0219997	0.0094447	0.0130615	0.00722371	
2.37e-08	788	-0.982167	-0.0891831	0.165511	0.0273762	0.0389644	0.00801874	0.0115537	0.011568	0.00457365	
2.376e-08	790	0.249397	-0.966969	-0.0526547	0.0326264	0.0418549	0.0125616	0.0105449	0.0119331	0.00295055	
2.382e-08	792	0.0606537	0.693111	0.718275	0.0394435	0.041048	0.0152169	0.00935293	0.0106037	0.00527678	
2.388e-08	794	-0.381259	-0.899722	0.212464	0.0701663	0.0427887	0.00940567	0.00958984	0.0184804	0.00480986	
2.394e-08	796	-0.167997	-0.977969	-0.123912	0.0782299	0.0461379	0.0125255	0.017696	0.0150104	0.00623739	
2.4e-08	798	-0.227535	-0.825538	-0.516445	0.0282589	0.0407109	0.00647449	0.0127337	0.0148262	0.00438969	
2.406e-08	800	0.447288	-0.722271	-0.527502	0.0237247	0.0431445	0.0209854	0.0073344	0.0105232	0.00498426	
2.412e-08	802	0.45423	-0.688803	0.565	0.0475264	0.0404114	0.0102011	0.00954875	0.0137242	0.00377999	
2.418e-08	804	0.969616	0.148329	-0.194533	0.0224177	0.0413414	0.0120964	0.00946395	0.013215	0.00580203	
2.424e-08	806	-0.40154	-0.452309	0.796356	0.0677291	0.0380385	0.00646391	0.0127983	0.0126511	0.00586302	
2.43e-08	808	-0.631533	0.321513	0.705546	0.0380855	0.0360091	0.00577143	0.00806186	0.0131754	0.00376133	
2.436e-08	810	0.839465	-0.422914	0.341236	0.0440939	0.0423142	0.0109291	0.0091008	0.0158487	0.00433188	
2.442e-08	812	-0.729115	0.305291	-0.612527	0.0352354	0.043027	0.0140889	0.00860785	0.0177378	0.007781	
2.448e-08	814	0.791809	0.430756	-0.432999	0.0109096	0.0392431	0.00721986	0.00816015	0.0172213	0.00523223	
2.454e-08	816	-0.310349	-0.930965	0.192321	0.0745112	0.0372318	0.00535476	0.0115001	0.0121186	0.00468186	
2.46e-08	818	-0.543185	-0.450573	-0.708473	0.022517	0.0322315	0.00783339	0.00895961	0.0060335	0.00452301	
2.466e-08	820	0.678628	-0.453139	0.57804	0.0355315	0.038681	0.00786275	0.00702263	0.0138735	0.0028714	
2.472e-08	822	-0.171135	0.791315	-0.586969	0.0594776	0.0362459	0.00684879	0.0088853	0.0122612	0.00460106	
2.478e-08	824	-0.992392	-0.112374	0.0502991	0.0517824	0.0397673	0.0159235	0.0119173	0.00673957	0.00714762	
2.484e-08	826	0.386178	0.921501	0.0412537	0.0231545	0.0374018	0.0100074	0.0103004	0.00827964	0.00465071	
2.49e-08	828	0.734071	-0.614323	0.289392	0.0496261	0.0333822	0.00953986	0.00575952	0.00747407	0.00388634	
2.496e-08	830	-0.939346	-0.330451	0.0918152	0.0246497	0.0331373	0.00523211	0.00692246	0.0109124	0.00392409	
2.502e-08	832	-0.650715	0.306742	-0.694607	0.0440655	0.0366993	0.00981141	0.0082202	0.00976339	0.00419114	
2.508e-08	834	0.215305	-0.893448	0.394201	0.0548107	0.0324264	0.00628184	0.00671532	0.00906835	0.00468081	
2.514e-08	836	-0.741932	-0.251952	0.621335	0.035202	0.0397474	0.0113712	0.0064867	0.0141608	0.00432093	
2.52e-08	838	0.806469	-0.589609	-0.0443853	0.0378944	0.0389211	0.0120343	0.00899408	0.00784119	0.00268292	
2.526e-08	840	-0.0728248	0.898853	-0.432158	0.0372776	0.0357924	0.00661303	0.00677887	0.0130235	0.00488763	
2.532e-08	842	0.700966	0.32566	-0.634502	0.0481562	0.0304372	0.00654039	0.00646004	0.00515024	0.00293783	
2.538e-08	844	-0.157493	-0.054131	0.986035	0.0463069	0.0353785	0.00893072	0.0073738	0.00905422	0.00365581	
2.544e-08	846	-0.124729	0.496374	-0.859102	0.0370569	0.0310704	0.00811108	0.00688039	0.00511518	0.00394261	
2.55e-08	848	-0.304576	-0.754605	-0.581209	0.0405495	0.0325571	0.00615301	0.00703888	0.00685739	0.00319637	
2.556e-08	850	-0.662451	-0.692014	0.286837	0.0380812	0.0399785	0.0102347	0.00793437	0.0118962	0.0038326	
2.562e-08	852	0.0336007	0.990151	-0.13591	0.0367445	0.0319142	0.00342381	0.00579582	0.0106677	0.00297216	
2.568e-08	854	0.393815	-0.714269	-0.578558	0.0451735	0.0313337	0.00991781	0.00549842	0.00406461	0.00308262	
2.574e-08	856	0.917239	0.277417	-0.285853	0.023694	0.0340373	0.0092393	0.0058737	0.00836495	0.00361832	
2.58e-08	858	0.963209	-0.144805	-0.226405	0.0236126	0.0346455	0.00778018	0.00976735	0.00697516	0.00434553	
2.586e-08	860	-0.560794	0.332878	-0.758091	0.0500735	0.0308304	0.00436273	0.00482756	0.00853298	0.00272614	
2.592e-08	862	0.290276	-0.0797372	-0.953615	0.0426872	0.0290226	0.00565259	0.00353941	0.00576442	0.00177586	
2.598e-08	864	0.427632	-0.717936	0.549271	0.0279593	0.028603	0.00548667	0.00567076	0.0044553	0.00251448	
2.604e-08	866	0.309286	0.841357	-0.443238	0.0384953	0.0292123	0.00411362	0.00602393	0.00539833	0.00225859	
2.61e-08	868	0.223477	-0.718954	0.658152	0.0159478	0.0287194	0.00454431	0.00484274	0.00737539	0.003203	
2.616e-08	870	-0.33165	-0.940637	-0.0721866	0.0401166	0.0357752	0.00689468	0.0092464	0.00766363	0.00380831	
2.622e-08	872	0.877861	-0.353538	0.323065	0.0685544	0.0341963	0.00708222	0.006353	0.00872078	0.00274788	
2.628e-08	874	-0.0753411	0.131635	-0.988431	0.0231621	0.030045	0.00508388	0.00527608	0.00775251	0.00291841	
2.634e-08	876	-0.113913	-0.0914855	-0.989269	0.00940099	0.0282657	0.00485421	0.00566624	0.00639967	0.00368218	
2.64e-08	878	0.79026	0.516338	-0.329975	0.0269252	0.0340307	0.00677149	0.00803085	0.00611038	0.00195181	
2.646e-08	880	0.393304	-0.84923	0.352307	0.0210959	0.0304709	0.00443242	0.00611568	0.00769242	0.00301154	
2.652e-08	882	-0.492824	0.382459	-0.781569	0.0247148	0.0307751	0.00531241	0.00654574	0.00629017	0.00263977	
2.658e-08	884	0.15669	0.405551	0.900543	0.0231134	0.0307742	0.00736922	0.00401726	0.00720654	0.00284777	
2.664e-08	886	-0.0852037	-0.463402	0.882043	0.0599598	0.0283526	0.00334128	0.00394881	0.00790108	0.00298042	
2.67e-08	888	0.141166	0.828978	-0.541173	0.0451724	0.0322371	0.00648352	0.0075531	0.00610211	0.00307505	
2.676e-08	890	0.816166	-0.326669	-0.476614	0.0324952	0.0279252	0.00611886	0.00463082	0.00451579	0.00240909	
2.682e-08	892	0.0956766	0.956115	0.276928	0.0250483	0.0295297	0.00731055	0.00806934	0.00225607	0.00369689	
2.688e-08	894	0.576464	-0.552186	-0.602312	0.0462836	0.0320755	0.0066828	0.00492196	0.0064027	0.002209	
2.694e-08	896	-0.0756751	0.788529	-0.610325	0.0410465	0.0293947	0.0062522	0.00344547	0.00595003	0.00203153	
2.7e-08	898	-0.169518	0.56432	-0.807964	0.0236778	0.024441	0.00560429	0.00311822	0.00316154	0.00316273	
2.706e-08	900	-0.129616	-0.0928669	-0.987206	0.0210873	0.0305012	0.00614811	0.00639733	0.00521436	0.00263484	
