#----------------------------------------------------------------------------------------------------------------------------------------------------------
# Output file for vampire simulation
#   time       : 2024-08-29 04:59:07     process id : 4009719
#   hostname   : node120.viking2.yor.alces.network
#   path       : /users/ky883/parameter/WS_dia5/AI_Dataset/size_10.0_10.0_8.0/Temp_900/random_1
#----------------------------------------------------------------------------------------------------------------------------------------------------------
6e-11	0	0.00215874	0.00577058	0.999981	0.999856	0.999819	0	0	0	0	
1.2e-10	2	0.00346205	-0.00229079	0.999991	0.998977	0.998978	0.0398183	0.0396087	3.17417e-06	2.99876e-06	
1.8e-10	4	-0.00242801	0.000532352	0.999997	0.997954	0.997949	0.0486228	0.0313067	9.57605e-06	1.01435e-05	
2.4e-10	6	0.00127932	-0.00314293	0.999994	0.996953	0.996917	0.0380473	0.0465881	1.23381e-05	1.21812e-05	
3e-10	8	-0.00307934	0.000961485	0.999995	0.995904	0.99589	0.0821237	0.0702096	1.5597e-05	1.27983e-05	
3.6e-10	10	0.00146921	-0.00561315	0.999983	0.994819	0.994852	0.0552349	0.0538813	1.54738e-05	1.24746e-05	
4.2e-10	12	-0.00346563	-0.0025309	0.999991	0.993942	0.993829	0.0405651	0.0357469	2.79972e-05	2.72962e-05	
4.8e-10	14	-0.00459274	-0.00123003	0.999989	0.992673	0.99279	0.0452954	0.0590487	2.38666e-05	2.34821e-05	
5.4e-10	16	-0.0053418	0.00479093	0.999974	0.991826	0.99177	0.0790947	0.0493928	2.81302e-05	2.75457e-05	
6e-10	18	-0.00211726	0.00470968	0.999987	0.990564	0.990723	0.04127	0.0305522	3.58008e-05	3.31359e-05	
6.6e-10	20	-0.00559569	-0.0016497	0.999983	0.989449	0.9897	0.046265	0.0398015	4.65359e-05	4.43587e-05	
7.2e-10	22	-0.00153359	0.012601	0.999919	0.988773	0.988615	0.0409087	0.117513	4.6322e-05	4.19876e-05	
7.8e-10	24	-0.0024545	0.00397536	0.999989	0.987594	0.987604	0.0530757	0.0612162	3.2702e-05	3.14452e-05	
8.4e-10	26	0.00143212	-0.00337921	0.999993	0.986737	0.986584	0.075126	0.0477327	5.15534e-05	5.25872e-05	
9e-10	28	-0.0033211	-0.00735637	0.999967	0.985231	0.985529	0.0445058	0.047789	5.41252e-05	4.99156e-05	
9.6e-10	30	0.00642261	0.0035222	0.999973	0.984757	0.984518	0.0805635	0.0383924	7.31186e-05	6.79028e-05	
1.02e-09	32	-0.00348128	-0.0197169	0.9998	0.983777	0.983438	0.0570985	0.0718795	4.56873e-05	5.27168e-05	
1.08e-09	34	-0.00818427	0.00701006	0.999942	0.982609	0.982378	0.0638353	0.0416102	4.29946e-05	4.51501e-05	
1.14e-09	36	0.000259273	0.00241448	0.999997	0.981478	0.981364	0.0509006	0.040588	7.68273e-05	7.2405e-05	
1.2e-09	38	0.00810472	0.00658074	0.999946	0.980071	0.980307	0.0486143	0.0352086	6.40775e-05	5.592e-05	
1.26e-09	40	-0.000799514	-0.00581873	0.999983	0.979065	0.979171	0.0542872	0.038241	9.5738e-05	0.000103868	
1.32e-09	42	-0.00138556	-0.00392798	0.999991	0.97833	0.978151	0.0365336	0.078585	0.000124744	9.74476e-05	
1.38e-09	44	-0.00681124	0.0069416	0.999953	0.977541	0.977119	0.0375041	0.0403088	7.56696e-05	7.29006e-05	
1.44e-09	46	-0.00583484	-0.00381266	0.999976	0.976424	0.976103	0.0442007	0.0517048	8.41668e-05	8.35582e-05	
1.5e-09	48	-0.00607644	0.00443736	0.999972	0.974188	0.974948	0.0435256	0.0583668	9.26556e-05	8.71487e-05	
1.56e-09	50	-0.00197625	0.00854257	0.999962	0.973909	0.973925	0.0901731	0.0401371	4.1538e-05	4.87976e-05	
1.62e-09	52	0.000490891	-0.00761867	0.999971	0.972901	0.972898	0.0445053	0.0571285	9.66808e-05	0.000109188	
1.68e-09	54	0.00576529	-0.00695694	0.999959	0.970883	0.971738	0.0580451	0.0677261	0.000162071	0.000164932	
1.74e-09	56	-0.0119061	0.00534012	0.999915	0.970669	0.970624	0.0620901	0.0592341	0.000136379	0.000134609	
1.8e-09	58	-0.0079386	0.0138032	0.999873	0.969633	0.969778	0.101508	0.0598325	6.71394e-05	8.7199e-05	
1.86e-09	60	0.00373722	-0.0178345	0.999834	0.96964	0.968454	0.0528676	0.0695988	0.000119362	0.000122455	
1.92e-09	62	0.00246253	0.0160237	0.999869	0.967714	0.967551	0.0294835	0.0383226	0.000180097	0.000179575	
1.98e-09	64	-0.00648616	-0.00104929	0.999978	0.96664	0.966422	0.056806	0.0438956	0.000182434	0.000185303	
2.04e-09	66	0.00605381	-0.0105135	0.999926	0.965049	0.965416	0.0932934	0.0660568	0.000174721	0.000188885	
2.1e-09	68	-8.43021e-05	0.00290131	0.999996	0.965	0.964196	0.0325965	0.067601	0.000166764	0.000160086	
2.16e-09	70	0.00659795	0.013081	0.999893	0.963794	0.96326	0.0472214	0.0457208	0.00012658	0.0001311	
2.22e-09	72	0.00263971	-0.00818179	0.999963	0.962613	0.962131	0.0581326	0.0506653	0.000194639	0.000181325	
2.28e-09	74	-0.00121884	0.00867051	0.999962	0.960442	0.960932	0.0271358	0.0767039	0.000136692	0.00014316	
2.34e-09	76	-0.00606911	0.00941792	0.999937	0.960096	0.960041	0.0382532	0.0372319	0.000179057	0.000180036	
2.4e-09	78	-0.0180763	-0.00342434	0.999831	0.958316	0.958853	0.0372465	0.049036	0.000141665	0.000136992	
2.46e-09	80	-0.0231983	-0.00682206	0.999708	0.957333	0.957684	0.0543198	0.0740298	0.000112126	8.60112e-05	
2.52e-09	82	0.00734117	0.0204603	0.999764	0.957793	0.956821	0.0506807	0.0756126	0.000141255	0.000155088	
2.58e-09	84	0.0150602	-0.0119864	0.999815	0.954644	0.955449	0.0648368	0.0469389	0.000167737	0.000177091	
2.64e-09	86	0.0213334	0.00786488	0.999741	0.955258	0.954509	0.0754781	0.0483289	0.00021563	0.000188593	
2.7e-09	88	0.0117852	0.013021	0.999846	0.952841	0.953116	0.0488197	0.0765518	0.000366032	0.00032348	
2.76e-09	90	0.00978133	-0.00407445	0.999944	0.952224	0.952202	0.0687272	0.0590517	0.000194056	0.000181195	
2.82e-09	92	-0.00323554	0.0130141	0.99991	0.951048	0.951192	0.0405564	0.0540508	0.000180127	0.000180764	
2.88e-09	94	-0.00944344	-0.00538064	0.999941	0.950122	0.949855	0.0556197	0.0493384	0.00024985	0.00021481	
2.94e-09	96	-0.0110487	-0.0188409	0.999761	0.948723	0.94877	0.0773095	0.0446053	0.000163247	0.000176481	
3e-09	98	0.0164086	-0.021648	0.999631	0.948457	0.948016	0.0856577	0.0624931	0.000223302	0.000219193	
3.06e-09	100	-0.0281277	0.00328023	0.999599	0.945835	0.94669	0.0710199	0.0587876	0.000311212	0.000259076	
3.12e-09	102	0.00829735	0.0145369	0.99986	0.945665	0.945604	0.0900957	0.0563178	0.000189649	0.000222334	
3.18e-09	104	-0.00267075	-0.00365995	0.99999	0.944621	0.944433	0.0334704	0.0542865	0.000295153	0.000282473	
3.24e-09	106	-0.00807659	-0.0133329	0.999878	0.944068	0.943444	0.0421852	0.0541906	0.000194239	0.000180909	
3.3e-09	108	-0.00778266	0.0175656	0.999815	0.941156	0.942379	0.0565446	0.0294535	0.000248958	0.00024093	
3.36e-09	110	0.0266043	0.00726019	0.99962	0.940054	0.941155	0.0711332	0.0317417	0.000170973	0.000156132	
3.42e-09	112	0.00865657	-0.0132043	0.999875	0.94008	0.940017	0.0447145	0.040705	0.000278477	0.000239802	
3.48e-09	114	0.0291584	-0.0143911	0.999471	0.938172	0.938723	0.073598	0.0879231	0.00027719	0.000291784	
3.54e-09	116	-0.00193411	-0.0108022	0.99994	0.936987	0.937747	0.0565537	0.0734127	0.000149605	0.00013803	
3.6e-09	118	0.0119472	0.00341869	0.999923	0.936926	0.936697	0.0893734	0.0453059	0.000216478	0.000171637	
3.66e-09	120	0.00351193	0.0167246	0.999854	0.935365	0.93561	0.0523304	0.0739019	0.000182044	0.000190291	
3.72e-09	122	0.0323152	0.0193099	0.999291	0.935537	0.934264	0.0739347	0.0652164	0.000372373	0.000365141	
3.78e-09	124	0.00253989	-0.0205368	0.999786	0.93155	0.932877	0.0753267	0.052736	0.000558709	0.000494271	
3.84e-09	126	0.0307218	0.0202716	0.999322	0.931964	0.932232	0.0617972	0.0636721	0.000312414	0.000298637	
3.9e-09	128	0.00411279	-0.0222622	0.999744	0.930114	0.931038	0.0814498	0.0445341	0.000214949	0.000223343	
3.96e-09	130	-0.00182395	-0.0187762	0.999822	0.930142	0.929653	0.0750056	0.0854701	0.000406945	0.000331464	
4.02e-09	132	0.0254203	-0.00827715	0.999643	0.928694	0.928661	0.0641562	0.0591087	0.000232702	0.000217079	
4.08e-09	134	0.010152	0.00954231	0.999903	0.926866	0.927528	0.0475188	0.0523656	0.000355569	0.000344933	
4.14e-09	136	-0.0114172	0.0125962	0.999855	0.926274	0.926246	0.0505014	0.0722257	0.000276691	0.000238874	
4.2e-09	138	0.00822475	0.0331043	0.999418	0.925939	0.924943	0.0581437	0.0849164	0.000312278	0.000314988	
4.26e-09	140	0.0278408	0.0307953	0.999138	0.923321	0.924115	0.0447814	0.0514275	0.000561318	0.000542997	
4.32e-09	142	-0.00602923	-0.000656681	0.999982	0.924142	0.922802	0.0606822	0.0384149	0.000264334	0.000254041	
4.38e-09	144	0.00813689	-0.00291272	0.999963	0.921084	0.921979	0.083007	0.0387143	0.000430915	0.000404543	
4.44e-09	146	-0.00211	-0.0201502	0.999795	0.921103	0.920687	0.0833427	0.0849121	0.000359233	0.000329376	
4.5e-09	148	-0.0054603	-0.00797869	0.999953	0.919466	0.919451	0.0559783	0.0686813	0.000390907	0.000398919	
4.56e-09	150	-0.00974442	0.0163736	0.999818	0.916771	0.918482	0.0399917	0.0691599	0.000591153	0.000453187	
4.62e-09	152	-0.0146058	0.0156977	0.99977	0.91729	0.916915	0.0390605	0.0864485	0.000276291	0.000294611	
4.68e-09	154	0.0129564	-0.0131754	0.999829	0.916448	0.915738	0.0591927	0.0574471	0.000366042	0.000353221	
4.74e-09	156	-0.0116663	-0.0109627	0.999872	0.915335	0.914713	0.0531401	0.0230628	0.000397946	0.000396498	
4.8e-09	158	0.0207299	0.00693878	0.999761	0.913521	0.913517	0.0483462	0.0295017	0.00028981	0.000288704	
4.86e-09	160	-0.00359518	0.00996532	0.999944	0.9123	0.912139	0.0478423	0.0606546	0.000410103	0.000375653	
4.92e-09	162	-0.0209595	-0.0058577	0.999763	0.910398	0.91072	0.0429737	0.0515465	0.000479535	0.000447648	
4.98e-09	164	0.012951	-0.00335501	0.999911	0.911533	0.909957	0.0649223	0.0585407	0.000394541	0.000379104	
5.04e-09	166	0.0136851	-0.0111431	0.999844	0.909067	0.90892	0.0411743	0.0575439	0.000328631	0.000341017	
5.1e-09	168	-0.0264248	-0.00522298	0.999637	0.903924	0.907156	0.0924793	0.0311388	0.000618952	0.000536288	
5.16e-09	170	0.0256628	-0.00731841	0.999644	0.907006	0.906252	0.0530129	0.0438502	0.000418727	0.000415023	
5.22e-09	172	-0.00475916	-0.000203472	0.999989	0.907081	0.904977	0.0567081	0.0598906	0.000472304	0.000442539	
5.28e-09	174	0.0129787	0.0242272	0.999622	0.903786	0.904282	0.0494763	0.0314975	0.000341963	0.000348162	
5.34e-09	176	0.00415533	0.0365929	0.999322	0.903116	0.902381	0.0483003	0.0772347	0.000419418	0.000401879	
5.4e-09	178	-0.0140401	-0.0148173	0.999792	0.899572	0.901519	0.0668026	0.0554121	0.000490745	0.000470614	
5.46e-09	180	0.00512399	-0.0134063	0.999897	0.900548	0.900569	0.0517094	0.0430158	0.000323585	0.000357544	
5.52e-09	182	-0.0360325	0.0393323	0.998576	0.899869	0.898856	0.0613549	0.077961	0.000230809	0.000229512	
5.58e-09	184	-0.00952433	-0.00445872	0.999945	0.898803	0.89806	0.0633068	0.0545044	0.000409176	0.000419701	
5.64e-09	186	-0.0259995	0.0269203	0.999299	0.896624	0.896754	0.02698	0.065403	0.000507053	0.00049073	
5.7e-09	188	0.0290503	0.0237506	0.999296	0.894384	0.895269	0.0537366	0.0513421	0.000503212	0.000473593	
5.76e-09	190	0.00447744	0.0062332	0.999971	0.895857	0.894513	0.0519026	0.0461127	0.000675736	0.000664829	
5.82e-09	192	0.00942806	0.00628384	0.999936	0.893679	0.893057	0.0551859	0.0305708	0.000350678	0.000330681	
5.88e-09	194	-0.0315788	0.00332422	0.999496	0.890448	0.892129	0.0659776	0.035855	0.000576682	0.000567655	
5.94e-09	196	0.000792094	-0.00230764	0.999997	0.891179	0.890202	0.0717387	0.0478307	0.000517284	0.000523234	
6e-09	198	0.018117	-0.00285396	0.999832	0.889814	0.889551	0.0485968	0.0560086	0.000311738	0.000315107	
6.06e-09	200	-0.0101566	0.00151528	0.999947	0.886228	0.888055	0.0375437	0.0605945	0.000468007	0.000481455	
6.12e-09	202	-0.022649	0.0262593	0.999399	0.886212	0.886564	0.0510613	0.0694583	0.000487827	0.00045695	
6.18e-09	204	-0.0149377	-0.0311946	0.999402	0.884745	0.886003	0.0600758	0.081886	0.000483711	0.000536944	
6.24e-09	206	-0.0158179	-0.00365695	0.999868	0.881453	0.884515	0.0804596	0.0588108	0.000308108	0.000300988	
6.3e-09	208	0.0049661	-0.0214397	0.999758	0.883457	0.883167	0.0569544	0.0608514	0.000199609	0.000189247	
6.36e-09	210	-0.024099	-0.0101477	0.999658	0.883029	0.881653	0.0630222	0.0506578	0.000324049	0.000354505	
6.42e-09	212	-0.0061527	0.011237	0.999918	0.882382	0.880663	0.0843882	0.0421801	0.000661892	0.000581821	
6.48e-09	214	-0.0210606	0.0368605	0.999098	0.880892	0.879789	0.067281	0.0733351	0.000438736	0.000478672	
6.54e-09	216	-0.00554684	0.0115641	0.999918	0.87878	0.878684	0.0607764	0.0575773	0.000415084	0.000389947	
6.6e-09	218	-0.0120378	0.0326252	0.999395	0.87962	0.876724	0.0576126	0.0777436	0.000752734	0.000690014	
6.66e-09	220	0.0165395	-0.00102637	0.999863	0.872242	0.875726	0.0483265	0.0656143	0.000542635	0.000523136	
6.72e-09	222	0.0046313	-0.024446	0.99969	0.878162	0.87387	0.0469892	0.0485876	0.000647919	0.000643097	
6.78e-09	224	-0.00958759	-0.00660789	0.999932	0.874562	0.872955	0.0497181	0.048324	0.000619708	0.000543526	
6.84e-09	226	-0.0293192	-0.0403575	0.998755	0.871697	0.872103	0.0479203	0.0801032	0.000572454	0.000536466	
6.9e-09	228	-0.0276346	-0.00297594	0.999614	0.871049	0.869895	0.105896	0.0537114	0.000550009	0.00052346	
6.96e-09	230	0.0116155	-0.00868254	0.999895	0.866623	0.86926	0.0577735	0.056834	0.000396542	0.000355546	
7.02e-09	232	0.00451341	-0.0223186	0.999741	0.869086	0.868133	0.101703	0.0576151	0.000590157	0.000570761	
7.08e-09	234	0.0196797	-0.0396604	0.999019	0.868749	0.867378	0.0504903	0.0469674	0.000474709	0.000482721	
7.14e-09	236	0.00428122	0.0178441	0.999832	0.866234	0.865368	0.0544705	0.0467135	0.000875852	0.000848278	
7.2e-09	238	0.00736025	-0.02261	0.999717	0.864459	0.863474	0.0439014	0.0556781	0.000486967	0.000465173	
7.26e-09	240	-0.0076176	0.0242129	0.999678	0.864634	0.86345	0.0370879	0.0519818	0.000735543	0.000761229	
7.32e-09	242	0.00164038	0.00349766	0.999993	0.860465	0.861525	0.0628188	0.0871685	0.000613222	0.000649534	
7.38e-09	244	-0.0120221	0.031999	0.999416	0.85807	0.859661	0.0568079	0.0719696	0.000750738	0.000719156	
7.44e-09	246	0.00895413	-0.00787684	0.999929	0.855892	0.858726	0.0694334	0.0793346	0.000760285	0.000722807	
7.5e-09	248	-0.0124458	0.0187479	0.999747	0.859053	0.857915	0.0472873	0.0506699	0.000758317	0.000741074	
7.56e-09	250	-0.0337522	-0.0312734	0.998941	0.856532	0.856221	0.0715608	0.0412717	0.000767259	0.000647432	
7.62e-09	252	0.0254213	0.00958705	0.999631	0.857141	0.854913	0.068734	0.0419314	0.000665891	0.000618499	
7.68e-09	254	-0.00181106	-0.0269578	0.999635	0.851871	0.852948	0.0400164	0.0351579	0.000725002	0.000688403	
7.74e-09	256	0.00160729	0.0189834	0.999819	0.850532	0.852308	0.0748442	0.0539367	0.000497116	0.000509044	
7.8e-09	258	0.0177707	-0.0207433	0.999627	0.846155	0.850819	0.0619379	0.0559705	0.000731076	0.000734057	
7.86e-09	260	0.0297417	0.0305928	0.999089	0.854167	0.849469	0.0594679	0.0544704	0.000747755	0.000809439	
7.92e-09	262	-0.0256949	0.0324843	0.999142	0.847056	0.848707	0.0722688	0.0658669	0.000885619	0.000750861	
7.98e-09	264	0.0210545	-0.00641002	0.999758	0.848367	0.846515	0.0796655	0.0653742	0.00125333	0.00101595	
8.04e-09	266	-0.0256595	0.0130297	0.999586	0.849587	0.846336	0.0642028	0.0624981	0.00124985	0.00124393	
8.1e-09	268	0.0152449	0.0274135	0.999508	0.845098	0.84408	0.0743059	0.0578192	0.000506669	0.000483935	
8.16e-09	270	-0.00721692	0.00841051	0.999939	0.837626	0.841809	0.0534218	0.060751	0.000574393	0.000581369	
8.22e-09	272	-0.000395827	0.0235791	0.999722	0.837028	0.841378	0.0918121	0.0483451	0.000812149	0.000812521	
8.28e-09	274	-0.0115299	-0.00584569	0.999916	0.84028	0.839899	0.0370103	0.120888	0.00104118	0.000948601	
8.34e-09	276	0.0394051	-0.0419037	0.998344	0.837036	0.838698	0.0513493	0.0723162	0.000575552	0.000516435	
8.4e-09	278	-0.0189022	-0.0374147	0.999121	0.835457	0.837437	0.0563001	0.0740045	0.000678788	0.000573564	
8.46e-09	280	0.0335449	0.0241769	0.999145	0.834563	0.835299	0.0921984	0.0522947	0.00154163	0.00149677	
8.52e-09	282	-0.0225065	0.0304654	0.999282	0.833568	0.834395	0.0512916	0.0739954	0.00114743	0.00110461	
8.58e-09	284	-0.0163817	-0.0252485	0.999547	0.835482	0.833721	0.0314585	0.0447933	0.000855398	0.000883353	
8.64e-09	286	0.0250449	-0.00648443	0.999665	0.835034	0.832209	0.125914	0.074162	0.000825767	0.00084705	
8.7e-09	288	0.0597038	0.0172296	0.998067	0.828996	0.830146	0.106987	0.0842569	0.000759571	0.000696375	
8.76e-09	290	-0.019096	-0.0148077	0.999708	0.826935	0.828855	0.0680948	0.0676585	0.000907152	0.000829468	
8.82e-09	292	0.0254054	0.0343163	0.999088	0.828506	0.827249	0.0679791	0.0678509	0.00112278	0.00109481	
8.88e-09	294	0.0264988	-0.0116304	0.999581	0.82608	0.826358	0.0607253	0.069382	0.000824776	0.000827699	
8.94e-09	296	-0.0351597	0.0228219	0.999121	0.824802	0.824221	0.0416527	0.066476	0.000685337	0.000727646	
9e-09	298	-0.00703716	0.0310912	0.999492	0.821793	0.823985	0.0481892	0.0881694	0.000823821	0.000872539	
9.06e-09	300	0.0171448	-0.0180061	0.999691	0.824736	0.821951	0.100527	0.0583469	0.000691449	0.000645353	
9.12e-09	302	0.00457432	0.0744406	0.997215	0.816753	0.820534	0.0457781	0.0519135	0.00110474	0.00100459	
9.18e-09	304	0.0154433	0.000992304	0.99988	0.820334	0.818774	0.0572728	0.0700935	0.00161203	0.00160051	
9.24e-09	306	0.027025	-0.0186766	0.99946	0.821392	0.817651	0.0636487	0.0353064	0.000972902	0.000871878	
9.3e-09	308	-0.021026	0.0314798	0.999283	0.817292	0.815679	0.0761115	0.060016	0.000789095	0.000692072	
9.36e-09	310	-0.00167178	0.0534995	0.998566	0.809818	0.81473	0.0463366	0.095177	0.00122985	0.00112678	
9.42e-09	312	-0.0190715	-0.00335307	0.999812	0.813663	0.813528	0.0809571	0.0509166	0.00113	0.00108942	
9.48e-09	314	0.0237009	0.0244943	0.999419	0.811789	0.812262	0.0334331	0.0466227	0.0015679	0.00154162	
9.54e-09	316	0.000609825	0.00155665	0.999999	0.809281	0.810657	0.0455634	0.0881499	0.00126143	0.00111684	
9.6e-09	318	-0.0336529	0.0206689	0.99922	0.808042	0.808893	0.0657041	0.0682097	0.00104918	0.000864401	
9.66e-09	320	-0.00676676	-0.0134832	0.999886	0.808733	0.807959	0.0426	0.0703671	0.00139441	0.00134998	
9.72e-09	322	-0.0163359	-0.0277264	0.999482	0.81075	0.806868	0.0379619	0.0743457	0.000819576	0.000825405	
9.78e-09	324	0.00981853	0.0368714	0.999272	0.803324	0.804585	0.0844918	0.0716696	0.000797152	0.000665741	
9.84e-09	326	-0.00750526	-0.004855	0.99996	0.802998	0.802622	0.0479269	0.0525536	0.00115656	0.00109042	
9.9e-09	328	0.0293978	-0.0104043	0.999514	0.800045	0.802371	0.0595575	0.0588986	0.00086505	0.00087408	
9.96e-09	330	-0.0339491	0.00290217	0.999419	0.800174	0.800126	0.0439213	0.0458648	0.0008777	0.000788287	
1.002e-08	332	-0.0422952	-0.0160601	0.998976	0.799533	0.798594	0.0581405	0.0443026	0.00141535	0.00142843	
1.008e-08	334	0.00263903	0.0281203	0.999601	0.793833	0.796475	0.0656668	0.0544706	0.00143667	0.00141103	
1.014e-08	336	0.00199991	-0.0258372	0.999664	0.795981	0.796494	0.0796782	0.113828	0.000942827	0.000793782	
1.02e-08	338	-0.00142049	0.0566809	0.998391	0.796719	0.795095	0.0512259	0.0385898	0.000738125	0.000741564	
1.026e-08	340	-0.00440752	0.0605304	0.998157	0.793063	0.792322	0.0941182	0.0699613	0.00128273	0.00124166	
1.032e-08	342	0.0280558	0.0273319	0.999233	0.790023	0.791048	0.0674592	0.050643	0.000801054	0.000809287	
1.038e-08	344	-0.0469662	0.0544129	0.997413	0.787225	0.789201	0.0701582	0.0688652	0.00122523	0.00108289	
1.044e-08	346	-0.0316471	0.0373238	0.998802	0.79121	0.787856	0.0962726	0.0777158	0.00117814	0.00116915	
1.05e-08	348	-0.0416132	0.0119755	0.999062	0.78758	0.785202	0.057625	0.0500998	0.00104094	0.000990498	
1.056e-08	350	-0.0340898	0.000403463	0.999419	0.783047	0.784347	0.061867	0.0860297	0.00106153	0.000917336	
1.062e-08	352	-0.0400283	-0.0198891	0.999001	0.785377	0.782505	0.0873987	0.0888733	0.00114078	0.00105784	
1.068e-08	354	0.0177684	0.011619	0.999775	0.781442	0.781199	0.0600957	0.0776574	0.00167329	0.00168681	
1.074e-08	356	-0.0115875	0.0615526	0.998037	0.777858	0.77914	0.0918081	0.095085	0.00153557	0.00125027	
1.08e-08	358	0.0321181	-0.0133246	0.999395	0.780279	0.779598	0.0784015	0.0505544	0.00174662	0.00189978	
1.086e-08	360	-0.0170191	0.00513769	0.999842	0.768583	0.775325	0.0629811	0.0493489	0.00119918	0.00117299	
1.092e-08	362	-0.0143378	0.00401487	0.999889	0.773014	0.775798	0.0598487	0.0819969	0.000881409	0.0010271	
1.098e-08	364	0.0100932	0.00982376	0.999901	0.771761	0.773496	0.0741689	0.0762106	0.000909231	0.000813648	
1.104e-08	366	0.0163145	-0.0244727	0.999567	0.769465	0.771813	0.0528634	0.0651958	0.00131308	0.00131038	
1.11e-08	368	0.0754022	-0.0272274	0.996781	0.767075	0.769909	0.0695705	0.11091	0.00115623	0.00118943	
1.116e-08	370	-0.0178842	0.0102584	0.999787	0.771012	0.76846	0.049224	0.0700201	0.00113917	0.00117569	
1.122e-08	372	-0.0717587	0.00825235	0.997388	0.765082	0.766799	0.0568152	0.0916422	0.00145843	0.00122379	
1.128e-08	374	0.0113634	-0.0177782	0.999777	0.769023	0.766372	0.0600403	0.051565	0.000958074	0.000901796	
1.134e-08	376	-0.0142421	-0.0135183	0.999807	0.763546	0.764661	0.0635107	0.0598345	0.0014709	0.00145458	
1.14e-08	378	0.0361922	0.000551726	0.999345	0.763129	0.762245	0.081774	0.0609904	0.0012869	0.00129575	
1.146e-08	380	-0.0450334	0.0108808	0.998926	0.763513	0.760998	0.080918	0.0639761	0.00107311	0.000983486	
1.152e-08	382	-0.0136792	-0.0145567	0.9998	0.761973	0.759684	0.0892138	0.06224	0.00137456	0.00125554	
1.158e-08	384	-0.0357245	-0.00880707	0.999323	0.760156	0.75664	0.0641106	0.0403998	0.00145526	0.00134444	
1.164e-08	386	-0.00942675	-0.0407854	0.999123	0.754357	0.75518	0.0549856	0.0590247	0.00219068	0.00214566	
1.17e-08	388	0.0267713	0.0402694	0.99883	0.75437	0.753452	0.0363357	0.054996	0.00188169	0.0019077	
1.176e-08	390	0.0179839	0.0297713	0.999395	0.754208	0.752139	0.111987	0.0533631	0.00251282	0.00206907	
1.182e-08	392	0.0405512	-0.0122853	0.999102	0.756218	0.751941	0.0538945	0.107212	0.0013789	0.00133574	
1.188e-08	394	0.0260368	0.0189102	0.999482	0.746754	0.748486	0.0726659	0.0729588	0.00128369	0.00136896	
1.194e-08	396	-0.0338813	-0.0130832	0.99934	0.75029	0.74736	0.0537229	0.091604	0.0015365	0.00143886	
1.2e-08	398	-0.0211185	0.0346073	0.999178	0.748245	0.745536	0.04334	0.0716303	0.00153015	0.00130004	
1.206e-08	400	0.0446424	0.0144867	0.998898	0.742695	0.743658	0.0975357	0.0470042	0.00177638	0.00165207	
1.212e-08	402	-0.0125324	-0.0798379	0.996729	0.74741	0.741352	0.0566409	0.0751211	0.00153044	0.0015345	
1.218e-08	404	-0.0406612	0.00961578	0.999127	0.746653	0.73949	0.0526649	0.0501691	0.00161366	0.00159991	
1.224e-08	406	-0.0253065	0.0190332	0.999499	0.741637	0.738571	0.106381	0.0736051	0.00111264	0.00125271	
1.23e-08	408	0.0249188	-0.00203929	0.999687	0.737779	0.737011	0.0798136	0.0672726	0.00198515	0.00172702	
1.236e-08	410	-0.0242195	-0.0265383	0.999354	0.730257	0.735694	0.0793176	0.0602702	0.00142814	0.00153302	
1.242e-08	412	0.00671893	0.0320481	0.999464	0.729239	0.733283	0.0925438	0.0432527	0.00234116	0.00205151	
1.248e-08	414	-0.00914774	0.0386514	0.999211	0.727503	0.731723	0.0488003	0.071837	0.00129782	0.00110559	
1.254e-08	416	0.0425432	0.0741926	0.996336	0.728418	0.729006	0.0863214	0.101018	0.00194611	0.00204686	
1.26e-08	418	-0.0374161	0.0386682	0.998551	0.732888	0.728902	0.0557637	0.0578139	0.00196669	0.00193968	
1.266e-08	420	0.00731307	-0.00136168	0.999972	0.724809	0.726064	0.0405746	0.040755	0.00124611	0.00118112	
1.272e-08	422	0.0359609	-0.00316251	0.999348	0.715752	0.723736	0.0676612	0.0816086	0.00165472	0.00154576	
1.278e-08	424	0.0244315	0.00480962	0.99969	0.7235	0.72223	0.0696551	0.109582	0.00220439	0.00179788	
1.284e-08	426	-0.00672029	0.0309451	0.999498	0.727375	0.720989	0.0590751	0.0574018	0.00191101	0.00174327	
1.29e-08	428	0.0684663	0.0159876	0.997525	0.716999	0.718452	0.0494254	0.0606531	0.00217956	0.00209686	
1.296e-08	430	0.00642714	0.00801272	0.999947	0.723073	0.718569	0.0730332	0.0533787	0.00217722	0.00194683	
1.302e-08	432	-0.000949328	-0.0355797	0.999366	0.711805	0.715903	0.0635502	0.0891989	0.00183522	0.00196833	
1.308e-08	434	0.0226124	-0.0207098	0.99953	0.713841	0.712553	0.0525363	0.0912987	0.00149962	0.00146545	
1.314e-08	436	-0.0301451	-0.0056822	0.999529	0.716539	0.711425	0.0702874	0.0748446	0.00237228	0.0019429	
1.32e-08	438	0.00671757	0.049272	0.998763	0.70841	0.710453	0.0984756	0.0554842	0.00188941	0.00194121	
1.326e-08	440	0.0183308	-0.0183787	0.999663	0.711293	0.707049	0.0594954	0.0637114	0.00159203	0.00139752	
1.332e-08	442	-0.0610537	0.0795224	0.994962	0.705995	0.70576	0.0844442	0.0962816	0.00277799	0.00250675	
1.338e-08	444	-0.0497007	0.00223383	0.998762	0.712152	0.703785	0.118283	0.101922	0.00336382	0.00265676	
1.344e-08	446	-0.0251441	0.00603413	0.999666	0.709108	0.701046	0.0773966	0.0367598	0.00185403	0.00187804	
1.35e-08	448	0.0601011	-0.0356164	0.997557	0.695634	0.700247	0.0767272	0.0397192	0.00173829	0.00132129	
1.356e-08	450	-0.0358818	0.0233332	0.999084	0.69801	0.697259	0.087235	0.0621202	0.00193653	0.0018195	
1.362e-08	452	-0.056563	0.136462	0.989029	0.697531	0.695382	0.055698	0.0838695	0.00273283	0.00254185	
1.368e-08	454	-0.000606087	0.0519444	0.99865	0.695066	0.694448	0.0684535	0.0723308	0.00321908	0.0027987	
1.374e-08	456	0.0695603	-0.0364983	0.99691	0.692103	0.691338	0.0922973	0.0880272	0.00112359	0.000941508	
1.38e-08	458	0.0411228	-0.066666	0.996928	0.688463	0.689053	0.0650931	0.119488	0.0028532	0.00288302	
1.386e-08	460	0.0420797	0.0327885	0.998576	0.692421	0.687771	0.0600547	0.0566783	0.00279496	0.00270896	
1.392e-08	462	0.0714825	0.0434508	0.996495	0.678413	0.685775	0.0600112	0.0863171	0.00267942	0.00230989	
1.398e-08	464	0.00781935	-0.0486618	0.998785	0.682003	0.683292	0.0335932	0.102824	0.0035356	0.003603	
1.404e-08	466	-0.0450087	0.0125513	0.998908	0.684688	0.681293	0.0425586	0.0702622	0.00184004	0.00182437	
1.41e-08	468	0.046605	-0.0448635	0.997905	0.665247	0.678259	0.0619284	0.0780692	0.00202832	0.00177484	
1.416e-08	470	0.00239846	-0.0267215	0.99964	0.67811	0.676737	0.0538551	0.0579384	0.00301485	0.00265226	
1.422e-08	472	0.0283646	0.063286	0.997592	0.677925	0.676426	0.0918098	0.0504921	0.00439132	0.00314498	
1.428e-08	474	0.0151688	0.0385478	0.999142	0.683055	0.673154	0.0726611	0.0762839	0.00316165	0.00302817	
1.434e-08	476	0.0404083	-0.00788024	0.999152	0.663521	0.671031	0.10712	0.067189	0.00392401	0.00338175	
1.44e-08	478	-0.00407836	-0.103833	0.994586	0.66757	0.669045	0.0495275	0.10486	0.00379694	0.00333321	
1.446e-08	480	-0.00825525	0.0657172	0.997804	0.675091	0.666301	0.0926235	0.0696318	0.00248326	0.00203814	
1.452e-08	482	0.0213543	0.0994281	0.994816	0.661905	0.663706	0.0592992	0.0854762	0.00191397	0.00166728	
1.458e-08	484	0.0630802	-0.12191	0.990535	0.669491	0.66254	0.110265	0.0722023	0.00257625	0.00266181	
1.464e-08	486	0.0340955	-0.0011393	0.999418	0.663619	0.659022	0.0730277	0.0973457	0.00345792	0.00320564	
1.47e-08	488	0.0193409	0.0407938	0.99898	0.65203	0.657198	0.0583918	0.07425	0.00158895	0.00163246	
1.476e-08	490	-0.0115122	-0.0753792	0.997088	0.661207	0.656514	0.0666559	0.0400835	0.00361332	0.00355996	
1.482e-08	492	0.0166616	-0.0124488	0.999784	0.65074	0.653539	0.0461412	0.107095	0.00177153	0.0018316	
1.488e-08	494	0.0252544	0.0508932	0.998385	0.657127	0.651843	0.0572969	0.0472558	0.00152197	0.00154568	
1.494e-08	496	-0.0240993	0.0529545	0.998306	0.637755	0.648462	0.0529218	0.116252	0.0028202	0.00239448	
1.5e-08	498	0.00239447	0.0443238	0.999014	0.651348	0.646231	0.126852	0.0685141	0.00276375	0.00210745	
1.506e-08	500	0.0175237	0.0337899	0.999275	0.649403	0.644746	0.0518952	0.0868483	0.00258833	0.00257012	
1.512e-08	502	-0.022831	-0.0268282	0.999379	0.646451	0.641455	0.136923	0.0660763	0.0027579	0.00264463	
1.518e-08	504	-0.0434319	0.0165582	0.998919	0.638805	0.641908	0.105899	0.094293	0.00314137	0.00276218	
1.524e-08	506	-0.0168303	-0.087998	0.995978	0.636194	0.636208	0.0730827	0.0577051	0.00272253	0.002725	
1.53e-08	508	0.0360504	0.0055306	0.999335	0.642811	0.634822	0.0831693	0.0508521	0.00217412	0.00186356	
1.536e-08	510	0.0192327	0.082554	0.996401	0.632552	0.632225	0.0606856	0.0435806	0.00367267	0.00390734	
1.542e-08	512	-0.0383321	-0.0261932	0.998922	0.629384	0.630109	0.0594419	0.0523018	0.00319791	0.00317015	
1.548e-08	514	-0.0468719	-0.0476336	0.997765	0.63819	0.629099	0.0407604	0.0841086	0.00363524	0.00331394	
1.554e-08	516	-0.0651591	-0.115954	0.991115	0.62257	0.624777	0.0890483	0.0631968	0.00384175	0.00368208	
1.56e-08	518	-0.0275407	-0.0268623	0.99926	0.628129	0.620765	0.0787242	0.101091	0.00348348	0.00333257	
1.566e-08	520	-0.0182363	-0.013468	0.999743	0.618366	0.620063	0.0822044	0.0580434	0.0026061	0.00238386	
1.572e-08	522	-0.0915358	0.0208714	0.995583	0.621409	0.618533	0.0633163	0.0842418	0.00392185	0.00404397	
1.578e-08	524	0.00852416	0.00366519	0.999957	0.618797	0.615677	0.0604016	0.0779511	0.00387557	0.00330544	
1.584e-08	526	-0.0371606	0.0709684	0.996786	0.603084	0.612575	0.0686524	0.0667779	0.00668765	0.00571973	
1.59e-08	528	0.0229129	-0.0542011	0.998267	0.612115	0.609048	0.104263	0.0597969	0.00312059	0.00289546	
1.596e-08	530	0.0191179	0.0564571	0.998222	0.60289	0.604971	0.140185	0.0623187	0.00425512	0.00375178	
1.602e-08	532	0.00792225	0.0384939	0.999227	0.601753	0.604554	0.0519986	0.100779	0.0047667	0.00470951	
1.608e-08	534	-0.12273	0.0354087	0.991808	0.606423	0.603182	0.0966325	0.075696	0.00274214	0.00242815	
1.614e-08	536	0.0441166	-0.00482277	0.999015	0.603327	0.59923	0.0451432	0.0678984	0.00449269	0.00446977	
1.62e-08	538	0.0464013	-0.000765061	0.998923	0.599573	0.599909	0.0789003	0.0647923	0.00289084	0.00266666	
1.626e-08	540	-0.0185413	0.110207	0.993736	0.593326	0.592719	0.0869114	0.0879392	0.0023072	0.0021497	
1.632e-08	542	0.149187	-0.0552101	0.987267	0.586432	0.590425	0.109945	0.101519	0.00434057	0.00364747	
1.638e-08	544	0.0248088	-0.12741	0.99154	0.582732	0.587967	0.0738963	0.0848987	0.00437788	0.00415704	
1.644e-08	546	0.172858	-0.0690436	0.982524	0.593428	0.586303	0.131636	0.0574169	0.00313223	0.00270942	
1.65e-08	548	0.0634094	-0.0640506	0.99593	0.582994	0.58421	0.0573716	0.0708369	0.00353106	0.00329096	
1.656e-08	550	-0.110428	-0.00344355	0.993878	0.585981	0.580571	0.055976	0.0814168	0.0031024	0.00280358	
1.662e-08	552	0.0463845	0.0812575	0.995613	0.57872	0.577742	0.0499874	0.0981311	0.0034072	0.00317233	
1.668e-08	554	-0.0280729	-0.0233697	0.999333	0.559228	0.57399	0.0727606	0.0872931	0.00321461	0.00319023	
1.674e-08	556	-0.0235055	0.00835031	0.999689	0.563093	0.568165	0.0632514	0.0552435	0.00414091	0.00427249	
1.68e-08	558	-0.0964068	-0.154353	0.983301	0.574317	0.566546	0.120209	0.0982016	0.00476221	0.00507352	
1.686e-08	560	0.0394464	0.0170848	0.999076	0.551725	0.564626	0.087627	0.0674944	0.00607669	0.00569868	
1.692e-08	562	0.0489247	0.0221394	0.998557	0.56332	0.562407	0.0786799	0.078041	0.0040199	0.00408229	
1.698e-08	564	0.0305107	-0.00630929	0.999515	0.554332	0.557818	0.136048	0.1213	0.00344584	0.0035493	
1.704e-08	566	-0.0612763	0.0105593	0.998065	0.552659	0.55537	0.0681059	0.0940675	0.00453404	0.00369428	
1.71e-08	568	-0.0139497	0.0801533	0.996685	0.549511	0.550685	0.0818466	0.128008	0.00618813	0.0063897	
1.716e-08	570	-0.0262415	0.045409	0.998624	0.563023	0.549521	0.0701408	0.14241	0.007996	0.0080157	
1.722e-08	572	-0.0521016	0.00913689	0.9986	0.555482	0.547538	0.125394	0.106959	0.00569057	0.00469229	
1.728e-08	574	0.00483184	0.0933552	0.995621	0.550888	0.543749	0.117292	0.0709683	0.00286109	0.00361529	
1.734e-08	576	0.0646698	-0.0413597	0.997049	0.545202	0.54068	0.100178	0.133176	0.00395442	0.00383181	
1.74e-08	578	-0.021751	-0.0122336	0.999689	0.547641	0.534613	0.0726241	0.0657882	0.00434406	0.00368971	
1.746e-08	580	0.0401646	0.0446098	0.998197	0.517753	0.53226	0.089013	0.100968	0.00615087	0.00655607	
1.752e-08	582	0.0850929	-0.0145614	0.996267	0.512734	0.527523	0.0787421	0.0855326	0.00508973	0.00498745	
1.758e-08	584	0.0187198	0.0465317	0.998741	0.521007	0.525284	0.0674922	0.0683419	0.00544864	0.00625034	
1.764e-08	586	-0.047968	-0.137362	0.989359	0.514281	0.522699	0.0682992	0.0576151	0.00493637	0.00451432	
1.77e-08	588	0.0298711	0.00965604	0.999507	0.528323	0.517009	0.0839322	0.0679298	0.00692515	0.00663066	
1.776e-08	590	0.139033	-0.0659266	0.988091	0.513952	0.515595	0.120074	0.089433	0.00795897	0.00766053	
1.782e-08	592	0.049656	0.0738334	0.996034	0.496515	0.509188	0.101432	0.0683719	0.00989818	0.00901099	
1.788e-08	594	-0.0443537	-0.0724494	0.996385	0.518258	0.510925	0.0728241	0.0653866	0.00653933	0.00700592	
1.794e-08	596	-0.0360313	-0.0321994	0.998832	0.506505	0.505106	0.0738497	0.104812	0.00425851	0.00395784	
1.8e-08	598	-0.12236	0.0286896	0.992071	0.50941	0.501668	0.108963	0.0824704	0.00565481	0.00544547	
1.806e-08	600	-0.0216414	0.0593205	0.998004	0.507727	0.499531	0.0441919	0.0692223	0.00687766	0.00639656	
1.812e-08	602	-0.0771398	0.0242633	0.996725	0.489036	0.493406	0.161972	0.0766924	0.0125099	0.0103872	
1.818e-08	604	0.0176041	0.131052	0.991219	0.505877	0.486875	0.150764	0.0867098	0.00974162	0.00768828	
1.824e-08	606	0.0208225	-0.0474047	0.998659	0.489393	0.485372	0.114408	0.0599391	0.0107281	0.0104074	
1.83e-08	608	0.0252352	0.135226	0.990493	0.487241	0.482339	0.0651708	0.124874	0.0089122	0.00798558	
1.836e-08	610	-0.0114147	-0.0807255	0.996671	0.471052	0.480967	0.082887	0.106681	0.00523911	0.00451376	
1.842e-08	612	-0.0614099	0.0897231	0.994072	0.487107	0.476363	0.126015	0.0996947	0.00799342	0.00636941	
1.848e-08	614	-0.0631344	-0.0546176	0.996509	0.487552	0.471987	0.0993816	0.0989523	0.0082888	0.00748871	
1.854e-08	616	-0.0144417	-0.093095	0.995552	0.463425	0.463678	0.062842	0.137265	0.00851172	0.00818626	
1.86e-08	618	0.163662	0.0122649	0.98644	0.46817	0.463959	0.0778731	0.0959109	0.00875361	0.00783949	
1.866e-08	620	-0.0451037	0.0956704	0.994391	0.45805	0.454678	0.110103	0.0563156	0.011773	0.011113	
1.872e-08	622	-0.0591961	-0.149557	0.986979	0.456468	0.451482	0.0879102	0.110973	0.00430037	0.00405908	
1.878e-08	624	-0.0873665	-0.156529	0.983802	0.442451	0.447097	0.0751901	0.16782	0.00810468	0.00773728	
1.884e-08	626	0.0643369	-0.108591	0.992002	0.44891	0.446593	0.0744099	0.0497162	0.00552721	0.00600182	
1.89e-08	628	-0.0833139	-0.00272012	0.99652	0.422099	0.432672	0.0761455	0.121267	0.0121372	0.0110182	
1.896e-08	630	-0.105693	-0.00381315	0.994391	0.410571	0.430709	0.106609	0.0667066	0.0130727	0.0112215	
1.902e-08	632	-0.0604104	0.143827	0.987757	0.437489	0.427752	0.061146	0.0738933	0.0129139	0.0112597	
1.908e-08	634	0.0452396	-0.0249204	0.998665	0.442219	0.423644	0.0713383	0.105091	0.0106115	0.0105106	
1.914e-08	636	0.00177848	0.04427	0.999018	0.406923	0.418575	0.107188	0.0901234	0.0142698	0.0165597	
1.92e-08	638	0.15525	0.00686086	0.987851	0.431349	0.417636	0.0997394	0.0739927	0.0148462	0.0142518	
1.926e-08	640	-0.027706	-0.0807404	0.99635	0.4166	0.406366	0.0698367	0.039714	0.0125188	0.0119463	
1.932e-08	642	0.167727	-0.0584843	0.984097	0.394704	0.407988	0.077026	0.0885223	0.0122439	0.0122465	
1.938e-08	644	-0.10477	-0.0503984	0.993219	0.391796	0.394913	0.112913	0.0805435	0.0116352	0.0117174	
1.944e-08	646	-0.0376849	0.0916727	0.995076	0.377803	0.393128	0.0694737	0.11085	0.0153953	0.0141071	
1.95e-08	648	0.0190835	-0.0370022	0.999133	0.398762	0.39219	0.111905	0.0750006	0.0104525	0.0103251	
1.956e-08	650	-0.157697	0.0441205	0.986501	0.387384	0.378285	0.116007	0.0543333	0.01479	0.0139468	
1.962e-08	652	-0.0477155	-0.0481244	0.997701	0.386315	0.374575	0.0914359	0.0903507	0.0188974	0.0182632	
1.968e-08	654	0.148865	0.0943702	0.984344	0.380095	0.365988	0.0893687	0.111476	0.0174892	0.0155435	
1.974e-08	656	-0.00279392	-0.088018	0.996115	0.34922	0.365206	0.0877507	0.0897973	0.0135739	0.0144588	
1.98e-08	658	-0.19678	0.145496	0.969592	0.368293	0.357127	0.1411	0.0881857	0.0207193	0.0172688	
1.986e-08	660	-0.134408	0.0532549	0.989494	0.337476	0.351044	0.0655699	0.0958901	0.0150579	0.0128008	
1.992e-08	662	0.0483698	-0.0734529	0.996125	0.343355	0.340566	0.112846	0.0667773	0.0257205	0.0229213	
1.998e-08	664	-0.195013	-0.00154303	0.980799	0.359101	0.337045	0.0689559	0.0991734	0.0165398	0.0146461	
2.004e-08	666	-0.0677806	0.0521566	0.996336	0.333989	0.327469	0.111541	0.0568675	0.0199631	0.0190399	
2.01e-08	668	-0.0906621	0.115408	0.989172	0.320152	0.327022	0.0983731	0.0882857	0.018282	0.0173269	
2.016e-08	670	-0.034378	0.231419	0.972247	0.279359	0.308665	0.110857	0.0906357	0.021885	0.0213096	
2.022e-08	672	0.0623138	0.249612	0.966339	0.33721	0.311365	0.0699205	0.0908998	0.0127679	0.0119721	
2.028e-08	674	0.0875163	-0.0292726	0.995733	0.316785	0.2966	0.111612	0.102388	0.038786	0.0323395	
2.034e-08	676	-0.0739977	-0.251579	0.965004	0.295151	0.285059	0.119324	0.0875915	0.0333351	0.0303221	
2.04e-08	678	-0.055576	-0.00190344	0.998453	0.296831	0.282721	0.0922623	0.104048	0.0336067	0.0297777	
2.046e-08	680	0.367808	0.145835	0.918395	0.248504	0.276099	0.101763	0.102906	0.0331545	0.0259863	
2.052e-08	682	0.030915	0.0485258	0.998343	0.228352	0.256047	0.0922163	0.078076	0.0420209	0.041669	
2.058e-08	684	0.105619	-0.331971	0.937358	0.299993	0.253366	0.118721	0.103325	0.0493392	0.04328	
2.064e-08	686	-0.0627167	-0.162209	0.984761	0.23225	0.230321	0.133016	0.101108	0.0753456	0.0694319	
2.07e-08	688	0.415034	-0.0717373	0.906973	0.272402	0.222746	0.160263	0.167067	0.06823	0.0435609	
2.076e-08	690	0.206049	-0.0498709	0.97727	0.217576	0.231226	0.0745993	0.0942633	0.0565204	0.0496032	
2.082e-08	692	-0.122213	0.173194	0.977276	0.183086	0.208723	0.0966996	0.103669	0.0941703	0.0821708	
2.088e-08	694	0.373074	-0.642577	-0.669261	0.13691	0.180229	0.110575	0.164788	0.0820476	0.065521	
2.094e-08	696	-0.0769174	-0.26371	-0.961531	0.184933	0.165322	0.0985926	0.126414	0.145475	0.133196	
2.1e-08	698	0.300021	0.0840512	-0.950222	0.185916	0.147034	0.1809	0.112101	0.17473	0.132139	
2.106e-08	700	-0.719092	-0.671117	-0.180301	0.101819	0.155336	0.153765	0.115662	0.273643	0.109387	
2.112e-08	702	0.0315755	-0.109901	0.993441	0.161683	0.121422	0.111006	0.0763746	0.926623	0.128437	
2.118e-08	704	-0.195658	0.92435	0.327558	0.0495818	0.0973424	0.103456	0.130347	0.314337	0.105367	
2.124e-08	706	0.00764128	-0.84149	-0.540218	0.0634301	0.0995826	0.0590578	0.107603	0.544861	0.134254	
2.13e-08	708	0.509395	0.777086	-0.369668	0.0439493	0.0807933	0.156375	0.0989106	0.254478	0.0968806	
2.136e-08	710	-0.113801	0.00702776	-0.993479	0.0701892	0.0829524	0.0887485	0.0538967	0.317406	0.060224	
2.142e-08	712	0.858317	-0.210193	0.468093	0.0556979	0.0742325	0.134229	0.0586621	0.225093	0.0686121	
2.148e-08	714	0.950729	-0.0511588	-0.305772	0.0500822	0.0673487	0.0947613	0.0935568	0.136514	0.0466334	
2.154e-08	716	0.779458	0.403459	-0.479235	0.0732998	0.0713773	0.120176	0.0719292	0.179944	0.0355242	
2.16e-08	718	0.212902	-0.259999	-0.941846	0.0727524	0.0603978	0.0680194	0.0580595	0.152009	0.0394365	
2.166e-08	720	-0.840688	0.539107	0.0510615	0.0431577	0.067669	0.102605	0.0520908	0.192555	0.0696487	
2.172e-08	722	0.939392	-0.187129	-0.287273	0.0425939	0.0630986	0.0666353	0.0593761	0.160897	0.0403974	
2.178e-08	724	-0.70751	0.0297488	0.706077	0.0407471	0.0540136	0.0562677	0.0541233	0.101878	0.0319569	
2.184e-08	726	0.142344	-0.128567	-0.981432	0.0520445	0.0493133	0.0772429	0.0459014	0.0666705	0.0318052	
2.19e-08	728	0.295933	0.191871	-0.93574	0.0907647	0.0506123	0.047739	0.0380458	0.10881	0.0317038	
2.196e-08	730	-0.624819	0.754955	-0.199108	0.0193784	0.047911	0.0427641	0.033499	0.103019	0.0309964	
2.202e-08	732	0.137137	-0.369387	-0.919101	0.0621011	0.0410284	0.0292942	0.0391855	0.0583459	0.0207538	
2.208e-08	734	-0.244863	-0.535683	-0.808137	0.0339542	0.0426955	0.0305717	0.0359543	0.0827418	0.0328484	
2.214e-08	736	0.397286	-0.266447	-0.878163	0.0227989	0.037479	0.0257858	0.0355616	0.0387271	0.0115127	
2.22e-08	738	-0.0217042	-0.8605	-0.508989	0.0112576	0.0376215	0.0230981	0.0325712	0.0568578	0.0256513	
2.226e-08	740	-0.950172	0.289841	-0.114741	0.0421344	0.0421694	0.0376063	0.0469976	0.0507912	0.0221075	
2.232e-08	742	0.598811	0.133882	-0.789621	0.0512785	0.0358061	0.0236133	0.0332562	0.0372723	0.0133448	
2.238e-08	744	-0.866034	-0.273987	0.418229	0.0246025	0.0322007	0.016617	0.0264161	0.0319684	0.00857807	
2.244e-08	746	-0.729067	-0.434132	-0.529141	0.0320985	0.0352692	0.0247953	0.0283344	0.035216	0.0167226	
2.25e-08	748	-0.164892	-0.258906	0.951724	0.0235591	0.0400271	0.0269507	0.0237947	0.0597529	0.0153889	
2.256e-08	750	0.34936	0.0626197	0.934894	0.0418091	0.0346645	0.0329875	0.0253526	0.0289202	0.0112216	
2.262e-08	752	-0.162841	0.821855	0.545927	0.0463282	0.0363557	0.0240926	0.0307557	0.0379449	0.0102952	
2.268e-08	754	-0.189758	0.892048	0.410173	0.0509947	0.0325672	0.0238109	0.0346507	0.0213568	0.0149432	
2.274e-08	756	0.145948	0.976481	-0.158693	0.0475545	0.0342044	0.0238373	0.0315635	0.0291584	0.0114601	
2.28e-08	758	0.754746	0.507568	0.415612	0.0214596	0.0350055	0.0248615	0.0263776	0.0363559	0.0108203	
2.286e-08	760	-0.523832	0.578011	0.625703	0.0204836	0.0283743	0.0160373	0.0216125	0.0174378	0.00531821	
2.292e-08	762	-0.593115	0.458259	0.661977	0.0637777	0.0307892	0.0169457	0.0189637	0.0334499	0.0103473	
2.298e-08	764	0.923806	-0.21596	0.316139	0.0258138	0.0308713	0.0209961	0.0218447	0.0289425	0.0134837	
2.304e-08	766	0.366533	0.561429	-0.741924	0.0355054	0.0298174	0.0205485	0.0171375	0.0259152	0.0113682	
2.31e-08	768	-0.108991	0.907158	-0.406431	0.0201804	0.0280292	0.0103449	0.0223237	0.0241993	0.00845588	
2.316e-08	770	-0.48198	-0.847159	0.223645	0.0328427	0.029544	0.0187759	0.0153166	0.0234575	0.00623286	
2.322e-08	772	0.567894	0.140036	0.811102	0.0307609	0.031054	0.0155816	0.0150021	0.0358574	0.00864034	
2.328e-08	774	-0.216398	0.75433	0.619805	0.0199018	0.0279179	0.0186716	0.013597	0.0235169	0.00854772	
2.334e-08	776	0.122298	0.349047	0.929091	0.0332505	0.02899	0.0232827	0.0159595	0.0207359	0.00832741	
2.34e-08	778	-0.361722	0.584754	-0.726099	0.0226587	0.0296156	0.0144989	0.0253265	0.0188073	0.0100092	
2.346e-08	780	0.563084	-0.435689	0.702219	0.0263725	0.0289007	0.0212476	0.015601	0.0211554	0.00934943	
2.352e-08	782	-0.864775	-0.0446257	-0.500173	0.0362422	0.0285647	0.0142271	0.0238458	0.0156757	0.00814238	
2.358e-08	784	-0.81307	-0.100611	-0.573406	0.043096	0.0255968	0.014706	0.0164024	0.0185349	0.00981268	
2.364e-08	786	-0.45203	0.878412	-0.155116	0.0247229	0.0255535	0.0166277	0.0118083	0.0180449	0.00701933	
2.37e-08	788	-0.841218	-0.344735	-0.416546	0.00923387	0.023577	0.018577	0.0117054	0.0105419	0.00897507	
2.376e-08	790	-0.433156	0.00749418	-0.901288	0.0274842	0.0252738	0.0157102	0.0110193	0.0163941	0.00628813	
2.382e-08	792	0.69289	0.366476	0.620966	0.0199136	0.0232824	0.0123868	0.00933973	0.0180311	0.00746338	
2.388e-08	794	-0.423021	0.849399	0.315555	0.0120088	0.0231928	0.0152069	0.00921121	0.0156408	0.00827424	
2.394e-08	796	0.522832	0.829426	0.19672	0.0175997	0.0217506	0.00939796	0.0118629	0.00856117	0.00417231	
2.4e-08	798	0.0996968	0.421917	-0.901136	0.0289083	0.021934	0.0135811	0.00729412	0.0114755	0.00502376	
2.406e-08	800	0.34384	-0.553051	-0.758886	0.0267475	0.0263965	0.0120748	0.016222	0.0165154	0.00640151	
2.412e-08	802	0.187955	-0.98045	0.0582339	0.0288487	0.0247485	0.0120139	0.0105266	0.0169066	0.00651968	
2.418e-08	804	0.487679	-0.134778	-0.862557	0.0204368	0.0240292	0.0117105	0.0126673	0.013309	0.00376037	
2.424e-08	806	-0.673875	0.468542	0.57128	0.0172591	0.0269655	0.0159244	0.0132473	0.0208616	0.0090818	
2.43e-08	808	0.826521	0.372445	-0.422076	0.0224782	0.0227425	0.00945808	0.013942	0.0100085	0.00359165	
2.436e-08	810	0.689553	0.489498	-0.533767	0.0123656	0.0224179	0.0120669	0.00494446	0.0176348	0.00547817	
2.442e-08	812	-0.571789	-0.179303	0.800567	0.0267344	0.0241785	0.00714803	0.0126421	0.0182802	0.00458242	
2.448e-08	814	-0.635137	-0.760809	-0.133307	0.0297498	0.0241318	0.0144625	0.0121327	0.011773	0.00576736	
2.454e-08	816	-0.423456	-0.523262	0.739515	0.0178651	0.0200177	0.0113953	0.00826596	0.00786075	0.00571147	
2.46e-08	818	-0.928382	-0.330182	-0.170546	0.0285794	0.0220515	0.0160731	0.0105598	0.00734126	0.00593824	
2.466e-08	820	-0.38877	-0.913214	0.12206	0.0268597	0.0215637	0.00999816	0.00828781	0.0139622	0.00555092	
2.472e-08	822	0.0164275	0.228882	0.973315	0.0280422	0.0215773	0.00987427	0.0123889	0.00930534	0.00485475	
2.478e-08	824	-0.140671	-0.415521	0.89864	0.026038	0.0212621	0.0060158	0.0105907	0.0102384	0.00330153	
2.484e-08	826	0.315179	-0.836755	0.447777	0.0304422	0.0194067	0.00559016	0.0082945	0.0101364	0.00265997	
2.49e-08	828	0.812118	-0.349099	-0.467541	0.0318064	0.0208184	0.00965771	0.00981133	0.0098912	0.00446535	
2.496e-08	830	-0.493063	-0.687444	0.533206	0.0204778	0.0216378	0.0120324	0.0108213	0.00737211	0.0052897	
2.502e-08	832	0.489041	0.837154	-0.244975	0.0131673	0.0197533	0.0111608	0.00625551	0.00759587	0.00292085	
2.508e-08	834	-0.709636	-0.381321	0.592462	0.00749745	0.0198703	0.00662674	0.00918208	0.0103164	0.00370703	
2.514e-08	836	0.295504	-0.0548452	0.953766	0.00625089	0.0199149	0.0096841	0.00665189	0.00955996	0.00422123	
2.52e-08	838	0.718054	0.69581	0.0157135	0.0344843	0.0228775	0.0093011	0.01565	0.00959562	0.00561219	
2.526e-08	840	0.739532	0.5234	0.423255	0.0208371	0.0199649	0.00635346	0.00931921	0.0112987	0.00463862	
2.532e-08	842	0.696346	-0.717652	0.00879327	0.0229749	0.0184719	0.00778914	0.00558758	0.00624436	0.00241515	
2.538e-08	844	0.721391	0.674019	-0.159038	0.0141701	0.0192915	0.00674727	0.0072299	0.00870549	0.00204253	
2.544e-08	846	-0.00113249	-0.11733	-0.993092	0.00832183	0.0189456	0.0067257	0.00683658	0.00967552	0.00381522	
2.55e-08	848	0.787493	0.538335	0.300084	0.0310104	0.0170811	0.00744473	0.00646156	0.00445585	0.00243911	
2.556e-08	850	-0.299629	0.778876	-0.550976	0.0233792	0.0199012	0.00867527	0.00571069	0.0116497	0.00408234	
2.562e-08	852	0.613701	-0.379263	-0.692482	0.00821163	0.0192746	0.00786245	0.0066607	0.00858563	0.00258692	
2.568e-08	854	-0.94298	0.305804	0.131423	0.0179712	0.0207802	0.0117998	0.0108455	0.00509284	0.00457391	
2.574e-08	856	-0.824453	-0.507945	0.24954	0.0157059	0.0166561	0.0048587	0.0062333	0.00680051	0.00262904	
2.58e-08	858	0.345268	0.214006	-0.913779	0.0347397	0.0210221	0.00535254	0.00994864	0.0110918	0.00324688	
2.586e-08	860	0.736423	0.29064	-0.610909	0.00430041	0.0192821	0.00427587	0.00943627	0.00890461	0.00327679	
2.592e-08	862	-0.684351	-0.404355	0.606762	0.0279632	0.0197835	0.00859387	0.00741066	0.00650423	0.00277534	
2.598e-08	864	-0.789361	-0.0333758	-0.613021	0.0223329	0.020397	0.00823367	0.00506478	0.0121604	0.00329624	
2.604e-08	866	-0.533669	-0.840048	-0.0975551	0.0116322	0.017696	0.00682878	0.00457558	0.00727767	0.00225823	
2.61e-08	868	0.0667431	-0.871281	-0.486225	0.0326768	0.019574	0.00543314	0.00906988	0.00810086	0.00265385	
2.616e-08	870	-0.792902	0.00375334	0.609337	0.00884608	0.0183161	0.00720431	0.00744488	0.00696044	0.0034394	
2.622e-08	872	-0.856569	-0.235084	-0.459374	0.0214768	0.0210858	0.00792898	0.00862948	0.0101502	0.00267678	
2.628e-08	874	-0.842675	0.358126	0.402051	0.0269828	0.0208969	0.0106037	0.00768396	0.00653636	0.00186004	
2.634e-08	876	-0.153397	-0.844054	0.51385	0.0226314	0.0163302	0.00423162	0.00585059	0.00751877	0.00322337	
2.64e-08	878	-0.221198	-0.627156	-0.746825	0.0113754	0.0173171	0.00675633	0.00473461	0.0058418	0.00163148	
2.646e-08	880	-0.644808	0.0867391	-0.759407	0.0189206	0.0157732	0.00626894	0.00423099	0.00548067	0.00262473	
2.652e-08	882	0.578321	-0.79476	-0.184123	0.0113056	0.0164812	0.0067933	0.00478869	0.00504702	0.00268376	
2.658e-08	884	-0.0837051	-0.849596	0.520749	0.0166933	0.0167409	0.00420856	0.00770343	0.00653756	0.00382574	
2.664e-08	886	-0.00790181	0.922556	-0.385782	0.0125922	0.0164492	0.00513982	0.00521936	0.00546995	0.0017523	
2.67e-08	888	-0.454198	-0.571358	0.68356	0.0115768	0.0176659	0.00664438	0.00362796	0.00646341	0.00249243	
2.676e-08	890	0.254281	0.924955	0.282488	0.0167112	0.0160116	0.00466554	0.00652632	0.00440553	0.00256146	
2.682e-08	892	-0.469157	0.49481	0.731474	0.0148506	0.0148784	0.00343649	0.00523955	0.00465656	0.00170212	
2.688e-08	894	-0.254512	-0.954999	-0.15232	0.00952626	0.0159856	0.00622388	0.00624787	0.00297212	0.00298134	
2.694e-08	896	0.925211	0.212672	-0.314254	0.0154715	0.016083	0.00679012	0.00545737	0.00318355	0.0019543	
2.7e-08	898	-0.163962	-0.632862	0.756705	0.0186992	0.0187942	0.00553649	0.00762484	0.00809264	0.00271929	
2.706e-08	900	-0.00901264	0.996042	0.0884205	0.00820787	0.0179352	0.00718757	0.00713865	0.00421791	0.0026574	
