#----------------------------------------------------------------------------------------------------------------------------------------------------------
# Output file for vampire simulation
#   time       : 2024-08-29 04:53:02     process id : 388424
#   hostname   : node115.viking2.yor.alces.network
#   path       : /users/ky883/parameter/WS_dia5/AI_Dataset/size_2.0_2.0_8.0/Temp_900/random_1
#----------------------------------------------------------------------------------------------------------------------------------------------------------
6e-11	0	0.0308247	-0.00217743	0.999522	0.99998	0.999969	0	0	0	0	
1.2e-10	2	-0.00103389	-0.0116049	0.999932	0.998779	0.998817	0.031866	0.0682936	1.01265e-05	4.14681e-06	
1.8e-10	4	-0.0056633	0.00177419	0.999982	0.997622	0.997597	0.0667333	0.0336568	1.72463e-05	1.11252e-05	
2.4e-10	6	-0.0319363	0.00410432	0.999481	0.996422	0.996338	0.0400617	0.0339298	2.68929e-05	1.71414e-05	
3e-10	8	0.0244689	-0.000832718	0.9997	0.995061	0.995206	0.0699345	0.0592001	3.14446e-05	1.8923e-05	
3.6e-10	10	-0.0106714	0.02151	0.999712	0.994318	0.993938	0.0444582	0.0417339	5.99454e-05	3.12085e-05	
4.2e-10	12	0.0153138	0.0141179	0.999783	0.993175	0.992618	0.0613548	0.055148	5.79481e-05	4.58806e-05	
4.8e-10	14	-0.0282267	-0.00751927	0.999573	0.99204	0.991516	0.0524423	0.0417817	7.98189e-05	7.08065e-05	
5.4e-10	16	0.00400364	0.0165749	0.999855	0.989967	0.990347	0.0546398	0.088402	6.68583e-05	3.03745e-05	
6e-10	18	0.00382084	0.0220577	0.999749	0.988664	0.989254	0.051344	0.0381504	6.23382e-05	4.57964e-05	
6.6e-10	20	0.0349813	-4.71462e-05	0.999388	0.98758	0.987864	0.057336	0.0352562	9.06862e-05	6.13182e-05	
7.2e-10	22	-0.0101927	-0.0155618	0.999827	0.986339	0.986709	0.0521771	0.0553807	0.000144129	9.50915e-05	
7.8e-10	24	-0.0123153	0.0169473	0.999781	0.987175	0.985191	0.0563756	0.0491931	0.000121012	7.77034e-05	
8.4e-10	26	-0.0292676	-0.0217703	0.999335	0.983648	0.984079	0.0434875	0.0604158	0.000155705	0.000135579	
9e-10	28	-0.00231461	0.00957849	0.999951	0.983488	0.983323	0.0683351	0.0744421	0.000121409	5.80154e-05	
9.6e-10	30	-0.0392312	-0.0310977	0.998746	0.976983	0.981671	0.0721559	0.050582	0.000256189	0.000142434	
1.02e-09	32	0.00478886	0.00555585	0.999973	0.980606	0.980329	0.0453175	0.0523705	9.58058e-05	6.3438e-05	
1.08e-09	34	0.0473471	0.0257812	0.998546	0.981531	0.979931	0.0688426	0.0387633	8.96722e-05	7.70777e-05	
1.14e-09	36	-0.00166828	-0.0216777	0.999764	0.977546	0.978641	0.0503122	0.0517577	0.000105883	5.64267e-05	
1.2e-09	38	-0.0128653	0.0233072	0.999646	0.979193	0.976797	0.0450442	0.0557715	8.40459e-05	6.17598e-05	
1.26e-09	40	0.0336688	-0.00417132	0.999424	0.977523	0.975282	0.0888193	0.0447685	0.000242869	0.000190057	
1.32e-09	42	0.0302016	-0.00920448	0.999501	0.974763	0.973843	0.0420162	0.0484672	0.000162837	0.00011871	
1.38e-09	44	-0.0511064	-0.0183387	0.998525	0.97137	0.972837	0.0626449	0.05254	0.000315271	0.000157104	
1.44e-09	46	0.00882061	0.00884438	0.999922	0.969707	0.971383	0.0636641	0.0422858	0.000175541	0.000116719	
1.5e-09	48	-0.0086922	0.0134583	0.999872	0.9713	0.970306	0.0601606	0.0450692	0.000156131	9.98557e-05	
1.56e-09	50	-0.0780275	-0.0167765	0.99681	0.967091	0.969432	0.0565928	0.0561382	0.000186045	0.000153348	
1.62e-09	52	4.15926e-05	0.0279725	0.999609	0.96901	0.968186	0.047621	0.0490224	0.000185667	9.90815e-05	
1.68e-09	54	0.0359439	-0.0105107	0.999299	0.965829	0.966919	0.0444693	0.0509732	0.000233125	0.000141255	
1.74e-09	56	-0.0285544	0.0617012	0.997686	0.964524	0.965701	0.0965155	0.0428519	0.000239323	0.000186475	
1.8e-09	58	-0.0498298	0.111063	0.992563	0.967151	0.964657	0.0379094	0.0767098	0.000177024	0.000162082	
1.86e-09	60	0.0333669	-0.0147096	0.999335	0.962246	0.962531	0.0712783	0.057514	0.000342433	0.000228889	
1.92e-09	62	0.0513625	0.0775814	0.995662	0.96085	0.961106	0.0613056	0.059567	0.000232894	0.000137941	
1.98e-09	64	0.035378	0.0197884	0.999178	0.960082	0.960115	0.0532119	0.0645095	0.000335394	0.000162702	
2.04e-09	66	0.0198282	0.0308574	0.999327	0.960154	0.959098	0.0457209	0.0763896	0.000398118	0.00017096	
2.1e-09	68	-0.0145665	0.0400657	0.999091	0.955848	0.957874	0.0500311	0.0394849	0.000263435	0.000170664	
2.16e-09	70	0.0353722	0.0722536	0.996759	0.958834	0.956158	0.0627382	0.0616646	0.000277427	0.000181192	
2.22e-09	72	-0.0743317	-0.00272625	0.99723	0.953622	0.955088	0.0530001	0.0462192	0.000280841	0.000204565	
2.28e-09	74	0.00845694	-0.0504596	0.99869	0.953059	0.955374	0.0541313	0.0461024	0.000288666	0.000269599	
2.34e-09	76	-0.0136956	-0.0426343	0.998997	0.950108	0.952453	0.0393592	0.0264284	0.000303901	0.000324342	
2.4e-09	78	-0.0401917	0.027535	0.998813	0.952189	0.950646	0.0825993	0.0866567	0.000623436	0.000314878	
2.46e-09	80	0.010061	-0.0608646	0.998095	0.953328	0.951007	0.0339215	0.0481126	0.00033994	0.00031659	
2.52e-09	82	0.0478436	-0.0211647	0.998631	0.949043	0.947818	0.0403463	0.0696089	0.000428668	0.000399996	
2.58e-09	84	0.0108755	0.120825	0.992614	0.951623	0.946482	0.0459434	0.0438415	0.000272486	0.000220417	
2.64e-09	86	-0.114878	0.0415533	0.99251	0.943882	0.945946	0.0801795	0.0440005	0.000616598	0.000306559	
2.7e-09	88	-0.0178461	0.0813292	0.996528	0.939642	0.945413	0.071525	0.0656869	0.000442584	0.000246575	
2.76e-09	90	0.0381666	-0.0888655	0.995312	0.940684	0.944315	0.0735723	0.072219	0.000887027	0.000397906	
2.82e-09	92	-0.066252	-0.0149029	0.997692	0.949425	0.942041	0.0498233	0.0404535	0.000374011	0.000325755	
2.88e-09	94	0.0705029	0.0891776	0.993517	0.935796	0.941132	0.076648	0.0584346	0.000634507	0.000429109	
2.94e-09	96	0.0410346	0.0277654	0.998772	0.935957	0.939657	0.0800706	0.0672352	0.000841897	0.000404688	
3e-09	98	-0.0248325	0.00585757	0.999674	0.939204	0.937607	0.0909382	0.0356149	0.000544918	0.000401782	
3.06e-09	100	0.00925494	-0.010519	0.999902	0.938607	0.937667	0.0454484	0.0763013	0.000516716	0.000371924	
3.12e-09	102	-0.0138868	-0.0285318	0.999496	0.93743	0.93502	0.0575165	0.0366261	0.000711594	0.00046116	
3.18e-09	104	-0.0284633	0.060499	0.997762	0.93549	0.933131	0.039286	0.047718	0.000860276	0.000670993	
3.24e-09	106	0.12655	0.00723414	0.991934	0.930085	0.933017	0.0557344	0.0541408	0.00077513	0.000461701	
3.3e-09	108	-0.0614808	0.0481526	0.996946	0.940612	0.932638	0.0501141	0.0558286	0.000580872	0.000338973	
3.36e-09	110	0.119371	-0.114251	0.986254	0.936459	0.931652	0.053332	0.0717982	0.000315203	0.000222534	
3.42e-09	112	-0.0170925	0.00616336	0.999835	0.931449	0.928071	0.0821569	0.0526772	0.000629513	0.000277414	
3.48e-09	114	0.132364	0.0575092	0.989531	0.931528	0.927416	0.0698766	0.0298488	0.000525421	0.000486271	
3.54e-09	116	0.0445047	0.0653703	0.996868	0.926546	0.926788	0.0577995	0.0959583	0.000705275	0.000345976	
3.6e-09	118	-0.0621768	0.0441896	0.997086	0.928114	0.924211	0.0553255	0.0417358	0.000742902	0.000489695	
3.66e-09	120	-0.0209685	-0.00112629	0.99978	0.91947	0.923547	0.0465912	0.0413283	0.000573622	0.000378616	
3.72e-09	122	0.112158	-0.0533498	0.992257	0.921791	0.922563	0.0664306	0.0279827	0.000734309	0.000276117	
3.78e-09	124	0.0291607	-0.142287	0.989396	0.924606	0.921447	0.054154	0.0663429	0.000628178	0.000457303	
3.84e-09	126	-0.0827943	0.0473266	0.995442	0.921334	0.919696	0.0876619	0.0832468	0.00055592	0.000309034	
3.9e-09	128	-0.0678525	-0.0648892	0.995583	0.919103	0.918966	0.0914026	0.0688511	0.000744234	0.000451488	
3.96e-09	130	-0.0318214	0.09667	0.994808	0.915291	0.916602	0.0624822	0.0626877	0.000567983	0.000393454	
4.02e-09	132	0.0200497	0.0571273	0.998166	0.915198	0.914984	0.0504528	0.043181	0.000821376	0.000606705	
4.08e-09	134	0.0456108	0.124707	0.991145	0.915315	0.914704	0.0393963	0.0489032	0.00061815	0.000403307	
4.14e-09	136	-0.0666802	0.061022	0.995907	0.920558	0.914206	0.0445971	0.0495	0.00041469	0.000301712	
4.2e-09	138	0.114865	-0.035533	0.992745	0.915702	0.909321	0.0812239	0.0748699	0.000781089	0.000421775	
4.26e-09	140	0.0647604	0.0858263	0.994203	0.909684	0.91165	0.059091	0.0374359	0.000367826	0.00026474	
4.32e-09	142	0.0109987	-0.0887077	0.995997	0.917281	0.910588	0.0618356	0.0601642	0.000580128	0.000260941	
4.38e-09	144	0.0156824	0.209376	0.977709	0.898597	0.906681	0.0422786	0.0593939	0.00113526	0.000662786	
4.44e-09	146	0.0584676	0.0175805	0.998134	0.910308	0.907495	0.0541746	0.0616817	0.000649784	0.000324034	
4.5e-09	148	-0.112494	-0.128735	0.985278	0.899412	0.903383	0.126032	0.0869295	0.00109631	0.000474226	
4.56e-09	150	-0.0178721	0.148749	0.988713	0.898681	0.903941	0.0646567	0.0668633	0.000731193	0.000245603	
4.62e-09	152	0.0574524	-0.0949425	0.993823	0.898932	0.900168	0.076265	0.0473868	0.0013962	0.000800658	
4.68e-09	154	-0.0527709	-0.0710722	0.996074	0.906338	0.899381	0.0769609	0.0550113	0.00111819	0.000757623	
4.74e-09	156	-0.0355769	-0.0708087	0.996855	0.902675	0.896308	0.0534218	0.0573244	0.000911014	0.000761722	
4.8e-09	158	0.0945103	0.0252457	0.995204	0.891904	0.895462	0.0756648	0.140181	0.00232367	0.000735177	
4.86e-09	160	-0.00153258	-0.0582378	0.998302	0.899223	0.895702	0.0620232	0.0634525	0.00123157	0.000726589	
4.92e-09	162	0.0114828	-0.0922146	0.995673	0.885006	0.894186	0.0395551	0.0567421	0.00071854	0.000366104	
4.98e-09	164	-0.0180441	0.0747279	0.997041	0.898095	0.891712	0.038201	0.0373779	0.000880965	0.00063036	
5.04e-09	166	0.0298131	-0.072654	0.996912	0.880541	0.891862	0.0784833	0.0665046	0.0014524	0.000948507	
5.1e-09	168	0.146031	0.02637	0.988929	0.886421	0.891997	0.0555083	0.0380481	0.00062072	0.000426532	
5.16e-09	170	-0.00496473	-0.0962328	0.995346	0.899807	0.890975	0.0571697	0.0530577	0.00123515	0.000869466	
5.22e-09	172	0.0595642	-0.074688	0.995426	0.890978	0.889453	0.0402132	0.0690382	0.000787444	0.00061838	
5.28e-09	174	-0.00214926	0.0161254	0.999868	0.897219	0.883633	0.0521107	0.0556842	0.00152763	0.00135387	
5.34e-09	176	-0.0618588	0.00519418	0.998071	0.889096	0.883685	0.062915	0.0323262	0.00119582	0.000813575	
5.4e-09	178	-0.0200085	0.118022	0.992809	0.895172	0.885734	0.0700016	0.0716855	0.000513729	0.000680544	
5.46e-09	180	0.0230303	0.00577209	0.999718	0.877809	0.880483	0.0586629	0.0741614	0.000768374	0.000426532	
5.52e-09	182	0.105582	0.037407	0.993707	0.882049	0.883899	0.0613942	0.0604843	0.000909469	0.000556197	
5.58e-09	184	-0.0980077	-0.252395	0.962648	0.884683	0.877253	0.0787127	0.0929072	0.00168367	0.00126831	
5.64e-09	186	-0.0619465	0.0358316	0.997436	0.868955	0.875087	0.0702653	0.0853041	0.00167035	0.000901022	
5.7e-09	188	-0.0315856	-0.0184647	0.99933	0.872542	0.87504	0.0619176	0.0425034	0.0011466	0.000733442	
5.76e-09	190	-0.0693235	-0.0768754	0.994628	0.875265	0.87084	0.0698206	0.0588484	0.00412533	0.00155595	
5.82e-09	192	0.0271538	-0.00373718	0.999624	0.866134	0.877659	0.0361869	0.0405097	0.000638037	0.000431587	
5.88e-09	194	0.208749	0.168464	0.96335	0.865653	0.870582	0.0570554	0.0647343	0.00185744	0.00110423	
5.94e-09	196	0.0839343	0.0121465	0.996397	0.877106	0.869245	0.0584227	0.0552482	0.00174801	0.000925576	
6e-09	198	-0.00815865	0.117817	0.993002	0.845142	0.86459	0.0820691	0.0415517	0.00139066	0.00108808	
6.06e-09	200	-0.164787	0.114822	0.979623	0.8597	0.864839	0.0842147	0.065657	0.00150765	0.000831264	
6.12e-09	202	0.0634132	-0.144356	0.987492	0.870158	0.864898	0.0471961	0.0568819	0.00101021	0.000784099	
6.18e-09	204	0.000767503	0.0707798	0.997492	0.860843	0.862059	0.0500778	0.0559887	0.00146496	0.000749873	
6.24e-09	206	0.117987	0.0766746	0.990051	0.862335	0.85996	0.0770148	0.0548596	0.00206511	0.00138457	
6.3e-09	208	-0.017548	-0.192492	0.981142	0.860515	0.860741	0.038177	0.0478802	0.00144039	0.00119627	
6.36e-09	210	0.0540138	0.00547389	0.998525	0.867678	0.855675	0.0623855	0.0465408	0.00138592	0.0010646	
6.42e-09	212	0.122775	0.0504179	0.991153	0.858606	0.855452	0.0657224	0.0530175	0.000938276	0.000804104	
6.48e-09	214	0.14946	-0.0943155	0.984259	0.850132	0.855979	0.0488604	0.0694616	0.00153106	0.00108067	
6.54e-09	216	0.108403	0.0559558	0.992531	0.859027	0.851514	0.0490709	0.056561	0.00154677	0.000850921	
6.6e-09	218	-0.0572428	-0.0399055	0.997562	0.843454	0.850912	0.0643046	0.0859668	0.0022827	0.00102304	
6.66e-09	220	0.0837256	-0.0171603	0.996341	0.85008	0.849995	0.0585083	0.057477	0.00172108	0.000932158	
6.72e-09	222	0.0195396	-0.0204505	0.9996	0.839964	0.848622	0.106957	0.0516489	0.00173043	0.00138865	
6.78e-09	224	-0.0387952	0.0112065	0.999184	0.840921	0.8492	0.0887428	0.0641236	0.00205813	0.000926416	
6.84e-09	226	0.0924135	0.0242847	0.995425	0.844839	0.844112	0.0711705	0.0767893	0.0017107	0.000943543	
6.9e-09	228	0.14204	0.00159034	0.98986	0.861298	0.84717	0.0678735	0.0559328	0.00113623	0.000769169	
6.96e-09	230	0.110694	0.137172	0.984343	0.84598	0.842605	0.0537491	0.0622821	0.00117041	0.000879276	
7.02e-09	232	-0.0735714	-0.186551	0.979687	0.849229	0.842651	0.0834334	0.0622702	0.00221558	0.00113858	
7.08e-09	234	-0.0672531	-0.192319	0.979025	0.835104	0.840583	0.0510643	0.0601912	0.00169458	0.00131583	
7.14e-09	236	0.00644613	0.058384	0.998273	0.82872	0.835615	0.0623718	0.0918874	0.00265805	0.00120007	
7.2e-09	238	0.166484	-0.0929735	0.981651	0.845929	0.837468	0.0986806	0.0584366	0.00300952	0.00137342	
7.26e-09	240	0.0905581	0.213955	0.972637	0.838837	0.838415	0.126471	0.0748606	0.00170532	0.000424805	
7.32e-09	242	-0.0634945	0.138633	0.988306	0.830561	0.832342	0.0679286	0.0758853	0.00317681	0.00193114	
7.38e-09	244	0.0652758	-0.0119853	0.997795	0.848217	0.832742	0.0426207	0.0657488	0.000868021	0.000824489	
7.44e-09	246	-0.143106	-0.0295349	0.989267	0.811826	0.826654	0.111701	0.0319734	0.00245112	0.000484956	
7.5e-09	248	0.0516302	0.0342701	0.998078	0.838658	0.828539	0.0581691	0.0376391	0.00165699	0.00128648	
7.56e-09	250	0.0278341	0.0864106	0.995871	0.837374	0.825775	0.0445155	0.0902087	0.0020967	0.00130373	
7.62e-09	252	0.0713175	0.00636551	0.997433	0.822107	0.826301	0.0599321	0.0645892	0.00261157	0.000919156	
7.68e-09	254	0.00864616	-0.0138172	0.999867	0.832356	0.826617	0.0465365	0.0371696	0.00119892	0.00119505	
7.74e-09	256	-0.170034	-0.0308743	0.984954	0.834981	0.824994	0.0532366	0.0360337	0.00142518	0.00098275	
7.8e-09	258	0.126804	0.263684	0.956238	0.81182	0.820154	0.0613036	0.0831402	0.00289645	0.00107011	
7.86e-09	260	-0.0044925	0.0212496	0.999764	0.838406	0.819569	0.0645786	0.0654614	0.00242473	0.00158802	
7.92e-09	262	-0.0223143	0.265051	0.963976	0.818028	0.816752	0.0445056	0.0571565	0.00202176	0.00148555	
7.98e-09	264	0.0435539	0.151942	0.987429	0.824148	0.817671	0.0565282	0.0769625	0.00289047	0.00224398	
8.04e-09	266	0.109073	-0.0707346	0.991514	0.81819	0.813639	0.0569318	0.0740071	0.00160084	0.000660661	
8.1e-09	268	-0.0514829	-0.119759	0.991467	0.816667	0.814234	0.0854588	0.0839897	0.00341079	0.001827	
8.16e-09	270	0.000910405	-0.0643141	0.997929	0.810766	0.811433	0.0487437	0.059715	0.00259915	0.00148795	
8.22e-09	272	-0.0589921	-0.080117	0.995038	0.818714	0.807875	0.0497881	0.0944907	0.00536001	0.00241063	
8.28e-09	274	0.116203	0.0461738	0.992152	0.831408	0.807167	0.0605017	0.0392171	0.00304188	0.00274577	
8.34e-09	276	0.0947162	-0.0984542	0.990624	0.819269	0.805838	0.0533275	0.0640049	0.00283841	0.0018917	
8.4e-09	278	-0.0490166	0.127289	0.990654	0.810697	0.806835	0.053729	0.0639636	0.00201664	0.00145329	
8.46e-09	280	0.102948	-0.0376013	0.993976	0.795054	0.802636	0.0732874	0.0486998	0.00226095	0.00115873	
8.52e-09	282	-0.0888392	0.195056	0.97676	0.794828	0.796231	0.0709777	0.129767	0.00294962	0.000943614	
8.58e-09	284	-0.0224147	-0.20755	0.977968	0.806306	0.801279	0.0874091	0.0611885	0.00280016	0.00140724	
8.64e-09	286	0.00236089	-0.0957126	0.995406	0.837418	0.792178	0.0521681	0.0492849	0.0040395	0.00241709	
8.7e-09	288	-0.00576832	-0.0957448	0.995389	0.791907	0.791826	0.0560298	0.0738115	0.00212732	0.00090864	
8.76e-09	290	0.0712189	0.0780781	0.9944	0.789922	0.792736	0.132662	0.0719715	0.00411616	0.00175148	
8.82e-09	292	-0.0209347	-0.150077	0.988453	0.803369	0.790816	0.072113	0.0593292	0.00276927	0.00252862	
8.88e-09	294	0.00989473	0.0268156	0.999591	0.812203	0.794516	0.0452555	0.0535427	0.00301794	0.00138964	
8.94e-09	296	0.237224	-0.0703488	0.968905	0.798181	0.784496	0.0614358	0.0799246	0.00274258	0.00185426	
9e-09	298	0.0532664	0.0171954	0.998432	0.770129	0.785208	0.0764801	0.0557539	0.00141962	0.000989696	
9.06e-09	300	0.0149102	0.0449952	0.998876	0.791753	0.784111	0.032439	0.0735199	0.00164967	0.00102508	
9.12e-09	302	-0.0610289	-0.0410841	0.99729	0.794676	0.785132	0.0839695	0.0656159	0.00516576	0.00275799	
9.18e-09	304	-0.0383806	0.00240605	0.99926	0.777376	0.780557	0.0590038	0.100142	0.00445	0.00158193	
9.24e-09	306	-0.261037	0.146898	0.954086	0.793269	0.778974	0.0621313	0.0781275	0.00297532	0.00226014	
9.3e-09	308	-0.227245	-0.124264	0.965877	0.783377	0.77604	0.0818767	0.0502477	0.00302113	0.00168352	
9.36e-09	310	0.120168	0.0857094	0.989047	0.798524	0.782723	0.0621486	0.0788359	0.00242124	0.00166415	
9.42e-09	312	-0.190968	-0.333093	0.923353	0.670392	0.771188	0.121535	0.0642397	0.00873841	0.00402803	
9.48e-09	314	-0.141625	0.10297	0.98455	0.792658	0.77373	0.0623614	0.0861845	0.00353164	0.00231635	
9.54e-09	316	-0.0455809	0.0273119	0.998587	0.75275	0.768988	0.0503352	0.0628307	0.0028135	0.00247479	
9.6e-09	318	-0.152527	0.0584379	0.98657	0.755786	0.760132	0.0967187	0.0790131	0.00459655	0.0024094	
9.66e-09	320	0.0779661	0.0157431	0.996832	0.77243	0.767857	0.0614289	0.0974432	0.00542728	0.0019559	
9.72e-09	322	0.0876164	-0.0813074	0.992831	0.758173	0.766236	0.0844713	0.0572844	0.0032114	0.00193279	
9.78e-09	324	0.133938	0.0863637	0.987219	0.769641	0.75928	0.0907915	0.0823974	0.00363359	0.0018066	
9.84e-09	326	-0.0344797	-0.0306017	0.998937	0.778492	0.758901	0.0953749	0.0701837	0.00603832	0.00259283	
9.9e-09	328	0.0175095	-0.106677	0.99414	0.763772	0.750896	0.0421354	0.0453267	0.00478087	0.00335077	
9.96e-09	330	0.109569	0.0907906	0.989824	0.781412	0.756433	0.083809	0.0524913	0.00498945	0.00205074	
1.002e-08	332	-0.0430389	-0.0691646	0.996676	0.749311	0.756617	0.074429	0.0452093	0.00389958	0.00158428	
1.008e-08	334	-0.139247	0.201978	0.969441	0.761889	0.754611	0.0748476	0.0746024	0.00263404	0.000862221	
1.014e-08	336	0.0318847	-0.0950179	0.994965	0.760475	0.757693	0.0780786	0.0901348	0.00812219	0.00184687	
1.02e-08	338	-0.00848685	0.0649561	0.997852	0.750878	0.751496	0.072357	0.0716688	0.00574852	0.0016928	
1.026e-08	340	0.0486371	-0.0635292	0.996794	0.682039	0.74732	0.0667181	0.0573657	0.00590931	0.0022145	
1.032e-08	342	0.00262571	0.256435	0.966558	0.746128	0.743059	0.0468839	0.0654077	0.00355844	0.00195899	
1.038e-08	344	-0.190967	-0.0759187	0.978656	0.752715	0.744921	0.0580008	0.10783	0.0036868	0.00197899	
1.044e-08	346	-0.0461379	0.249893	0.967174	0.769693	0.739179	0.0460468	0.0612851	0.00264289	0.00254369	
1.05e-08	348	-0.126559	0.22489	0.96613	0.750958	0.739871	0.0561677	0.073745	0.00285811	0.00237057	
1.056e-08	350	0.300874	0.117247	0.946429	0.762089	0.744568	0.0967741	0.0713582	0.0028523	0.000909162	
1.062e-08	352	0.150631	0.0927332	0.984231	0.719074	0.734585	0.0446123	0.0562736	0.00263852	0.00231818	
1.068e-08	354	-0.201488	-0.127818	0.971115	0.731784	0.736212	0.0996757	0.0668646	0.00156887	0.0013968	
1.074e-08	356	-0.335197	0.0810438	0.938656	0.73114	0.730983	0.086594	0.0792863	0.00629087	0.00275277	
1.08e-08	358	-0.119249	0.165495	0.978975	0.728713	0.722609	0.0701187	0.0518092	0.00521493	0.00210894	
1.086e-08	360	-0.137582	0.133828	0.981408	0.743702	0.726572	0.0689151	0.0457941	0.00267597	0.00155452	
1.092e-08	362	-0.0446142	-0.0916986	0.994787	0.759934	0.720245	0.0581706	0.0559726	0.00450904	0.00261808	
1.098e-08	364	0.0695202	-0.203282	0.976649	0.697194	0.724344	0.096363	0.0610427	0.00465999	0.00339057	
1.104e-08	366	0.327189	0.192311	0.925183	0.706245	0.718924	0.0748798	0.119447	0.00851102	0.00244542	
1.11e-08	368	-0.111431	0.139028	0.983999	0.701405	0.716079	0.0793647	0.123386	0.00736452	0.00195562	
1.116e-08	370	-0.229276	-0.0411341	0.972492	0.747697	0.713984	0.0642976	0.062406	0.00638968	0.0042158	
1.122e-08	372	-0.0931059	0.322827	0.941867	0.708546	0.710606	0.0532526	0.0679739	0.00656777	0.00479587	
1.128e-08	374	-0.0381823	0.200632	0.978922	0.712066	0.706706	0.115527	0.0947967	0.00900769	0.0036999	
1.134e-08	376	0.151481	0.263603	0.952663	0.710878	0.71421	0.0711943	0.0703653	0.00537263	0.00213035	
1.14e-08	378	0.132696	0.0542154	0.989673	0.73051	0.712084	0.0978623	0.0925525	0.00609062	0.00268064	
1.146e-08	380	-0.0483412	0.0550578	0.997312	0.716861	0.710383	0.034559	0.0640984	0.00272123	0.00154345	
1.152e-08	382	0.102729	-0.0959827	0.990068	0.676588	0.703592	0.0738648	0.0814496	0.00311072	0.00295037	
1.158e-08	384	-0.0501651	-0.352645	0.934411	0.709284	0.707972	0.0768862	0.0576159	0.00242649	0.00166761	
1.164e-08	386	0.149221	-0.199381	0.968494	0.705254	0.701411	0.0698512	0.0896946	0.00768716	0.00265919	
1.17e-08	388	0.00937965	0.171131	0.985204	0.708749	0.698138	0.042606	0.0659015	0.00424434	0.00310494	
1.176e-08	390	-0.097096	0.0539461	0.993812	0.698044	0.69752	0.0863355	0.0905058	0.00608856	0.00205169	
1.182e-08	392	0.0948859	-0.292917	0.951418	0.713741	0.693109	0.0998031	0.0630691	0.00716474	0.00378027	
1.188e-08	394	-0.138241	0.196972	0.970614	0.647885	0.697023	0.0837071	0.0561735	0.00212115	0.00154342	
1.194e-08	396	0.146802	0.0563111	0.987562	0.687402	0.683005	0.0443237	0.144615	0.0102673	0.00316248	
1.2e-08	398	0.227766	0.0853481	0.969968	0.715347	0.683861	0.117887	0.0666682	0.00574424	0.00305682	
1.206e-08	400	0.308018	0.00740969	0.951352	0.732941	0.672324	0.114332	0.0709135	0.012467	0.00558933	
1.212e-08	402	-0.0754364	0.353002	0.932577	0.679312	0.674348	0.0809902	0.0663426	0.0109912	0.00300285	
1.218e-08	404	0.0896826	0.259323	0.961618	0.667717	0.680284	0.0403937	0.0984355	0.00464509	0.00395817	
1.224e-08	406	-0.379353	-0.0843198	0.921402	0.704677	0.680067	0.0657248	0.064348	0.00728969	0.00626466	
1.23e-08	408	-0.125094	0.122851	0.98451	0.692368	0.68226	0.0699809	0.0585267	0.00481426	0.00266105	
1.236e-08	410	-0.0118173	-0.158292	0.987322	0.682065	0.665666	0.112214	0.0755804	0.0123131	0.00490602	
1.242e-08	412	0.0587955	-0.259462	0.963962	0.535926	0.669471	0.074736	0.0828602	0.0110311	0.00676986	
1.248e-08	414	-0.0892594	0.0465342	0.994921	0.658516	0.664771	0.034026	0.0873108	0.00450768	0.00230185	
1.254e-08	416	0.11003	0.305029	0.945966	0.721489	0.662397	0.151123	0.117794	0.0248788	0.00649452	
1.26e-08	418	0.140641	-0.193499	0.970968	0.636288	0.668606	0.0860076	0.0753614	0.00617042	0.00236437	
1.266e-08	420	0.139914	-0.102452	0.984849	0.593763	0.656485	0.104967	0.101989	0.00621243	0.0025813	
1.272e-08	422	-0.257331	0.187566	0.947945	0.581417	0.662362	0.0786916	0.0972206	0.00845002	0.00484609	
1.278e-08	424	0.0793563	0.0612186	0.994965	0.692969	0.652788	0.0567474	0.0628836	0.00481978	0.00217175	
1.284e-08	426	0.157057	-0.0250385	0.987272	0.673163	0.652011	0.0606925	0.0543845	0.00877722	0.00510882	
1.29e-08	428	0.163383	-0.185147	0.969034	0.628319	0.649183	0.0431713	0.0890274	0.00442601	0.00240086	
1.296e-08	430	0.101247	-0.131111	0.986184	0.659674	0.653754	0.0514316	0.0913724	0.00473683	0.00289345	
1.302e-08	432	0.184588	0.00383329	0.982809	0.656602	0.636192	0.0508618	0.0882177	0.0133918	0.00574725	
1.308e-08	434	-0.494796	-0.237315	0.835977	0.623053	0.646762	0.0817955	0.0394768	0.00979234	0.00436961	
1.314e-08	436	0.015181	0.181761	0.983226	0.671483	0.643725	0.0708308	0.0698662	0.00766772	0.00362498	
1.32e-08	438	-0.463745	0.12064	0.877717	0.646693	0.629677	0.0840052	0.102823	0.0214682	0.00768841	
1.326e-08	440	0.223118	0.0421346	0.97388	0.635303	0.628445	0.0635863	0.100823	0.00997963	0.00359807	
1.332e-08	442	-0.258141	-0.30709	0.916001	0.65668	0.626215	0.0639949	0.122671	0.0132462	0.00481442	
1.338e-08	444	0.204451	-0.324882	0.923391	0.650997	0.632772	0.0489874	0.0987706	0.00888411	0.00333153	
1.344e-08	446	0.322996	-0.308185	0.894816	0.609002	0.625549	0.0993561	0.169131	0.0364135	0.00305923	
1.35e-08	448	-0.0734981	-0.14247	0.987066	0.657653	0.616204	0.0910287	0.121092	0.013886	0.0072744	
1.356e-08	450	-0.198046	-0.242333	0.949764	0.649256	0.634185	0.107684	0.0937529	0.00855237	0.00180099	
1.362e-08	452	-0.12849	-0.022777	0.991449	0.619387	0.603588	0.0843329	0.13117	0.0395058	0.0139574	
1.368e-08	454	0.357111	-0.330581	0.873606	0.626773	0.612045	0.104485	0.0724321	0.00589488	0.00354875	
1.374e-08	456	-0.105479	0.0668623	0.992171	0.596459	0.5881	0.0732649	0.0696139	0.0113301	0.00579656	
1.38e-08	458	0.147976	-0.468568	0.870946	0.587163	0.606878	0.108162	0.0916619	0.0181713	0.00791782	
1.386e-08	460	0.298478	-0.0317284	0.953889	0.575145	0.610885	0.0939138	0.0630437	0.0151831	0.00425997	
1.392e-08	462	-0.00096014	-0.134208	0.990953	0.563917	0.594549	0.0463102	0.0834165	0.00654969	0.00374158	
1.398e-08	464	-0.445339	-0.505994	0.738676	0.382445	0.589327	0.0972051	0.124008	0.0245538	0.0143225	
1.404e-08	466	0.148016	-0.117618	-0.981966	0.605663	0.595538	0.0455452	0.100766	0.0147175	0.00621183	
1.41e-08	468	0.177636	-0.190399	-0.965502	0.596918	0.602224	0.072557	0.0563212	0.0099342	0.00405854	
1.416e-08	470	-0.495648	0.0227903	-0.868224	0.541988	0.583706	0.158987	0.0901025	0.0229592	0.00554158	
1.422e-08	472	-0.0324477	-0.015563	-0.999352	0.65404	0.598664	0.100531	0.054244	0.0134203	0.00582092	
1.428e-08	474	0.145824	0.204166	-0.968014	0.605371	0.588404	0.141189	0.0665411	0.0228739	0.00428519	
1.434e-08	476	0.115827	0.26446	-0.957416	0.543664	0.580076	0.109506	0.141666	0.0326024	0.0050215	
1.44e-08	478	0.142612	-0.252278	-0.957088	0.622593	0.598846	0.0654837	0.147156	0.014549	0.0034515	
1.446e-08	480	0.0882966	-0.311583	-0.946108	0.609616	0.570089	0.0849372	0.123354	0.0181286	0.00932545	
1.452e-08	482	-0.168632	-0.536935	-0.826598	0.622261	0.58021	0.0691261	0.101336	0.0273561	0.00498414	
1.458e-08	484	-0.241992	0.388654	-0.889037	0.510452	0.567835	0.0663079	0.101406	0.012678	0.00355018	
1.464e-08	486	0.00446702	0.0717004	-0.997416	0.527312	0.569373	0.0886515	0.0824159	0.017715	0.00510888	
1.47e-08	488	-0.35882	0.26496	-0.895011	0.557922	0.574312	0.078809	0.0973985	0.0155676	0.00484391	
1.476e-08	490	-0.0955558	0.262948	-0.960066	0.542869	0.557168	0.0767792	0.0798481	0.0109851	0.00840685	
1.482e-08	492	0.255339	0.491733	-0.832467	0.55114	0.538138	0.109827	0.107881	0.0227394	0.0113905	
1.488e-08	494	-0.342858	0.264536	-0.901371	0.534293	0.54663	0.0896293	0.099304	0.0156894	0.00834989	
1.494e-08	496	-0.265264	0.0257351	0.963832	0.625531	0.546247	0.153403	0.0903286	0.402856	0.00861436	
1.5e-08	498	0.241044	-0.13913	-0.96049	0.560703	0.52999	0.0977987	0.108627	0.799669	0.0168511	
1.506e-08	500	0.150277	-0.063723	-0.986588	0.559849	0.544807	0.109372	0.133308	0.0274109	0.0040853	
1.512e-08	502	-0.228039	0.250919	-0.940764	0.579882	0.527254	0.0740999	0.0868399	0.0447119	0.0160955	
1.518e-08	504	-0.218599	0.0978709	-0.970894	0.481488	0.537027	0.0885594	0.0952558	0.0120874	0.00578715	
1.524e-08	506	0.445515	-0.230712	-0.865037	0.557533	0.510011	0.192899	0.0627236	0.0686608	0.0143039	
1.53e-08	508	-0.294289	-0.117562	-0.948458	0.594022	0.54242	0.0732981	0.090381	0.0111091	0.00607491	
1.536e-08	510	-0.321174	0.0820235	0.943461	0.538308	0.508088	0.0788089	0.119942	0.343927	0.0167459	
1.542e-08	512	-0.120115	0.502095	-0.85643	0.521087	0.510871	0.110869	0.112675	0.0355831	0.00922488	
1.548e-08	514	0.422847	0.433167	0.795969	0.378088	0.502922	0.105986	0.11163	0.122328	0.0103704	
1.554e-08	516	-0.59417	0.420285	0.685801	0.501839	0.508965	0.117513	0.117919	0.748561	0.0115618	
1.56e-08	518	-0.272054	0.223967	-0.935855	0.497127	0.517986	0.0764066	0.0890966	0.627929	0.00493219	
1.566e-08	520	0.584654	0.237642	0.775697	0.522238	0.51607	0.107937	0.11373	0.771696	0.0104357	
1.572e-08	522	-0.541186	-0.208586	0.814623	0.473183	0.517964	0.100962	0.0949854	0.0149417	0.00715845	
1.578e-08	524	-0.118539	-0.0466399	0.991853	0.519244	0.470545	0.145788	0.0628788	0.127239	0.027326	
1.584e-08	526	0.0354052	0.233064	-0.971817	0.496468	0.474457	0.0877806	0.0827209	0.0608627	0.0117955	
1.59e-08	528	0.599496	0.318185	-0.734413	0.474416	0.482001	0.114347	0.108087	0.0454776	0.0123631	
1.596e-08	530	0.0721636	0.00549836	0.997378	0.547538	0.479438	0.136611	0.147289	0.078255	0.0111144	
1.602e-08	532	-0.188143	-0.0736123	-0.979379	0.489011	0.470398	0.0870433	0.0773792	0.0285304	0.0107288	
1.608e-08	534	-0.0659148	-0.0715542	0.995256	0.531891	0.478918	0.106762	0.0873023	0.299867	0.00990292	
1.614e-08	536	-0.188207	-0.0953972	-0.977485	0.461885	0.467512	0.076586	0.0862759	0.0335019	0.00993104	
1.62e-08	538	-0.0629004	0.214994	-0.974588	0.414352	0.431688	0.0703437	0.0992648	0.541991	0.0359329	
1.626e-08	540	0.207227	0.22732	0.951516	0.502865	0.461902	0.105608	0.105606	0.0409824	0.00930393	
1.632e-08	542	0.445917	0.7347	0.511249	0.458221	0.455369	0.131913	0.136103	0.300181	0.00616203	
1.638e-08	544	0.315354	-0.169528	-0.933709	0.463226	0.425487	0.122496	0.084683	0.479776	0.0194545	
1.644e-08	546	-0.210618	-0.204322	-0.955977	0.518309	0.458221	0.0853597	0.0866143	0.407796	0.00866494	
1.65e-08	548	-0.585981	-0.810252	0.0108235	0.403959	0.463647	0.0729516	0.0733646	0.0812508	0.0106308	
1.656e-08	550	-0.526816	0.432073	-0.731969	0.39683	0.40658	0.122806	0.119734	0.315356	0.0295308	
1.662e-08	552	0.140454	0.282446	0.948945	0.508203	0.41265	0.118004	0.118265	0.421185	0.0290135	
1.668e-08	554	-0.0371381	-0.167699	0.985138	0.359595	0.442938	0.0898547	0.0758301	0.033084	0.0104151	
1.674e-08	556	-0.124306	0.378987	0.917015	0.497502	0.426149	0.045818	0.0771614	0.0337908	0.0172241	
1.68e-08	558	-0.513821	-0.50872	-0.690791	0.396053	0.424199	0.129426	0.0926049	0.0756025	0.00704923	
1.686e-08	560	0.664565	-0.649527	0.369416	0.431352	0.421562	0.115211	0.129345	0.409407	0.0143219	
1.692e-08	562	0.0294842	0.109953	-0.993499	0.498827	0.413891	0.0670787	0.0828464	0.464625	0.0150043	
1.698e-08	564	0.577632	-0.661753	-0.477937	0.422478	0.40243	0.10291	0.139258	0.151814	0.0206524	
1.704e-08	566	-0.457055	-0.450997	0.766618	0.434219	0.395851	0.120531	0.0949654	0.290025	0.0118456	
1.71e-08	568	0.503603	-0.480686	-0.717861	0.388323	0.371408	0.057452	0.0649609	0.374201	0.0327907	
1.716e-08	570	0.14651	-0.0758249	0.986299	0.406235	0.403918	0.0897802	0.118908	0.305766	0.0164897	
1.722e-08	572	-0.978967	0.0935804	0.181289	0.330385	0.382514	0.0526545	0.113656	0.135509	0.0156459	
1.728e-08	574	0.0763449	0.944176	-0.320474	0.367574	0.363944	0.129697	0.105851	0.210553	0.0127825	
1.734e-08	576	0.943917	-0.299355	0.139308	0.393363	0.352005	0.0797339	0.0783064	0.134004	0.0204354	
1.74e-08	578	0.159881	-0.43688	-0.885197	0.396473	0.341945	0.0717937	0.108759	0.253373	0.0194508	
1.746e-08	580	0.0961998	0.275002	-0.956619	0.431922	0.347656	0.0997583	0.0759265	0.256006	0.0176477	
1.752e-08	582	0.104185	-0.205056	0.973189	0.376537	0.356186	0.0914018	0.0724384	0.268868	0.0176475	
1.758e-08	584	-0.525749	0.260673	-0.809714	0.280308	0.334259	0.109516	0.0749621	0.155346	0.018166	
1.764e-08	586	-0.187788	0.534295	0.824175	0.405649	0.364286	0.0573431	0.0811983	0.231287	0.0150284	
1.77e-08	588	0.296102	-0.602033	-0.741539	0.399657	0.337408	0.0728528	0.0993282	0.224675	0.0140274	
1.776e-08	590	0.193594	0.0922965	-0.976731	0.408476	0.338862	0.0605731	0.0586352	0.284253	0.0167446	
1.782e-08	592	0.0991589	0.352891	0.930395	0.361706	0.307527	0.0693084	0.0739969	0.205443	0.0341016	
1.788e-08	594	-0.197253	-0.134462	0.971088	0.388864	0.317917	0.136305	0.0987238	0.128175	0.01688	
1.794e-08	596	-0.365865	0.371385	0.853356	0.40014	0.293591	0.0436023	0.0979847	0.162295	0.0317138	
1.8e-08	598	0.301957	0.312898	0.900509	0.275285	0.311223	0.0828983	0.0621531	0.160225	0.0123494	
1.806e-08	600	-0.792742	0.554562	-0.253024	0.276372	0.282226	0.0781105	0.0629501	0.126874	0.0238651	
1.812e-08	602	-0.491437	0.209558	-0.845325	0.168444	0.306204	0.0568988	0.0695206	0.211647	0.0214221	
1.818e-08	604	-0.181015	-0.380551	-0.906871	0.227638	0.28885	0.0726113	0.0614601	0.167469	0.0200827	
1.824e-08	606	-0.420542	0.186395	0.88792	0.190126	0.283205	0.0720356	0.0598048	0.125012	0.0137638	
1.83e-08	608	0.417499	0.00706847	0.90865	0.0791023	0.267068	0.0689028	0.0453276	0.131509	0.0227665	
1.836e-08	610	0.0782264	-0.533028	0.842474	0.228629	0.270694	0.0501916	0.0827934	0.0971814	0.0173715	
1.842e-08	612	-0.271884	-0.523972	-0.807176	0.206426	0.290013	0.108691	0.0532729	0.118469	0.0208532	
1.848e-08	614	-0.714081	-0.554353	-0.427528	0.217146	0.276269	0.0579093	0.0587799	0.149242	0.0153877	
1.854e-08	616	0.693079	-0.57331	0.436986	0.176571	0.262491	0.0717552	0.0556692	0.10185	0.0165026	
1.86e-08	618	0.412401	0.589537	0.69453	0.306868	0.231501	0.0414528	0.0447545	0.103836	0.0204202	
1.866e-08	620	-0.543995	-0.4193	0.726813	0.386142	0.268506	0.0514722	0.0357461	0.16874	0.0183324	
1.872e-08	622	-0.476041	0.535946	0.697242	0.242621	0.265845	0.0823942	0.0596642	0.105856	0.019262	
1.878e-08	624	-0.185895	0.968819	-0.163805	0.280712	0.239477	0.0490667	0.0385743	0.117675	0.0215849	
1.884e-08	626	-0.125123	-0.944421	-0.303996	0.11373	0.251848	0.0678246	0.0644096	0.0893677	0.0152827	
1.89e-08	628	-0.431621	0.188847	-0.882066	0.181975	0.254448	0.0525846	0.0356537	0.147644	0.0297378	
1.896e-08	630	-0.0961279	0.793449	0.600998	0.288268	0.218856	0.0350728	0.0529017	0.0909049	0.0234574	
1.902e-08	632	0.639663	0.372606	-0.672306	0.244242	0.210579	0.0452747	0.0348333	0.0653673	0.0100112	
1.908e-08	634	0.438307	-0.892297	0.108138	0.0907302	0.222485	0.0367695	0.0546401	0.0756721	0.0132693	
1.914e-08	636	0.0251549	-0.292766	-0.955853	0.215636	0.237146	0.0619839	0.039349	0.0985726	0.019569	
1.92e-08	638	0.178214	-0.281499	-0.942867	0.256109	0.231175	0.0425226	0.0463076	0.0942562	0.0195887	
1.926e-08	640	-0.654856	-0.733967	0.180153	0.171376	0.208714	0.0394805	0.0380578	0.0684765	0.0198652	
1.932e-08	642	0.640603	0.559454	0.525965	0.243033	0.210679	0.0657297	0.0363012	0.0538572	0.0147838	
1.938e-08	644	-0.218824	0.972332	0.0817687	0.168124	0.186077	0.028957	0.0326855	0.062786	0.016373	
1.944e-08	646	0.607515	-0.480886	0.632198	0.232494	0.196884	0.0390406	0.0357299	0.0577109	0.0117652	
1.95e-08	648	-0.0714763	-0.302166	-0.950572	0.200025	0.217512	0.0386986	0.0447197	0.0790927	0.0139371	
1.956e-08	650	-0.641446	0.59054	0.489704	0.230144	0.206037	0.0586046	0.0218357	0.0642499	0.0136092	
1.962e-08	652	-0.490924	-0.17668	0.853099	0.175631	0.209322	0.0343352	0.0517366	0.0500452	0.00992676	
1.968e-08	654	0.0488356	-0.783843	-0.619035	0.232527	0.198422	0.0498704	0.0332946	0.049274	0.0152569	
1.974e-08	656	-0.513511	0.42088	-0.747774	0.210612	0.192307	0.0383795	0.0267326	0.0550472	0.0105313	
1.98e-08	658	-0.7352	-0.26252	-0.624951	0.208531	0.18115	0.0467579	0.0158413	0.0505529	0.0177951	
1.986e-08	660	0.222649	-0.836691	0.500376	0.206975	0.172779	0.0304765	0.0288325	0.0381294	0.00969276	
1.992e-08	662	0.269827	-0.0797808	-0.959598	0.0579608	0.161229	0.0216448	0.0381898	0.031035	0.0156149	
1.998e-08	664	-0.873208	0.318392	-0.368965	0.168612	0.177096	0.0422154	0.0285093	0.0380232	0.0162115	
2.004e-08	666	0.925371	-0.33936	-0.168889	0.226671	0.179492	0.0392406	0.027682	0.0407155	0.0116126	
2.01e-08	668	0.308873	-0.0914004	0.946701	0.213106	0.153698	0.0209672	0.0241067	0.0370708	0.011438	
2.016e-08	670	0.763004	0.628768	-0.149922	0.219591	0.165095	0.0302147	0.038656	0.0228558	0.00938768	
2.022e-08	672	-0.43368	0.652499	0.621423	0.114865	0.159008	0.0177947	0.029755	0.0397348	0.014274	
2.028e-08	674	-0.00453493	-0.685246	0.728298	0.142395	0.158701	0.0270829	0.0266871	0.0317896	0.0123443	
2.034e-08	676	-0.849491	-0.512988	-0.123323	0.0986038	0.133385	0.0178954	0.0186553	0.0269488	0.0111184	
2.04e-08	678	0.0162973	-0.867498	-0.497174	0.0996297	0.150335	0.0258514	0.0233054	0.0300205	0.0119022	
2.046e-08	680	0.416504	-0.597692	-0.685047	0.182637	0.1478	0.0211816	0.0181919	0.0331585	0.00675609	
2.052e-08	682	-0.693799	-0.116058	-0.710755	0.105287	0.136576	0.028631	0.0186134	0.0157919	0.00898651	
2.058e-08	684	0.0542082	-0.998525	0.00315549	0.128896	0.134577	0.0173086	0.0187505	0.0212537	0.00580475	
2.064e-08	686	-0.316875	0.904628	-0.285022	0.0887832	0.170224	0.037654	0.0252043	0.0306228	0.00804246	
2.07e-08	688	0.261232	-0.874054	0.409619	0.230747	0.138021	0.0139735	0.0307709	0.0215291	0.0109474	
2.076e-08	690	0.932636	-0.346572	0.100386	0.0943495	0.133993	0.0192295	0.0224041	0.0150401	0.00444685	
2.082e-08	692	-0.148127	0.955263	-0.25599	0.107918	0.137804	0.0141044	0.0270508	0.0252544	0.0114501	
2.088e-08	694	-0.232206	-0.124002	0.96473	0.112647	0.142369	0.0157907	0.0322994	0.0244082	0.0134702	
2.094e-08	696	-0.302754	-0.546854	-0.780571	0.22227	0.134813	0.0243533	0.0198537	0.0152324	0.0071678	
2.1e-08	698	0.148188	-0.267842	0.951998	0.206235	0.140523	0.0233734	0.0172975	0.0253246	0.00849461	
2.106e-08	700	-0.360326	-0.198941	0.911366	0.120011	0.125594	0.015866	0.0235934	0.0161768	0.0098058	
2.112e-08	702	-0.700494	-0.285692	0.653979	0.111194	0.124756	0.0218155	0.0116142	0.0182123	0.00695974	
2.118e-08	704	-0.42021	0.891579	-0.168849	0.183338	0.118521	0.0133821	0.0116449	0.0223935	0.00772212	
2.124e-08	706	-0.590398	0.206529	-0.780241	0.121614	0.153647	0.016675	0.0283564	0.0298764	0.00710562	
2.13e-08	708	0.0999918	0.816701	0.568332	0.0386979	0.128681	0.0120893	0.0227301	0.0234	0.0114235	
2.136e-08	710	0.897119	-0.420963	0.134043	0.219138	0.129396	0.0209588	0.0164411	0.0140587	0.00443761	
2.142e-08	712	-0.0810257	0.97757	0.194403	0.147586	0.12162	0.0101577	0.0176402	0.0216625	0.00709535	
2.148e-08	714	0.268703	-0.399764	-0.876349	0.0762862	0.123952	0.0183649	0.0161202	0.0137397	0.00559497	
2.154e-08	716	-0.572208	0.794581	0.203026	0.0934711	0.118377	0.00904301	0.0176142	0.0172103	0.00560452	
2.16e-08	718	0.675516	0.021122	-0.737043	0.175177	0.12458	0.0141542	0.0125099	0.0203462	0.00440444	
2.166e-08	720	-0.789246	0.5905	-0.168523	0.148934	0.114496	0.0113013	0.0148034	0.0194142	0.00838688	
2.172e-08	722	0.365422	-0.927114	-0.0832254	0.0491454	0.108453	0.00790299	0.0111238	0.0174363	0.00385736	
2.178e-08	724	-0.61993	0.538125	0.571059	0.147512	0.120638	0.0129373	0.0113129	0.0206614	0.00762358	
2.184e-08	726	-0.542263	-0.641766	0.542298	0.160454	0.110305	0.0129045	0.0134121	0.0120831	0.00456583	
2.19e-08	728	-0.68477	-0.329123	-0.650206	0.13608	0.11342	0.00991698	0.0145583	0.0122802	0.0038726	
2.196e-08	730	-0.510067	0.215378	-0.832733	0.115755	0.105933	0.0118511	0.0102445	0.0109537	0.0049931	
2.202e-08	732	-0.166047	0.520912	0.837304	0.0908041	0.102256	0.00870463	0.0147806	0.00801036	0.00305542	
2.208e-08	734	-0.0731966	-0.973887	0.214912	0.143349	0.104494	0.00688894	0.0159557	0.0110123	0.00516972	
2.214e-08	736	0.469772	0.851052	0.234575	0.14689	0.10802	0.0112058	0.0121909	0.0136017	0.00517204	
2.22e-08	738	0.164726	0.986183	0.0175613	0.0619568	0.102794	0.0104977	0.00944079	0.0149111	0.00673657	
2.226e-08	740	0.395159	-0.497503	0.772231	0.105381	0.0915972	0.00756121	0.0116276	0.00756971	0.00529033	
2.232e-08	742	0.845778	0.508141	0.162641	0.0898118	0.102941	0.0118321	0.00849658	0.0118138	0.00351263	
2.238e-08	744	0.762677	0.15673	0.627503	0.0705007	0.0869646	0.00710716	0.00717121	0.0101564	0.00367326	
2.244e-08	746	0.725018	-0.586776	-0.360615	0.0624318	0.113324	0.0123783	0.0111704	0.0153992	0.00493529	
2.25e-08	748	-0.466799	-0.462373	-0.753863	0.136067	0.107721	0.0134424	0.00835689	0.0130082	0.00563376	
2.256e-08	750	-0.168157	-0.594405	-0.786388	0.0703623	0.108791	0.00919387	0.0126557	0.0135252	0.00578928	
2.262e-08	752	-0.0777773	0.0938935	0.99254	0.196861	0.098922	0.0110638	0.00702019	0.0141565	0.00602301	
2.268e-08	754	-0.277424	-0.0702832	0.958173	0.0675409	0.110169	0.0103612	0.00507083	0.0227447	0.00570941	
2.274e-08	756	-0.172918	0.59873	-0.782063	0.102407	0.0922502	0.00649514	0.0108803	0.0076413	0.00350458	
2.28e-08	758	-0.928729	-0.184791	-0.321427	0.060395	0.0934403	0.0121332	0.00525267	0.00918312	0.00317015	
2.286e-08	760	0.942161	-0.180826	-0.282196	0.048378	0.106152	0.0102722	0.00887884	0.0154395	0.00484699	
2.292e-08	762	-0.366896	0.0222869	-0.929995	0.0637116	0.0882055	0.00654393	0.00833537	0.0096033	0.00425249	
2.298e-08	764	0.058152	0.565879	0.822435	0.123307	0.0834554	0.00560937	0.00742766	0.00719799	0.0028214	
2.304e-08	766	-0.585697	0.709251	-0.392329	0.0956041	0.109423	0.0101045	0.0154944	0.0132019	0.00715246	
2.31e-08	768	0.641759	0.759804	0.10413	0.133643	0.10622	0.0107958	0.00974346	0.0139949	0.00605918	
2.316e-08	770	0.257479	0.489906	-0.832885	0.160701	0.094868	0.00725052	0.00874195	0.00818981	0.00255405	
2.322e-08	772	-0.780917	-0.611694	-0.126486	0.178773	0.0968697	0.00941588	0.00833033	0.0114595	0.00468689	
2.328e-08	774	0.358348	0.84819	-0.390077	0.0569799	0.0930042	0.00593106	0.0112997	0.00882116	0.00409806	
2.334e-08	776	0.285531	-0.254474	0.923967	0.15159	0.090465	0.00412732	0.00960975	0.00994998	0.00273959	
2.34e-08	778	0.01147	0.836668	-0.54759	0.125245	0.0940326	0.00957292	0.00989714	0.00670196	0.00369588	
2.346e-08	780	0.672841	0.435162	-0.598264	0.110664	0.102247	0.0120108	0.00780031	0.00938028	0.00363853	
2.352e-08	782	0.553927	-0.01978	0.83233	0.0864143	0.0833597	0.00648193	0.00671407	0.00835816	0.00412238	
2.358e-08	784	0.321741	-0.615875	-0.719153	0.19576	0.0899148	0.00926333	0.0055706	0.0095166	0.00393123	
2.364e-08	786	0.372499	0.470798	0.799746	0.0982562	0.0951847	0.00836664	0.00685725	0.0111722	0.00308186	
2.37e-08	788	-0.0565178	0.935252	-0.349442	0.11093	0.0913421	0.00738857	0.0059341	0.0115385	0.00378792	
2.376e-08	790	-0.433375	-0.895382	-0.102357	0.0924268	0.0876109	0.00904597	0.0079294	0.0028878	0.00221123	
2.382e-08	792	0.976518	0.123576	-0.176472	0.0681038	0.0835494	0.00899504	0.0068502	0.0044534	0.00280958	
2.388e-08	794	-0.413274	0.653816	-0.633821	0.0685081	0.107684	0.00821249	0.0116416	0.0140613	0.00442618	
2.394e-08	796	-0.738195	-0.654192	-0.164622	0.123607	0.0886631	0.00773235	0.0075366	0.00742783	0.0030521	
2.4e-08	798	0.556551	0.097068	0.825124	0.0740368	0.0905248	0.00838969	0.00758625	0.0060058	0.00268488	
2.406e-08	800	-0.26201	0.875647	0.405701	0.0947873	0.078256	0.00726169	0.00499153	0.00650373	0.00357556	
2.412e-08	802	-0.48241	-0.874292	0.0537948	0.0858158	0.0895425	0.00549244	0.00857343	0.00755033	0.00260598	
2.418e-08	804	0.944969	0.184783	-0.269979	0.0195998	0.0789342	0.00791247	0.00597884	0.00551587	0.00394855	
2.424e-08	806	-0.738772	0.660263	0.135166	0.0780519	0.0793246	0.00466312	0.00598556	0.00648532	0.00327	
2.43e-08	808	-0.0574969	0.0641807	-0.996281	0.0632623	0.0777631	0.00447793	0.00757943	0.00613264	0.00292984	
2.436e-08	810	0.455769	0.249215	0.854497	0.108242	0.0978925	0.0068273	0.0110636	0.00924243	0.0036012	
2.442e-08	812	-0.854502	0.51846	-0.0320273	0.12883	0.0785561	0.00916858	0.00373168	0.00568382	0.00345168	
2.448e-08	814	0.646674	0.720876	0.249299	0.0923177	0.0770243	0.004865	0.00678328	0.0049032	0.00250699	
2.454e-08	816	0.992075	-0.0662487	0.106759	0.0857068	0.0844179	0.00783409	0.00467678	0.00757203	0.0024607	
2.46e-08	818	-0.182153	-0.972631	-0.144257	0.0483024	0.0756594	0.00640315	0.00546663	0.00564648	0.00329984	
2.466e-08	820	0.744206	-0.389781	0.542428	0.0881751	0.0730739	0.00699528	0.00512043	0.00286458	0.00224245	
2.472e-08	822	0.602784	-0.172908	0.778944	0.0728717	0.0731546	0.00371397	0.00630449	0.00496521	0.00181399	
2.478e-08	824	-0.838118	-0.434811	0.329391	0.028256	0.0766393	0.0054425	0.004484	0.00585959	0.00182319	
2.484e-08	826	-0.746609	0.26357	0.610824	0.0940611	0.0759737	0.00530142	0.00536959	0.00618889	0.00316118	
2.49e-08	828	0.701263	-0.681715	-0.208555	0.0911377	0.0769459	0.00749362	0.00316752	0.0064816	0.00297705	
2.496e-08	830	0.462171	0.877474	0.128205	0.122619	0.0871748	0.0053177	0.00898871	0.00788245	0.00382787	
2.502e-08	832	0.554652	0.778365	-0.294126	0.0349132	0.0885919	0.00496171	0.00671971	0.00918306	0.0027797	
2.508e-08	834	-0.669621	-0.21142	0.711976	0.0431564	0.0734545	0.00530772	0.00482823	0.00495949	0.00220583	
2.514e-08	836	-0.0107866	0.954733	-0.297268	0.0486492	0.0846681	0.00633843	0.00835581	0.00537939	0.00263302	
2.52e-08	838	-0.0846521	0.403028	0.911264	0.0254249	0.075892	0.00280089	0.00847181	0.00514095	0.00341568	
2.526e-08	840	-0.122657	-0.179562	0.97607	0.102728	0.0810333	0.00684986	0.00514369	0.00615639	0.00255807	
2.532e-08	842	-0.160019	0.369742	-0.915251	0.0330467	0.0758647	0.0058794	0.00527766	0.00577006	0.00306182	
2.538e-08	844	0.322345	-0.786011	-0.527523	0.060114	0.0877898	0.00728119	0.00643575	0.0053763	0.00220454	
2.544e-08	846	0.0165174	-0.663192	0.748267	0.0425754	0.0770495	0.00519708	0.00605244	0.00515122	0.00211137	
2.55e-08	848	0.829473	0.54567	0.119247	0.0522866	0.0718379	0.00548819	0.00492882	0.00399558	0.0020957	
2.556e-08	850	0.833176	0.0245521	0.552463	0.050093	0.0773229	0.00616175	0.00627122	0.00376176	0.00222858	
2.562e-08	852	0.734139	0.578382	-0.355688	0.0321576	0.0733772	0.0044946	0.00661493	0.00446742	0.00289574	
2.568e-08	854	0.625685	0.649621	-0.431869	0.0754509	0.076152	0.00612965	0.00499785	0.00436042	0.00178163	
2.574e-08	856	0.991917	0.117598	-0.0476533	0.101311	0.0798904	0.00650833	0.00556444	0.00410943	0.00149506	
2.58e-08	858	0.66035	-0.424493	-0.61947	0.0824411	0.0759328	0.0045102	0.00434878	0.00611385	0.0014438	
2.586e-08	860	-0.758183	0.483397	0.437591	0.0310615	0.0792113	0.0035652	0.00555367	0.00776705	0.0021507	
2.592e-08	862	-0.595772	-0.181308	-0.782421	0.0918424	0.0796332	0.00486852	0.00582397	0.0065311	0.00227317	
2.598e-08	864	-0.184836	0.207908	0.960526	0.0471338	0.0673222	0.00592992	0.00402296	0.00340135	0.00290411	
2.604e-08	866	-0.46607	0.471372	0.748724	0.0315215	0.0661806	0.00317226	0.00410645	0.00499	0.00194868	
2.61e-08	868	-0.376354	0.15686	0.913101	0.0488891	0.0674095	0.00411008	0.00498303	0.00360357	0.0020471	
2.616e-08	870	0.180214	-0.322166	-0.929372	0.070885	0.0715223	0.00440656	0.00400247	0.00556491	0.00198222	
2.622e-08	872	-0.508037	-0.686646	0.520015	0.104755	0.0764097	0.00430356	0.00519599	0.00652969	0.00276119	
2.628e-08	874	0.838024	-0.0233194	-0.545135	0.0596126	0.0648565	0.00464824	0.00330642	0.00384975	0.0020416	
2.634e-08	876	-0.449876	0.156598	0.879254	0.0566476	0.0750041	0.00358533	0.00506607	0.00605057	0.00194673	
2.64e-08	878	0.792052	-0.602306	-0.0993999	0.0261098	0.073765	0.00463431	0.0054244	0.0051844	0.00303082	
2.646e-08	880	-0.394925	0.90821	0.138522	0.0305958	0.0699479	0.00555933	0.00313487	0.00351576	0.00201791	
2.652e-08	882	0.772331	0.635213	-0.00293561	0.0320293	0.0625577	0.00314337	0.00393046	0.00379736	0.00194829	
2.658e-08	884	-0.0348938	-0.929281	0.367721	0.0493046	0.0771598	0.00493318	0.00554388	0.00519343	0.00188356	
2.664e-08	886	0.328965	0.483157	-0.811382	0.0791843	0.0719311	0.00405772	0.00547444	0.00406732	0.00193601	
2.67e-08	888	0.54285	0.45751	-0.704272	0.0593746	0.0702028	0.0027303	0.0055544	0.00448238	0.00204695	
2.676e-08	890	-0.402913	0.885059	-0.233091	0.0526253	0.070585	0.00293577	0.00567115	0.00458149	0.00177714	
2.682e-08	892	0.729618	-0.680708	-0.0655296	0.11463	0.0728632	0.00349542	0.00436438	0.0050833	0.0014634	
2.688e-08	894	0.0324793	-0.851214	-0.523812	0.0793076	0.0676776	0.00442139	0.00365549	0.00332	0.00144042	
2.694e-08	896	-0.217037	-0.96908	-0.117386	0.0303154	0.0684292	0.00279718	0.00510075	0.00434543	0.00230908	
2.7e-08	898	0.0530134	0.995063	-0.0839011	0.0683187	0.0697862	0.00545324	0.00507641	0.00285028	0.00232626	
2.706e-08	900	-0.137358	0.42693	-0.893792	0.117223	0.0633743	0.00257093	0.00337672	0.00453399	0.00162311	
