#----------------------------------------------------------------------------------------------------------------------------------------------------------
# Output file for vampire simulation
#   time       : 2024-08-29 04:53:19     process id : 388575
#   hostname   : node115.viking2.yor.alces.network
#   path       : /users/ky883/parameter/WS_dia5/AI_Dataset/size_3.0_3.0_8.0/Temp_900/random_1
#----------------------------------------------------------------------------------------------------------------------------------------------------------
6e-11	0	0.0120844	-0.0169908	0.999783	0.999945	0.999923	0	0	0	0	
1.2e-10	2	-0.00168465	0.00369934	0.999992	0.998864	0.998846	0.0759634	0.0341216	7.6283e-06	6.15233e-06	
1.8e-10	4	-0.00227234	0.0032882	0.999992	0.997731	0.997708	0.0935173	0.0591194	1.19313e-05	9.18927e-06	
2.4e-10	6	0.0112499	0.00421174	0.999928	0.99663	0.996601	0.0494792	0.0357962	1.59505e-05	1.61192e-05	
3e-10	8	-0.00350299	-0.00858679	0.999957	0.995618	0.995425	0.0409323	0.0415211	2.38461e-05	2.49144e-05	
3.6e-10	10	-0.00877818	-0.00323183	0.999956	0.994604	0.99437	0.0319883	0.0510175	1.99509e-05	1.50584e-05	
4.2e-10	12	-0.0205571	0.00695452	0.999764	0.993311	0.993175	0.069497	0.059879	4.24505e-05	2.70348e-05	
4.8e-10	14	0.0195717	-0.0125952	0.999729	0.991652	0.991959	0.0545812	0.0506809	3.14052e-05	2.41355e-05	
5.4e-10	16	0.0280878	-0.00157435	0.999604	0.990366	0.990767	0.0329498	0.0692688	8.59614e-05	7.25784e-05	
6e-10	18	-0.0166201	-0.0227238	0.999604	0.989917	0.9898	0.0580316	0.0525232	4.85776e-05	3.27221e-05	
6.6e-10	20	-0.00435487	0.000974515	0.99999	0.988113	0.988463	0.0720335	0.0333023	6.41122e-05	5.67871e-05	
7.2e-10	22	-0.00444973	0.0114731	0.999924	0.987086	0.987429	0.047942	0.0804477	9.36174e-05	8.49093e-05	
7.8e-10	24	-0.00669934	0.00885891	0.999938	0.986473	0.986322	0.0356977	0.0531393	6.34596e-05	3.23997e-05	
8.4e-10	26	-0.0171192	0.0141984	0.999753	0.984802	0.98489	0.0378756	0.0415234	5.28323e-05	4.86743e-05	
9e-10	28	-0.00229259	-0.00148784	0.999996	0.9837	0.983967	0.0533031	0.038345	0.00010031	9.08248e-05	
9.6e-10	30	0.00779233	-0.024802	0.999662	0.98345	0.982864	0.0486483	0.0326332	7.11189e-05	5.503e-05	
1.02e-09	32	0.0150863	0.00831711	0.999852	0.982161	0.981778	0.0620735	0.0376833	5.98784e-05	4.60233e-05	
1.08e-09	34	-0.0015096	0.00592478	0.999981	0.98218	0.980571	0.0422213	0.0747612	0.000153893	0.000120655	
1.14e-09	36	-0.0155922	-0.0110523	0.999817	0.978097	0.978836	0.0445179	0.0630852	0.000134656	0.000123982	
1.2e-09	38	0.00889906	0.00209609	0.999958	0.978151	0.97787	0.0423648	0.0495442	0.000138891	0.00011869	
1.26e-09	40	-0.062914	0.0352826	0.997395	0.978266	0.976885	0.0697837	0.0702925	9.96286e-05	0.000102198	
1.32e-09	42	0.0217145	0.042458	0.998862	0.977066	0.975878	0.0812746	0.0340184	0.000121741	0.00010468	
1.38e-09	44	0.0461449	-0.00202639	0.998933	0.974705	0.974624	0.0614069	0.0325645	0.000147641	0.000114457	
1.44e-09	46	-0.0209103	-0.0354638	0.999152	0.971195	0.972896	0.0500761	0.0493964	0.000192041	0.000191647	
1.5e-09	48	-0.0118751	0.0375309	0.999225	0.972385	0.97216	0.0490073	0.0579173	0.000148747	8.81673e-05	
1.56e-09	50	0.0188846	0.0296895	0.999381	0.970684	0.970976	0.0348599	0.0567	0.000128355	0.00012398	
1.62e-09	52	-0.0214239	-0.0123159	0.999695	0.969043	0.969619	0.0424231	0.0428922	0.000201608	0.000168229	
1.68e-09	54	0.018144	0.0144896	0.99973	0.965865	0.969037	0.0381244	0.0382432	0.000199737	0.000169632	
1.74e-09	56	-0.0331774	-0.00893976	0.999409	0.965988	0.966774	0.0267084	0.0380292	0.000196599	0.000181296	
1.8e-09	58	0.0128687	-0.0450104	0.998904	0.967157	0.966375	0.0502066	0.0795359	0.000172954	0.000140695	
1.86e-09	60	-0.0199575	0.0287927	0.999386	0.964683	0.964704	0.0518538	0.0838164	0.000196824	0.000128944	
1.92e-09	62	-0.0113365	-0.0440066	0.998967	0.964469	0.96361	0.034098	0.0742931	0.000185474	0.000129333	
1.98e-09	64	0.0532346	0.0189399	0.998402	0.963989	0.962004	0.0404311	0.0422507	0.000189237	0.000189456	
2.04e-09	66	-0.0402698	-0.026696	0.998832	0.959694	0.960844	0.0420933	0.0553033	0.000252724	0.000250749	
2.1e-09	68	0.00346723	0.0567857	0.99838	0.961818	0.960435	0.0604201	0.0695622	0.000161981	0.00013451	
2.16e-09	70	-0.0363348	-0.0242389	0.999046	0.9594	0.958936	0.0301374	0.0512917	0.00020773	0.000162805	
2.22e-09	72	0.02468	-0.00901138	0.999655	0.959281	0.957974	0.0483583	0.0436703	0.000249289	0.000175333	
2.28e-09	74	-0.038869	0.0197177	0.99905	0.956976	0.956743	0.0640492	0.0469356	0.000235894	0.000177924	
2.34e-09	76	-0.00610751	0.085784	0.996295	0.954517	0.955131	0.055199	0.0934219	0.000177188	0.000189874	
2.4e-09	78	0.0381657	0.0567329	0.99766	0.953555	0.954113	0.0540332	0.0746527	0.000215999	0.000201641	
2.46e-09	80	-0.0278374	0.0467727	0.998518	0.949991	0.952808	0.0363858	0.0394191	0.000273075	0.000231016	
2.52e-09	82	0.0170693	0.0211744	0.99963	0.953229	0.950954	0.0532604	0.0347306	0.000150053	0.000135677	
2.58e-09	84	0.0469295	-0.0510418	0.997593	0.952626	0.950317	0.0674609	0.0502643	0.000290401	0.000194311	
2.64e-09	86	-0.0342251	-0.0491946	0.998203	0.951291	0.9491	0.090943	0.0960448	0.000344792	0.000207731	
2.7e-09	88	-0.0319201	-0.0139162	0.999394	0.947422	0.947525	0.0526339	0.0794961	0.000553424	0.000251649	
2.76e-09	90	0.0606503	0.0110049	0.998098	0.950307	0.94682	0.0519047	0.0563356	0.000234103	0.000224086	
2.82e-09	92	-0.0537011	-0.0730767	0.99588	0.947667	0.945697	0.0433123	0.0708257	0.000245774	0.000174182	
2.88e-09	94	-0.0179538	0.0152825	0.999722	0.946876	0.944305	0.0622241	0.0706536	0.000430828	0.00031141	
2.94e-09	96	0.0347467	-0.0456523	0.998353	0.939184	0.942524	0.0808968	0.0513734	0.000340599	0.000199509	
3e-09	98	0.0705473	0.0194293	0.997319	0.941568	0.941857	0.0939326	0.0679323	0.000223627	0.000271047	
3.06e-09	100	0.00338241	0.00227297	0.999992	0.934494	0.940675	0.0770032	0.0505841	0.000427809	0.000335288	
3.12e-09	102	0.0952408	0.0146115	0.995347	0.942972	0.938296	0.0708341	0.0718746	0.000853843	0.000516953	
3.18e-09	104	-0.0115236	0.0340724	0.999353	0.93884	0.938222	0.0771376	0.0502572	0.000470427	0.000238583	
3.24e-09	106	0.0173388	-0.00474524	0.999838	0.935176	0.936328	0.0477632	0.066229	0.000269672	0.000191539	
3.3e-09	108	0.0551515	0.0394478	0.997698	0.928527	0.935446	0.0372795	0.0327497	0.000548983	0.00043361	
3.36e-09	110	0.00641897	-0.0335686	0.999416	0.929912	0.934905	0.0488746	0.0689177	0.000355121	0.000262471	
3.42e-09	112	-0.062844	0.0118545	0.997953	0.932489	0.932381	0.0576835	0.0413579	0.000334214	0.000295968	
3.48e-09	114	0.0704398	0.0185443	0.997344	0.931137	0.931463	0.0688595	0.0425455	0.000529444	0.000363951	
3.54e-09	116	0.0187548	0.0121182	0.999751	0.929284	0.930815	0.0274637	0.0544029	0.000152292	0.000149172	
3.6e-09	118	-0.0536854	0.0173668	0.998407	0.924812	0.928729	0.0520953	0.0671059	0.000674448	0.000396774	
3.66e-09	120	0.018206	-0.00931547	0.999791	0.927511	0.927058	0.0342036	0.0448102	0.000469043	0.000380828	
3.72e-09	122	-0.0909184	0.0218916	0.995618	0.921827	0.927102	0.0847962	0.0752166	0.000501776	0.000363863	
3.78e-09	124	-0.0148444	-0.00898655	0.999849	0.928178	0.924448	0.0406003	0.0564297	0.000478593	0.000400874	
3.84e-09	126	-0.0269943	0.0232891	0.999364	0.925023	0.924327	0.043605	0.0540547	0.000422417	0.000311231	
3.9e-09	128	-0.080812	-0.00198283	0.996727	0.923449	0.922593	0.0611015	0.0586416	0.000878726	0.000412592	
3.96e-09	130	0.0451819	0.0266055	0.998624	0.919988	0.920232	0.0434227	0.0418083	0.000330137	0.000310752	
4.02e-09	132	0.0114601	0.0396406	0.999148	0.919829	0.919817	0.038621	0.0290167	0.000339271	0.000381249	
4.08e-09	134	0.0879562	0.0782094	0.993049	0.919754	0.919063	0.0339616	0.0560645	0.000368855	0.000221682	
4.14e-09	136	0.0299977	-0.0513828	0.998228	0.918195	0.917815	0.0438943	0.0459044	0.000368768	0.000290992	
4.2e-09	138	-0.0562444	-0.0255239	0.998091	0.916148	0.917285	0.0610046	0.0358668	0.000322974	0.000196272	
4.26e-09	140	-0.014177	-0.00789134	0.999868	0.917047	0.914619	0.0607265	0.0594164	0.000653898	0.000424465	
4.32e-09	142	0.0435004	-0.0381937	0.998323	0.916478	0.91447	0.0409021	0.0601433	0.000425896	0.000274332	
4.38e-09	144	0.00412953	-0.0370062	0.999307	0.913282	0.912077	0.0347116	0.0378501	0.000239991	0.000253556	
4.44e-09	146	-0.017649	-0.0158682	0.999718	0.911493	0.910658	0.0369034	0.0717985	0.000680151	0.000430037	
4.5e-09	148	0.0337314	0.103693	0.994037	0.910578	0.909704	0.0732364	0.05707	0.000393666	0.000313858	
4.56e-09	150	0.00601279	0.00311947	0.999977	0.903844	0.90871	0.0602496	0.0854001	0.000646995	0.000382267	
4.62e-09	152	-0.091244	-3.93833e-05	0.995829	0.91035	0.906719	0.0813044	0.0763301	0.00110963	0.000436235	
4.68e-09	154	0.0196749	0.0124657	0.999729	0.908451	0.904172	0.069749	0.0378063	0.00068305	0.000508649	
4.74e-09	156	-0.099657	0.0207866	0.994805	0.903316	0.903631	0.0828692	0.0968142	0.000976641	0.00057285	
4.8e-09	158	0.0354767	0.0387354	0.99862	0.898091	0.902175	0.0924134	0.0551802	0.000604083	0.000304379	
4.86e-09	160	0.0880725	-0.0366731	0.995439	0.901364	0.901766	0.0587766	0.0508445	0.000437398	0.000251689	
4.92e-09	162	0.00878551	-0.042632	0.999052	0.90271	0.902834	0.0366873	0.0647547	0.000722635	0.000450559	
4.98e-09	164	0.0360925	-0.00260111	0.999345	0.901233	0.900149	0.0606762	0.0255177	0.000570946	0.000541911	
5.04e-09	166	-0.049822	-0.141286	0.988714	0.892983	0.898057	0.0518645	0.0584671	0.000843661	0.00048266	
5.1e-09	168	-0.0581411	0.068687	0.995943	0.888704	0.896038	0.0560549	0.0486788	0.000661121	0.000478569	
5.16e-09	170	0.0407625	0.0268278	0.998809	0.892336	0.895309	0.0830434	0.0488357	0.000732256	0.000379261	
5.22e-09	172	-0.0840582	-0.0668602	0.994215	0.889393	0.892926	0.0823196	0.087982	0.000734108	0.000591745	
5.28e-09	174	-0.0170533	-0.02681	0.999495	0.891118	0.891434	0.0472768	0.0667743	0.000453292	0.000288455	
5.34e-09	176	0.0348281	0.0571976	0.997755	0.888413	0.891309	0.0467474	0.0807396	0.000613362	0.000389394	
5.4e-09	178	0.00846817	0.0186116	0.999791	0.893724	0.889268	0.0594623	0.0653877	0.000909873	0.000569979	
5.46e-09	180	-0.0651045	0.0829683	0.994423	0.889143	0.890233	0.0976724	0.0733772	0.000958729	0.000711612	
5.52e-09	182	-0.0273932	0.0289995	0.999204	0.882448	0.887904	0.0511346	0.0448335	0.000478183	0.000376138	
5.58e-09	184	0.0142426	-0.0530444	0.998491	0.88787	0.887465	0.0634207	0.0363444	0.000609467	0.00053587	
5.64e-09	186	0.127137	0.0160534	0.991755	0.880206	0.884347	0.0641739	0.0467398	0.000744838	0.000715131	
5.7e-09	188	-0.01124	-0.0225067	0.999684	0.890695	0.881686	0.0537542	0.0532017	0.000924483	0.000795989	
5.76e-09	190	-0.144354	0.0565437	0.987909	0.861941	0.880765	0.0828073	0.0852115	0.00124215	0.000896188	
5.82e-09	192	-0.115252	0.0651484	0.991198	0.8843	0.879629	0.0551396	0.0295172	0.00106056	0.000940217	
5.88e-09	194	0.0273635	0.0130485	0.99954	0.883958	0.879605	0.0515416	0.0404611	0.000838228	0.000642409	
5.94e-09	196	-0.0225795	0.0262953	0.999399	0.872553	0.876837	0.0591096	0.0414688	0.000618828	0.000442688	
6e-09	198	0.0852868	0.0195688	0.996164	0.866524	0.875816	0.0264185	0.0236158	0.000768872	0.000642081	
6.06e-09	200	-0.0489645	-0.0430691	0.997871	0.867084	0.875155	0.0528697	0.0489765	0.000655582	0.000551025	
6.12e-09	202	-0.00715978	-0.0196096	0.999782	0.869783	0.874344	0.0444231	0.0566378	0.00099449	0.000713413	
6.18e-09	204	-0.104996	0.0173306	0.994322	0.864746	0.871524	0.042124	0.06585	0.000958977	0.000629849	
6.24e-09	206	-0.0014055	-0.0525362	0.998618	0.870088	0.869196	0.0441827	0.0681852	0.000884333	0.000476395	
6.3e-09	208	-0.000179954	-0.0270517	0.999634	0.859154	0.869077	0.116322	0.064012	0.00105507	0.00053324	
6.36e-09	210	-0.00689474	-0.0973399	0.995227	0.858067	0.867236	0.0536249	0.0649712	0.000859071	0.000600648	
6.42e-09	212	0.00435956	-0.143924	0.989579	0.859448	0.865397	0.0763077	0.0783598	0.0012591	0.000834738	
6.48e-09	214	-0.0426158	-0.0152019	0.998976	0.858604	0.864331	0.0461488	0.0609208	0.000877873	0.000757601	
6.54e-09	216	0.00038856	-0.102234	0.99476	0.86244	0.864272	0.0506962	0.060976	0.000858198	0.000736421	
6.6e-09	218	0.0648002	0.0324282	0.997371	0.845912	0.862386	0.0680937	0.0849935	0.000964362	0.000595283	
6.66e-09	220	0.0853415	-0.0386888	0.9956	0.859905	0.859147	0.0956033	0.0617368	0.000843769	0.000492935	
6.72e-09	222	-0.0654508	-0.0815111	0.994521	0.859614	0.855414	0.0539169	0.0438166	0.000810177	0.000645205	
6.78e-09	224	-0.00192027	0.121938	0.992536	0.864344	0.858065	0.0608178	0.081971	0.000657304	0.000571748	
6.84e-09	226	-0.0726566	0.00250341	0.997354	0.86179	0.8554	0.0478314	0.0482266	0.0012575	0.000765363	
6.9e-09	228	0.0285767	0.147611	0.988633	0.859783	0.854406	0.0619436	0.0770144	0.000575769	0.000465272	
6.96e-09	230	-0.0522496	0.0044004	0.998624	0.863398	0.854388	0.044912	0.0769246	0.0010954	0.00066072	
7.02e-09	232	0.0119401	-0.0656885	0.997769	0.850448	0.851029	0.0969975	0.0770425	0.00116472	0.000994876	
7.08e-09	234	-0.02092	-0.0401944	0.998973	0.843619	0.848773	0.0488354	0.124352	0.00172618	0.00103618	
7.14e-09	236	-0.0829961	0.0430805	0.995618	0.852678	0.848413	0.0894307	0.0421669	0.00118529	0.000786495	
7.2e-09	238	0.00160227	0.0206039	0.999786	0.862543	0.846484	0.050882	0.0318293	0.000913363	0.000938053	
7.26e-09	240	-0.0145028	0.0567777	0.998282	0.845906	0.847016	0.0633088	0.0746157	0.00137515	0.0007185	
7.32e-09	242	-0.00543826	-0.0187805	0.999809	0.845389	0.844627	0.0827555	0.0362179	0.00157333	0.000966187	
7.38e-09	244	-0.0214013	0.0949402	0.995253	0.840327	0.842395	0.0486128	0.0528156	0.00105943	0.00077413	
7.44e-09	246	0.111383	-0.0705817	0.991268	0.851864	0.840104	0.0570211	0.0656492	0.0014186	0.0010045	
7.5e-09	248	-0.0215157	0.0576527	0.998105	0.834988	0.838285	0.0607446	0.0500317	0.000645836	0.000561304	
7.56e-09	250	-0.0280302	-0.159313	0.98683	0.829799	0.837618	0.0928202	0.119422	0.00167808	0.000923357	
7.62e-09	252	-0.0233877	-0.0806192	0.996471	0.846885	0.838589	0.0893589	0.059792	0.00128202	0.000770315	
7.68e-09	254	-0.0656634	-0.0811439	0.994537	0.828931	0.835828	0.0828193	0.045222	0.00154189	0.00104553	
7.74e-09	256	0.0262697	-0.10219	0.994418	0.831783	0.836073	0.0661099	0.0962959	0.00115281	0.000885488	
7.8e-09	258	0.0465611	0.00656842	0.998894	0.831778	0.831716	0.0261742	0.0344502	0.000746013	0.000647108	
7.86e-09	260	-0.00166775	-0.0813338	0.996686	0.834731	0.82671	0.0955989	0.0538782	0.0012392	0.0010803	
7.92e-09	262	-0.182322	0.126568	0.975059	0.830114	0.829204	0.0769615	0.0645803	0.00162672	0.00123603	
7.98e-09	264	0.0262494	0.109145	0.993679	0.83172	0.826786	0.0708814	0.0720392	0.000843368	0.000573833	
8.04e-09	266	0.0243464	0.0151837	0.999588	0.829842	0.823141	0.060477	0.062143	0.00183779	0.00106578	
8.1e-09	268	-0.0622673	-0.0232687	0.997788	0.81907	0.825045	0.0550542	0.0411156	0.00133953	0.000757445	
8.16e-09	270	0.0384386	0.0645935	0.997171	0.823551	0.823288	0.0705445	0.067732	0.0024136	0.00114361	
8.22e-09	272	0.0130901	0.0894616	0.995904	0.825209	0.820423	0.0813587	0.0719944	0.00191266	0.000914475	
8.28e-09	274	-0.127803	0.104554	0.986273	0.816348	0.820301	0.0745536	0.0507281	0.000960756	0.000973649	
8.34e-09	276	-0.230124	-0.0588888	0.971378	0.820755	0.817962	0.0799925	0.0777806	0.00276427	0.00141737	
8.4e-09	278	-0.0780545	-0.0645848	0.994855	0.819316	0.815329	0.0646062	0.0567218	0.00112181	0.000853511	
8.46e-09	280	0.0780625	-0.000886755	0.996948	0.806872	0.812383	0.046599	0.0726415	0.00121909	0.00115879	
8.52e-09	282	0.0777466	0.0358237	0.996329	0.806529	0.813423	0.101803	0.0606565	0.00177898	0.00125729	
8.58e-09	284	-0.00653701	0.0203336	0.999772	0.808617	0.811713	0.111413	0.0328166	0.0017443	0.000721217	
8.64e-09	286	-0.0432206	-0.0380833	0.998339	0.819847	0.810914	0.056388	0.0500533	0.00108693	0.000939019	
8.7e-09	288	0.0154591	-0.011077	0.999819	0.818364	0.809581	0.0414417	0.0736053	0.00142008	0.00107822	
8.76e-09	290	0.127608	-0.0233145	0.991551	0.824156	0.805951	0.0737524	0.0477873	0.00188987	0.00129678	
8.82e-09	292	0.0211572	-0.0702749	0.997303	0.822977	0.806192	0.0471991	0.0642228	0.0016356	0.00138632	
8.88e-09	294	0.0137742	-0.00403461	0.999897	0.803858	0.805132	0.0658968	0.0539414	0.00206677	0.00132525	
8.94e-09	296	0.00924531	-0.0102021	0.999905	0.801904	0.802665	0.0495207	0.0699209	0.00197615	0.00109553	
9e-09	298	0.0379857	0.233659	0.971576	0.8198	0.801428	0.0681349	0.084432	0.00146716	0.00119628	
9.06e-09	300	0.110367	0.160813	0.980795	0.79725	0.800397	0.0625949	0.0766688	0.00108952	0.000698476	
9.12e-09	302	0.0859308	0.0278667	0.995911	0.783531	0.799764	0.0503573	0.0613922	0.00138807	0.00117573	
9.18e-09	304	-0.0234925	-0.13942	0.989955	0.796119	0.796687	0.080562	0.077649	0.00184361	0.000904991	
9.24e-09	306	-0.0578322	-0.00149722	0.998325	0.789835	0.792771	0.0554989	0.0873429	0.00175093	0.0011763	
9.3e-09	308	-0.0199301	-0.0459293	0.998746	0.797751	0.792125	0.0676199	0.0406392	0.00172769	0.000978898	
9.36e-09	310	-0.0153425	-0.00172456	0.999881	0.782373	0.790033	0.0672881	0.0702	0.0019123	0.00115237	
9.42e-09	312	-0.0288389	0.0882337	0.995682	0.788286	0.78894	0.0520754	0.0284964	0.00200455	0.00141808	
9.48e-09	314	-0.062408	0.104411	0.992574	0.789889	0.783499	0.0479349	0.0584104	0.00193077	0.00144167	
9.54e-09	316	0.0422295	0.00584457	0.999091	0.783839	0.784344	0.0834746	0.0722513	0.00330899	0.00150829	
9.6e-09	318	-0.0354446	-0.000755564	0.999371	0.79231	0.783985	0.050747	0.0604784	0.00178512	0.0017163	
9.66e-09	320	-0.00072055	-0.00946649	0.999955	0.748301	0.777743	0.0741251	0.0745958	0.00314229	0.00209402	
9.72e-09	322	-0.0299484	0.128281	0.991286	0.788685	0.77911	0.0474989	0.0639234	0.00240119	0.00181988	
9.78e-09	324	0.00626578	0.0181667	0.999815	0.787003	0.780335	0.0602953	0.11302	0.00237266	0.000891717	
9.84e-09	326	-0.091078	-0.089649	0.9918	0.789964	0.778904	0.0749123	0.0687518	0.00247734	0.00113209	
9.9e-09	328	0.0596467	0.102449	0.992948	0.766398	0.774828	0.0483592	0.0565924	0.00179303	0.00165305	
9.96e-09	330	-0.151237	-0.0515001	0.987155	0.763728	0.772401	0.0584675	0.0565501	0.00190756	0.00100497	
1.002e-08	332	0.116983	-0.0307075	0.992659	0.767891	0.77234	0.067198	0.0387092	0.00120997	0.00111047	
1.008e-08	334	-0.106601	-0.00703699	0.994277	0.74802	0.766211	0.0748379	0.0411718	0.00311992	0.00240819	
1.014e-08	336	0.0618203	0.177287	0.982216	0.74253	0.765774	0.0886294	0.102754	0.00197189	0.00127148	
1.02e-08	338	0.0624805	-0.0607264	0.996197	0.784388	0.767432	0.0949905	0.054608	0.00199133	0.00117014	
1.026e-08	340	0.283407	0.113294	0.952284	0.763544	0.76542	0.085729	0.076507	0.00235307	0.000983447	
1.032e-08	342	-0.0156864	-0.00593078	0.999859	0.745913	0.760606	0.0770625	0.0740111	0.0016878	0.00140287	
1.038e-08	344	0.0805063	0.0259625	0.996416	0.74823	0.761647	0.0828824	0.0599042	0.0017485	0.00125946	
1.044e-08	346	0.0362519	0.0308503	0.998866	0.764168	0.754011	0.0991734	0.0775769	0.00372077	0.00214746	
1.05e-08	348	0.0686284	-0.0343031	0.997052	0.775981	0.758687	0.0430513	0.0353402	0.00243339	0.00248851	
1.056e-08	350	-0.0119623	0.0103695	0.999875	0.756337	0.754762	0.0962133	0.0712411	0.00377981	0.00117629	
1.062e-08	352	-0.021067	0.0101214	0.999727	0.764148	0.753382	0.062364	0.0891124	0.00155865	0.00181948	
1.068e-08	354	-0.0987234	0.0739386	0.992364	0.759366	0.750571	0.0961468	0.0739182	0.00233855	0.00150419	
1.074e-08	356	-0.20763	0.0517481	0.976838	0.718822	0.752176	0.0653409	0.0381077	0.00337202	0.00185378	
1.08e-08	358	-0.168689	-0.164091	0.971915	0.737846	0.744347	0.0657395	0.0531941	0.00296566	0.00209117	
1.086e-08	360	0.0955235	0.0976409	0.990627	0.745595	0.750645	0.0575704	0.0423619	0.00232713	0.00159566	
1.092e-08	362	-0.0437842	-0.0307349	0.998568	0.760054	0.744491	0.0654876	0.0612342	0.00327242	0.00166536	
1.098e-08	364	-0.0154399	-0.106753	0.994166	0.740359	0.741342	0.0728408	0.0737173	0.00371214	0.00170068	
1.104e-08	366	-0.0841486	-0.00776985	0.996423	0.739377	0.740669	0.0879837	0.0638	0.00362517	0.00176495	
1.11e-08	368	0.0337869	0.0549202	0.997919	0.737193	0.736127	0.0948989	0.0504889	0.00327531	0.00207792	
1.116e-08	370	-0.138127	-0.248479	0.958738	0.713688	0.731419	0.081802	0.0659566	0.00200094	0.0014361	
1.122e-08	372	0.070819	-0.0642833	0.995416	0.735613	0.733436	0.0969648	0.051101	0.00269429	0.00234736	
1.128e-08	374	0.227103	0.164935	0.959803	0.740408	0.735708	0.0833906	0.0846106	0.00250314	0.000843977	
1.134e-08	376	-0.0846389	-0.027856	0.996022	0.728146	0.731373	0.058201	0.0449786	0.00319234	0.00250226	
1.14e-08	378	-0.0586067	0.119098	0.991151	0.727927	0.731071	0.0598047	0.0494678	0.00246605	0.00151475	
1.146e-08	380	-0.0836551	-0.0245172	0.996193	0.718368	0.724735	0.0424226	0.104536	0.00136928	0.00109477	
1.152e-08	382	-0.208623	0.0747929	0.975132	0.684019	0.723843	0.0933117	0.139949	0.00234652	0.00184763	
1.158e-08	384	-0.12437	-0.0532819	0.990804	0.726071	0.721981	0.0919368	0.0914115	0.00371345	0.00197665	
1.164e-08	386	-0.229931	-0.0125257	0.973126	0.732736	0.72326	0.0924903	0.0702154	0.0039812	0.00228837	
1.17e-08	388	-0.0577682	0.0329333	0.997787	0.725115	0.718927	0.107966	0.071777	0.00582527	0.00182333	
1.176e-08	390	0.203784	0.227583	0.952196	0.696246	0.717786	0.144668	0.0709181	0.0034523	0.00261055	
1.182e-08	392	0.0369502	0.178138	0.983312	0.725263	0.709628	0.0765327	0.0673883	0.00317615	0.00236477	
1.188e-08	394	0.00886182	-0.118262	0.992943	0.713734	0.710939	0.0633576	0.0533962	0.00255939	0.00209948	
1.194e-08	396	-0.011487	-0.0356822	0.999297	0.723115	0.711873	0.0548124	0.0555753	0.00386516	0.00293338	
1.2e-08	398	-0.176299	-0.0599106	0.982512	0.716056	0.706728	0.0792592	0.0471735	0.0029935	0.00226084	
1.206e-08	400	0.204117	0.108555	0.972909	0.69889	0.705503	0.092264	0.0757191	0.00436858	0.00321448	
1.212e-08	402	-0.0428333	0.134824	0.989943	0.692069	0.703164	0.0714883	0.0855531	0.00267185	0.00134383	
1.218e-08	404	-0.0745889	-0.0520141	0.995857	0.718235	0.70779	0.0431007	0.0523217	0.00170764	0.00146186	
1.224e-08	406	0.0140813	0.0843523	0.996336	0.679105	0.704763	0.06482	0.0910391	0.00353202	0.00230818	
1.23e-08	408	0.0494312	0.0177793	0.998619	0.688503	0.697833	0.0600592	0.0693857	0.00162203	0.00183488	
1.236e-08	410	-0.0343507	0.193652	0.980469	0.695599	0.696561	0.0766743	0.101795	0.00508742	0.002485	
1.242e-08	412	-0.131687	-0.0911092	0.987096	0.705076	0.693505	0.0984777	0.0840425	0.00397633	0.00189186	
1.248e-08	414	-0.0266061	0.0885439	0.995717	0.684926	0.695654	0.0816195	0.0540786	0.0039723	0.00342895	
1.254e-08	416	-0.076921	0.184596	0.9798	0.681281	0.68561	0.0762551	0.0917922	0.00306271	0.00284604	
1.26e-08	418	-0.132552	-0.162392	0.977782	0.705429	0.688396	0.0927422	0.0878078	0.00555785	0.00249889	
1.266e-08	420	0.171396	0.0158185	0.985075	0.710327	0.692966	0.0845347	0.0692647	0.00355233	0.0033062	
1.272e-08	422	0.124225	-0.00717446	0.992228	0.732019	0.687206	0.0485585	0.0688384	0.00348141	0.00287104	
1.278e-08	424	-0.12113	-0.0251113	0.992319	0.683745	0.682861	0.0817302	0.0491702	0.00280881	0.00206138	
1.284e-08	426	0.126186	-0.0993088	0.987023	0.687137	0.680984	0.0744592	0.0911237	0.00221638	0.00104695	
1.29e-08	428	0.166931	0.15479	0.973742	0.677877	0.677411	0.0508664	0.083945	0.00284478	0.00166119	
1.296e-08	430	-0.000457179	0.0329154	0.999458	0.681049	0.674585	0.043634	0.0751052	0.00233267	0.00188608	
1.302e-08	432	-0.123039	-0.0334774	0.991837	0.666438	0.672026	0.0460723	0.0727347	0.00301822	0.00217547	
1.308e-08	434	-0.220678	-0.0272385	0.974966	0.699888	0.670428	0.119894	0.0653757	0.00915909	0.00357226	
1.314e-08	436	0.25471	0.0253349	0.966685	0.666544	0.668332	0.0992249	0.100067	0.00426423	0.00283627	
1.32e-08	438	0.0684132	-0.0463001	0.996582	0.670688	0.66292	0.132228	0.0658525	0.00436993	0.00196611	
1.326e-08	440	0.0421777	-0.110612	0.992968	0.677082	0.666608	0.0496219	0.0928285	0.0031587	0.00220244	
1.332e-08	442	0.227339	0.0556997	0.972221	0.667319	0.661605	0.073203	0.0815186	0.00672741	0.00315718	
1.338e-08	444	0.184453	0.34137	0.921653	0.66123	0.659737	0.101681	0.0846416	0.00369653	0.00270968	
1.344e-08	446	0.057676	0.102251	0.993085	0.628371	0.651866	0.0583173	0.0414862	0.00518768	0.00366652	
1.35e-08	448	-0.07125	0.243379	0.967311	0.671408	0.652511	0.103088	0.0965826	0.00555285	0.0028398	
1.356e-08	450	-0.112003	0.00949817	0.993662	0.633423	0.653041	0.0755614	0.106197	0.00526778	0.00419382	
1.362e-08	452	0.0352032	-0.135886	0.990099	0.625748	0.645532	0.0760485	0.0508505	0.0053706	0.00513461	
1.368e-08	454	-0.00099234	-0.0151598	0.999885	0.651454	0.640022	0.0757818	0.124672	0.0070464	0.00433795	
1.374e-08	456	-0.0624228	0.0696362	0.995617	0.647442	0.648801	0.0746471	0.05818	0.0102606	0.00434669	
1.38e-08	458	-0.014279	0.0016855	0.999897	0.644833	0.63982	0.0827126	0.103098	0.00949342	0.00359099	
1.386e-08	460	0.118657	-0.15715	0.980421	0.600365	0.632183	0.0857988	0.0903971	0.00493596	0.00484846	
1.392e-08	462	-0.238572	0.113412	0.96448	0.656472	0.63727	0.0475758	0.0614501	0.00374245	0.00227446	
1.398e-08	464	0.180359	-0.299637	0.93685	0.640534	0.640168	0.0794962	0.117168	0.00659587	0.00336573	
1.404e-08	466	0.182944	0.104438	0.97756	0.639772	0.635822	0.0909748	0.0700593	0.00279676	0.00267472	
1.41e-08	468	0.392827	-0.161457	0.905328	0.608577	0.627279	0.0839187	0.0668147	0.00666887	0.00269573	
1.416e-08	470	-0.112371	0.136423	0.984257	0.612176	0.625361	0.0473086	0.103879	0.0073373	0.00393596	
1.422e-08	472	0.121272	-0.229147	0.965808	0.569778	0.624236	0.074144	0.0792008	0.00436117	0.00425101	
1.428e-08	474	-0.17054	-0.153947	0.97325	0.640664	0.622394	0.0521993	0.0444427	0.00472989	0.00406892	
1.434e-08	476	0.131205	0.040085	0.990545	0.635769	0.621692	0.0471916	0.0832355	0.00560185	0.00451166	
1.44e-08	478	0.310493	-0.165045	0.936138	0.61784	0.612551	0.108128	0.0550368	0.0116019	0.00541159	
1.446e-08	480	-0.0206699	0.0546686	0.998291	0.628773	0.614201	0.0933405	0.0624422	0.00629926	0.00311104	
1.452e-08	482	-0.147144	-0.247777	0.957578	0.633373	0.617838	0.0610302	0.0499336	0.00218696	0.00200594	
1.458e-08	484	-0.31429	0.0366198	0.948621	0.626862	0.60972	0.115177	0.0936467	0.0118221	0.00717597	
1.464e-08	486	-0.0506239	-0.266247	0.962575	0.605076	0.602974	0.076396	0.0533027	0.00445948	0.00432612	
1.47e-08	488	0.0812845	-0.0769268	0.993718	0.626433	0.607612	0.0684422	0.104006	0.0080121	0.00487585	
1.476e-08	490	-0.0439246	-0.104701	0.993533	0.627804	0.604059	0.080459	0.0688842	0.00645701	0.00518772	
1.482e-08	492	0.037171	0.248339	0.96796	0.57976	0.597254	0.106038	0.0748715	0.00795939	0.00468322	
1.488e-08	494	-0.133591	-0.0546919	0.989526	0.615997	0.599199	0.0789988	0.0946284	0.0074005	0.00525308	
1.494e-08	496	-0.131997	0.161901	0.977939	0.560899	0.594841	0.0648139	0.0562488	0.00670112	0.00427672	
1.5e-08	498	-0.303079	0.288329	0.9083	0.567231	0.58813	0.0701612	0.121387	0.00766051	0.00421528	
1.506e-08	500	0.378941	0.0022852	0.925418	0.562094	0.577619	0.0989562	0.104848	0.00857797	0.00577784	
1.512e-08	502	0.137774	-0.097889	0.985615	0.585172	0.579089	0.0538752	0.0676558	0.00360712	0.0034426	
1.518e-08	504	-0.223241	-0.00908672	0.974721	0.569467	0.584722	0.0521917	0.103149	0.0067657	0.00572669	
1.524e-08	506	-0.228498	-0.256194	0.93923	0.579826	0.582175	0.0812066	0.0649538	0.00797261	0.00576034	
1.53e-08	508	-0.0465015	-0.0837744	0.995399	0.584684	0.578421	0.0492618	0.0441237	0.00519881	0.00497598	
1.536e-08	510	0.0223941	-0.00283256	0.999745	0.582109	0.579264	0.0668865	0.0480148	0.00341378	0.00289793	
1.542e-08	512	-0.0579036	0.0645996	0.99623	0.535402	0.564868	0.0517514	0.0767173	0.00682331	0.0067601	
1.548e-08	514	0.130788	0.270225	0.953873	0.565499	0.559545	0.0752402	0.0920508	0.0131693	0.00854571	
1.554e-08	516	-0.148407	0.532736	0.833167	0.562698	0.558116	0.100142	0.102018	0.0130289	0.00470785	
1.56e-08	518	-0.136852	-0.181123	0.973892	0.573173	0.555997	0.0633573	0.0561605	0.00694543	0.0058874	
1.566e-08	520	-0.258383	-0.0625857	0.964013	0.551473	0.557768	0.070698	0.0739514	0.0050034	0.00310533	
1.572e-08	522	-0.134583	0.19666	0.971191	0.534651	0.556396	0.114002	0.14456	0.00953969	0.00480852	
1.578e-08	524	-0.41059	0.099154	0.906413	0.538052	0.544697	0.0805576	0.103776	0.0102946	0.00675828	
1.584e-08	526	-0.15631	0.195188	0.96823	0.554375	0.543475	0.115739	0.0819151	0.0194222	0.00742062	
1.59e-08	528	-0.117159	-0.282156	0.952188	0.52866	0.547666	0.0736912	0.0779023	0.00452479	0.00334642	
1.596e-08	530	0.00191771	-0.327522	0.944842	0.558041	0.534224	0.106468	0.09893	0.0191095	0.0112166	
1.602e-08	532	0.00809114	0.223413	0.97469	0.560786	0.540431	0.0780874	0.102649	0.0100374	0.0079013	
1.608e-08	534	0.167428	0.0972855	0.981073	0.502627	0.525642	0.139153	0.143319	0.0167207	0.0056179	
1.614e-08	536	-0.0253034	-0.177603	0.983777	0.531047	0.532512	0.108092	0.112879	0.0192539	0.00815942	
1.62e-08	538	-0.0499875	0.257632	0.964949	0.492287	0.523529	0.0782232	0.0810907	0.00973733	0.00827104	
1.626e-08	540	0.022775	-0.134266	0.990684	0.497895	0.507846	0.0470387	0.14333	0.028966	0.00929274	
1.632e-08	542	-0.042687	-0.0334001	0.99853	0.523443	0.516415	0.0833814	0.065959	0.01644	0.00968794	
1.638e-08	544	0.0424903	0.116847	0.992241	0.574494	0.513182	0.0960646	0.0973756	0.0132248	0.0063553	
1.644e-08	546	0.350408	0.219456	0.910524	0.50453	0.523813	0.118786	0.0765703	0.0112411	0.00537958	
1.65e-08	548	0.102428	-0.0449968	0.993722	0.51682	0.50357	0.0936554	0.0901186	0.0123198	0.00850313	
1.656e-08	550	0.130001	-0.0350631	0.990894	0.531255	0.505521	0.0682727	0.10006	0.00838461	0.00664955	
1.662e-08	552	0.027954	-0.164661	0.985954	0.502615	0.49958	0.100885	0.115466	0.0129298	0.00380173	
1.668e-08	554	-0.187928	-0.347075	0.918815	0.492105	0.493386	0.106975	0.0847851	0.0153711	0.00784102	
1.674e-08	556	-0.0576421	0.0621235	0.996403	0.522061	0.493108	0.109212	0.105352	0.0189287	0.0107312	
1.68e-08	558	0.0403328	0.25985	0.964806	0.498381	0.498546	0.0811976	0.0894825	0.00954961	0.0049235	
1.686e-08	560	0.275409	-0.0633424	0.959238	0.517951	0.478397	0.0901188	0.109323	0.0140461	0.00746913	
1.692e-08	562	0.204613	0.255002	0.945044	0.47777	0.486328	0.0455804	0.115928	0.0239587	0.00829018	
1.698e-08	564	0.0687123	0.37964	0.922579	0.50276	0.465032	0.126294	0.0701828	0.0419079	0.0187154	
1.704e-08	566	0.570654	-0.0549314	0.819351	0.432237	0.477564	0.117306	0.0668447	0.0186837	0.0073739	
1.71e-08	568	0.038261	0.168699	0.984925	0.419233	0.478222	0.050855	0.0953797	0.0106504	0.00711612	
1.716e-08	570	-0.298459	-0.46379	0.834159	0.466369	0.4576	0.126778	0.12796	0.0380291	0.00952353	
1.722e-08	572	0.0922147	-0.055817	0.994173	0.468271	0.461829	0.0899581	0.0984912	0.0164556	0.00941132	
1.728e-08	574	-0.0660349	0.0525982	0.99643	0.507388	0.460258	0.0694299	0.0544596	0.0164007	0.00903243	
1.734e-08	576	-0.198379	0.356812	0.91287	0.46987	0.457216	0.102676	0.0745348	0.0174063	0.00878087	
1.74e-08	578	0.4343	0.244675	0.866901	0.380284	0.452989	0.0816034	0.0857811	0.019761	0.00683317	
1.746e-08	580	0.205429	-0.355312	0.911895	0.431956	0.447459	0.0572703	0.154197	0.0232293	0.00616894	
1.752e-08	582	0.228064	0.0493246	-0.972396	0.46261	0.418139	0.0872272	0.124009	0.304532	0.0333756	
1.758e-08	584	-0.15535	0.105525	0.982207	0.444754	0.422889	0.145221	0.0616464	0.0704388	0.0226329	
1.764e-08	586	0.274276	0.298766	0.914063	0.446428	0.417533	0.107201	0.0824045	0.0171708	0.0136379	
1.77e-08	588	0.170098	-0.0636159	0.983372	0.478702	0.422489	0.153719	0.098527	0.0311016	0.0102718	
1.776e-08	590	0.0570437	-0.582515	0.810816	0.4521	0.405463	0.152985	0.155305	0.754537	0.0398692	
1.782e-08	592	-0.00100952	0.380155	0.924922	0.408054	0.413907	0.0776621	0.0694187	0.0177986	0.00703364	
1.788e-08	594	-0.598267	-0.223229	0.769575	0.413014	0.420742	0.100733	0.128267	0.0166483	0.00654206	
1.794e-08	596	0.654204	0.162796	0.738589	0.379855	0.397587	0.0941911	0.0992192	0.0282804	0.0139165	
1.8e-08	598	-0.0580658	0.960575	0.271889	0.399639	0.403676	0.0843226	0.177503	0.216979	0.0120835	
1.806e-08	600	0.308895	-0.40516	-0.860482	0.376647	0.381912	0.0795727	0.0884991	0.274901	0.0380281	
1.812e-08	602	0.0237847	-0.00979172	-0.999669	0.388944	0.399832	0.0712578	0.0909987	0.0144523	0.00937537	
1.818e-08	604	-0.452806	0.724107	0.520226	0.373892	0.389443	0.144735	0.115568	0.594698	0.0101403	
1.824e-08	606	0.474992	0.12163	-0.871544	0.372089	0.376817	0.0893953	0.107362	0.0401857	0.0157273	
1.83e-08	608	0.170409	0.289654	0.941839	0.391154	0.374112	0.142707	0.0777537	0.0515484	0.0222705	
1.836e-08	610	-0.229468	-0.0366687	0.972625	0.393199	0.361565	0.0858334	0.0884884	0.667633	0.0187268	
1.842e-08	612	0.126917	0.170094	-0.977221	0.404177	0.361313	0.106259	0.0883637	0.727238	0.0203059	
1.848e-08	614	0.138908	-0.482242	-0.864955	0.251893	0.355862	0.0964049	0.154961	0.063398	0.0190773	
1.854e-08	616	-0.240689	-0.0715494	-0.967961	0.263704	0.328174	0.103887	0.0690368	0.104182	0.0178433	
1.86e-08	618	-0.908778	-0.32325	-0.263878	0.310128	0.333396	0.0838498	0.0801868	0.04156	0.0186396	
1.866e-08	620	0.17544	0.152857	0.972551	0.337379	0.321059	0.118914	0.0885836	0.361534	0.028626	
1.872e-08	622	-0.141984	0.898179	-0.416071	0.25881	0.329267	0.0786879	0.108603	0.214265	0.0145242	
1.878e-08	624	-0.178228	0.216869	0.959793	0.305416	0.308994	0.0971981	0.112753	0.469211	0.0277777	
1.884e-08	626	-0.168104	-0.104994	-0.980162	0.388743	0.29938	0.0739609	0.0640595	0.292993	0.0301425	
1.89e-08	628	0.00799332	-0.00339367	0.999962	0.396059	0.274075	0.122377	0.0685375	0.161672	0.0294093	
1.896e-08	630	-0.646046	-0.435362	-0.626965	0.293805	0.302566	0.0990256	0.145578	0.394008	0.0130326	
1.902e-08	632	-0.286421	0.161256	-0.944436	0.280701	0.294706	0.0891939	0.120194	0.423336	0.0386342	
1.908e-08	634	-0.495595	0.836669	-0.233176	0.192534	0.281893	0.0433316	0.0886322	0.0832984	0.0338769	
1.914e-08	636	0.554393	-0.0840377	-0.828001	0.284002	0.292475	0.109623	0.0796058	0.405313	0.023949	
1.92e-08	638	-0.118618	-0.349967	-0.929222	0.381323	0.292408	0.128848	0.0928451	0.325471	0.0203131	
1.926e-08	640	0.0705182	-0.16919	0.983057	0.256522	0.25113	0.102906	0.0966964	0.222119	0.0262966	
1.932e-08	642	-0.0430637	-0.338649	0.939927	0.331069	0.261669	0.0541146	0.0852065	0.296557	0.0537049	
1.938e-08	644	-0.317005	-0.0834017	0.94475	0.289265	0.236119	0.0967123	0.0878326	0.220203	0.0309397	
1.944e-08	646	-0.287827	-0.180659	0.940488	0.272864	0.243494	0.105527	0.102642	0.210029	0.0252248	
1.95e-08	648	0.961072	-0.257558	-0.100019	0.15782	0.255698	0.0926314	0.0519083	0.274725	0.0194248	
1.956e-08	650	0.0671778	0.661588	-0.746853	0.293272	0.228051	0.094069	0.0563692	0.148951	0.0268549	
1.962e-08	652	0.169051	0.591484	-0.788396	0.198491	0.23575	0.0840846	0.115008	0.164835	0.0152262	
1.968e-08	654	0.190286	0.362972	-0.912164	0.278196	0.229127	0.118515	0.124388	0.135835	0.0259046	
1.974e-08	656	0.202332	-0.104945	0.973678	0.295481	0.218776	0.0337783	0.0896714	0.227231	0.0403264	
1.98e-08	658	-0.459614	-0.680921	0.570176	0.147908	0.223276	0.077106	0.0868355	0.163636	0.0307101	
1.986e-08	660	0.0832332	0.617637	0.782047	0.23406	0.207535	0.0628554	0.0661904	0.175818	0.0308032	
1.992e-08	662	0.109729	-0.116123	-0.987155	0.11487	0.197089	0.0819036	0.0626696	0.138748	0.0256215	
1.998e-08	664	0.92891	0.285813	0.235453	0.246695	0.198891	0.0497884	0.0801438	0.14693	0.0207147	
2.004e-08	666	-0.0188083	-0.0405081	-0.999002	0.267395	0.19653	0.0813876	0.0516285	0.125455	0.0251237	
2.01e-08	668	-0.475383	-0.799478	-0.367215	0.162429	0.18818	0.0505084	0.114386	0.0782712	0.0177084	
2.016e-08	670	-0.158785	0.970288	-0.182564	0.0700919	0.175936	0.0406901	0.0562275	0.134739	0.0309293	
2.022e-08	672	-0.536887	0.843583	0.0109847	0.14175	0.146166	0.0451697	0.0482321	0.0636228	0.02132	
2.028e-08	674	0.290972	-0.946512	-0.139463	0.145307	0.161894	0.049923	0.0484552	0.0928072	0.023793	
2.034e-08	676	-0.664689	-0.0218947	0.746799	0.11186	0.157	0.0373627	0.0439345	0.0832233	0.0166092	
2.04e-08	678	0.71538	0.41766	0.560172	0.149952	0.154686	0.0283226	0.057137	0.0926388	0.0291437	
2.046e-08	680	0.161449	-0.144022	-0.976316	0.144266	0.141269	0.0320751	0.0465005	0.0610006	0.0167182	
2.052e-08	682	-0.708223	0.589388	0.388641	0.241448	0.160381	0.0591819	0.034333	0.0865207	0.0166859	
2.058e-08	684	0.520598	-0.0172533	-0.853627	0.0651327	0.158445	0.0475537	0.0441321	0.0764347	0.0202765	
2.064e-08	686	0.146697	0.30372	-0.9414	0.173019	0.147713	0.0578499	0.028983	0.0671947	0.0167657	
2.07e-08	688	-0.272187	0.925599	0.263023	0.0482728	0.146862	0.0280464	0.0716967	0.0659778	0.0276743	
2.076e-08	690	0.225495	0.830666	-0.509065	0.219367	0.134059	0.0256347	0.0439724	0.0569096	0.0122057	
2.082e-08	692	0.838513	-0.463163	-0.287014	0.132493	0.134399	0.0382423	0.0431985	0.0333733	0.0189741	
2.088e-08	694	-0.692143	0.173779	0.700528	0.0863016	0.137549	0.0366397	0.0566715	0.0420801	0.0182826	
2.094e-08	696	0.742813	-0.64164	0.19112	0.119759	0.127432	0.0405232	0.0257468	0.0464258	0.0151084	
2.1e-08	698	-0.138123	-0.665408	0.73359	0.0711793	0.133054	0.0376984	0.0288799	0.0636119	0.0185414	
2.106e-08	700	-0.059963	0.0919418	0.993957	0.148674	0.120192	0.0217604	0.0379167	0.0501956	0.0233892	
2.112e-08	702	0.418762	0.906123	0.0598259	0.126668	0.129273	0.0261684	0.0337345	0.0549823	0.0119291	
2.118e-08	704	0.575363	0.0657809	-0.815248	0.178982	0.12634	0.0354196	0.037996	0.0433946	0.0167995	
2.124e-08	706	0.035464	0.0284108	-0.998967	0.103559	0.124113	0.042834	0.029555	0.0278	0.0159648	
2.13e-08	708	-0.682156	0.6672	-0.299178	0.0744644	0.10862	0.0290214	0.0277211	0.0277956	0.0108945	
2.136e-08	710	-0.255898	-0.950928	-0.173933	0.124543	0.109727	0.022128	0.0229046	0.035035	0.0118652	
2.142e-08	712	0.116311	0.395875	-0.910909	0.120664	0.11808	0.0254531	0.0270464	0.041259	0.0106948	
2.148e-08	714	-0.314806	0.444611	0.838581	0.0982819	0.0764013	0.0131628	0.00893012	0.0190614	0.00814655	
2.154e-08	716	-0.05698	-0.39466	-0.917059	0.105942	0.113856	0.0226839	0.0229597	0.0410168	0.00880667	
2.16e-08	718	-0.88298	-0.368135	0.291243	0.070708	0.0889248	0.011294	0.0150424	0.0255609	0.00717473	
2.166e-08	720	0.847558	0.477286	0.232044	0.108865	0.106039	0.0280767	0.0332635	0.0163609	0.00967983	
2.172e-08	722	-0.152255	-0.961577	0.228445	0.0761277	0.112273	0.0183679	0.0297239	0.0290451	0.00811741	
2.178e-08	724	0.429323	-0.787405	-0.442352	0.0977754	0.0963015	0.0188717	0.015026	0.0300082	0.0126187	
2.184e-08	726	-0.0589656	0.345432	0.93659	0.155854	0.101872	0.0191197	0.02325	0.0310033	0.0122383	
2.19e-08	728	-0.252409	-0.300584	-0.91975	0.0910946	0.0828299	0.0195965	0.0141179	0.0131232	0.0073718	
2.196e-08	730	-0.858462	0.00742132	0.512824	0.0649067	0.101915	0.0294632	0.0269972	0.0162273	0.0119692	
2.202e-08	732	-0.504688	-0.754669	-0.419243	0.0907361	0.0881119	0.0216425	0.0160899	0.0189633	0.00989579	
2.208e-08	734	0.439296	0.41577	-0.796338	0.0876812	0.0964271	0.0164539	0.0133717	0.0319628	0.00715329	
2.214e-08	736	0.320767	-0.911303	-0.258139	0.0461204	0.0979699	0.019684	0.0118072	0.0339265	0.00975612	
2.22e-08	738	-0.00733603	0.95418	-0.299143	0.0423857	0.0873529	0.0207661	0.0137287	0.0232337	0.0130554	
2.226e-08	740	0.166229	-0.716904	0.677065	0.0751479	0.0903472	0.0161226	0.0168493	0.0215791	0.00854811	
2.232e-08	742	0.30913	-0.197794	0.930224	0.0637584	0.0929197	0.0135454	0.0116619	0.0328622	0.00887295	
2.238e-08	744	0.638735	-0.665253	0.386595	0.109864	0.092292	0.0229275	0.0118081	0.0222247	0.00807889	
2.244e-08	746	-0.61837	-0.535126	-0.575551	0.0895077	0.077635	0.0153236	0.0099166	0.0153073	0.00526274	
2.25e-08	748	-0.0590951	0.43733	0.897357	0.101642	0.0901659	0.0140322	0.0189334	0.0182948	0.00425152	
2.256e-08	750	0.227822	0.732981	-0.640965	0.0422041	0.0746521	0.0161588	0.0111992	0.0109532	0.00581365	
2.262e-08	752	0.971974	-0.0913975	-0.216593	0.10829	0.0785881	0.0135227	0.0144345	0.0118955	0.00525671	
2.268e-08	754	0.769606	-0.634408	0.0723449	0.0506864	0.0809924	0.00710419	0.00986311	0.028005	0.00798434	
2.274e-08	756	-0.649816	-0.458844	-0.605971	0.0749148	0.0726857	0.0131566	0.0109275	0.0109572	0.00536082	
2.28e-08	758	0.110656	-0.518663	0.847788	0.076939	0.0763792	0.0146904	0.0105442	0.0120872	0.0053665	
2.286e-08	760	-0.347988	-0.85096	0.393411	0.0800148	0.0816656	0.0122942	0.0185686	0.0128847	0.00554593	
2.292e-08	762	-0.145297	-0.0813027	0.986042	0.155087	0.0812569	0.0155403	0.0123023	0.0195032	0.0101178	
2.298e-08	764	-0.483634	0.214727	0.848523	0.0929055	0.0791173	0.0137518	0.0137897	0.0129251	0.00715989	
2.304e-08	766	0.0736877	-0.967685	-0.241155	0.0702639	0.0820454	0.0176394	0.0115354	0.0149148	0.00704382	
2.31e-08	768	-0.733682	-0.450576	0.508618	0.0604072	0.0743222	0.0175166	0.00950074	0.00629772	0.00380515	
2.316e-08	770	0.188779	-0.92185	-0.338459	0.0858262	0.0700845	0.00867707	0.015495	0.00795111	0.00462173	
2.322e-08	772	-0.835351	-0.546503	0.0593638	0.0860655	0.0721572	0.0119021	0.00603527	0.0140709	0.00273354	
2.328e-08	774	0.37056	-0.540036	0.755676	0.0660306	0.0669699	0.00633826	0.0112997	0.0107359	0.00338415	
2.334e-08	776	0.627091	-0.671187	-0.395304	0.0671977	0.064311	0.00896555	0.00723479	0.00815581	0.00268929	
2.34e-08	778	-0.185253	0.68616	-0.703467	0.0651377	0.0792783	0.0107719	0.0101967	0.0172799	0.00550013	
2.346e-08	780	0.372911	0.413868	-0.830452	0.0885071	0.0676925	0.011649	0.00752333	0.00895466	0.00432242	
2.352e-08	782	-0.508768	0.686422	0.519595	0.0718099	0.0687092	0.00730292	0.00782937	0.0145835	0.0034231	
2.358e-08	784	-0.107277	-0.201512	-0.973594	0.0104702	0.0608122	0.00636593	0.00957753	0.00996604	0.00543365	
2.364e-08	786	0.726588	-0.476521	0.494973	0.0479897	0.0657618	0.00656751	0.00919616	0.0115611	0.00450097	
2.37e-08	788	0.521098	-0.514341	-0.681109	0.023523	0.0722745	0.0129754	0.00831644	0.0110542	0.00354019	
2.376e-08	790	0.704446	0.144644	-0.694863	0.0351104	0.070861	0.0112281	0.00966062	0.0115956	0.00564389	
2.382e-08	792	0.159117	-0.970009	0.183752	0.0750298	0.0728126	0.00942323	0.0119957	0.0139999	0.00632685	
2.388e-08	794	0.35564	-0.710663	-0.607025	0.0659082	0.0649132	0.00686504	0.010069	0.00888496	0.00350474	
2.394e-08	796	0.617405	0.295933	0.728858	0.0620217	0.066356	0.011455	0.00679257	0.00851362	0.00291848	
2.4e-08	798	0.658821	-0.447529	0.604709	0.0316724	0.0609067	0.00648316	0.0116168	0.00564522	0.00338307	
2.406e-08	800	0.300842	-0.178028	-0.93691	0.11224	0.071599	0.00770563	0.00736746	0.0165033	0.00504488	
2.412e-08	802	-0.655066	-0.197789	-0.729224	0.065453	0.0746653	0.0111814	0.00908699	0.0112453	0.00194484	
2.418e-08	804	-0.756426	-0.498991	-0.42288	0.0794483	0.0643363	0.00936778	0.00788733	0.00940988	0.0045516	
2.424e-08	806	-0.285875	-0.950763	0.119686	0.0624214	0.0598201	0.00612843	0.00980195	0.00628742	0.0042667	
2.43e-08	808	0.129748	-0.991105	-0.0296141	0.0284498	0.0591838	0.00957809	0.00719958	0.00485918	0.00317579	
2.436e-08	810	0.739293	0.162688	0.653436	0.038579	0.0603422	0.00630954	0.0103193	0.0068796	0.00433504	
2.442e-08	812	-0.597169	-0.269002	0.755663	0.068325	0.064554	0.00849979	0.00523082	0.0100406	0.00358112	
2.448e-08	814	0.785534	0.394448	0.476809	0.0516995	0.0556364	0.00649467	0.00413342	0.00659201	0.00160104	
2.454e-08	816	-0.986776	0.119124	0.109917	0.0604368	0.0610817	0.00745005	0.0077853	0.00736166	0.00249085	
2.46e-08	818	-0.948119	-0.222939	0.226647	0.0299861	0.0607338	0.0068029	0.00627023	0.0108625	0.00404203	
2.466e-08	820	-0.763069	-0.502382	-0.406617	0.100734	0.0673066	0.0109759	0.00915825	0.00720909	0.00359165	
2.472e-08	822	-0.34835	-0.897318	-0.271059	0.0405005	0.0606131	0.0072386	0.00673348	0.0081478	0.00400834	
2.478e-08	824	0.755635	0.362238	-0.545709	0.056778	0.061975	0.00414187	0.00900491	0.00986244	0.00315643	
2.484e-08	826	-0.287681	-0.941017	-0.178121	0.0189214	0.0561647	0.0054532	0.00709469	0.00598805	0.00275831	
2.49e-08	828	0.771247	-0.0429929	0.635082	0.0982232	0.0538499	0.00578173	0.00586578	0.00642218	0.00290792	
2.496e-08	830	-0.816409	-0.295105	-0.496377	0.0625527	0.0633797	0.00587674	0.00997769	0.00905219	0.00373981	
2.502e-08	832	0.744463	0.629398	-0.222787	0.0822537	0.0587149	0.00510609	0.00535445	0.00913012	0.00409101	
2.508e-08	834	-0.600144	0.799228	-0.0325731	0.0351106	0.0507194	0.00764204	0.00294278	0.00622317	0.00378149	
2.514e-08	836	-0.616295	0.787302	0.0183	0.0195064	0.0540047	0.00733637	0.00557664	0.00519701	0.00326015	
2.52e-08	838	0.551297	-0.335368	0.763937	0.0744056	0.0565577	0.0065578	0.00504284	0.00690454	0.00242718	
2.526e-08	840	-0.401176	-0.0729513	-0.913091	0.0194658	0.0554706	0.00591268	0.00481662	0.00631481	0.0022591	
2.532e-08	842	0.346249	0.749501	0.564234	0.0464136	0.0517432	0.00465263	0.00566955	0.00601851	0.00288627	
2.538e-08	844	-0.97008	-0.238152	0.0472055	0.0339236	0.0527406	0.00601583	0.00377735	0.00659882	0.00186135	
2.544e-08	846	-0.781502	0.31553	0.538233	0.0437705	0.0485426	0.00314694	0.00586181	0.00438245	0.00134966	
2.55e-08	848	0.0148956	-0.987394	0.157578	0.0653468	0.0602777	0.00544984	0.0082213	0.00773588	0.00370651	
2.556e-08	850	-0.976828	0.213413	0.0162056	0.0796266	0.0578889	0.00762411	0.00751352	0.00408666	0.00227035	
2.562e-08	852	-0.901165	0.214142	0.376889	0.0976033	0.0579553	0.00580121	0.00582484	0.00615473	0.00295542	
2.568e-08	854	0.481783	-0.504943	-0.716183	0.0340102	0.0501361	0.00483372	0.00605995	0.00451249	0.0024159	
2.574e-08	856	-0.603817	0.633167	0.484256	0.0843731	0.0590971	0.00614268	0.00479935	0.0075438	0.0036158	
2.58e-08	858	0.186175	0.671051	0.717656	0.0494801	0.0493032	0.0042623	0.0046094	0.00444047	0.0018304	
2.586e-08	860	-0.100353	0.284677	0.953356	0.0353587	0.0530704	0.00612577	0.00749139	0.00369991	0.00290332	
2.592e-08	862	-0.0334583	0.535876	-0.843634	0.0792475	0.0543439	0.00677049	0.00533364	0.00454402	0.00206862	
2.598e-08	864	0.465825	0.534752	0.705016	0.0406226	0.0486643	0.00331183	0.0041874	0.00682978	0.00333062	
2.604e-08	866	0.305698	0.721386	0.621411	0.0322964	0.0516149	0.00402751	0.00591642	0.00520488	0.00174342	
2.61e-08	868	0.13754	0.436501	0.889129	0.0738979	0.0476168	0.00402741	0.00452072	0.0054727	0.0025204	
2.616e-08	870	0.451112	0.0430792	0.891427	0.0608421	0.0499332	0.00400302	0.00373246	0.00589947	0.00145781	
2.622e-08	872	-0.600026	0.787929	0.138335	0.0336436	0.0530675	0.00402601	0.0077538	0.00516925	0.00312177	
2.628e-08	874	0.965468	-0.0949833	-0.242591	0.0725448	0.0611855	0.00796477	0.00660142	0.00643366	0.00254296	
2.634e-08	876	-0.819172	-0.522356	-0.236858	0.0626685	0.0524313	0.00644214	0.00289679	0.00683992	0.00243199	
2.64e-08	878	0.00641547	0.702949	-0.711211	0.0623353	0.0599514	0.00532798	0.00808156	0.00598953	0.00234851	
2.646e-08	880	-0.226177	-0.312398	0.922633	0.0707424	0.0449781	0.00412702	0.00351916	0.00488853	0.00269807	
2.652e-08	882	0.973805	0.151526	-0.169542	0.0283978	0.0430136	0.00376527	0.00182746	0.00486387	0.00134384	
2.658e-08	884	0.0718972	0.848885	0.523665	0.0340125	0.0510938	0.00325238	0.00433155	0.00828778	0.00293976	
2.664e-08	886	-0.571992	0.727732	-0.378459	0.0365406	0.0471663	0.00417035	0.00438775	0.0041247	0.00205779	
2.67e-08	888	-0.943711	-0.126212	0.305746	0.0230269	0.0588257	0.00649933	0.0061016	0.00742335	0.00304377	
2.676e-08	890	0.000918352	0.994027	-0.109132	0.0252746	0.0553578	0.00493243	0.00461015	0.00633451	0.0022195	
2.682e-08	892	-0.337426	0.927541	-0.160661	0.0260323	0.0534779	0.00313805	0.00545527	0.00769306	0.00221268	
2.688e-08	894	0.978954	-0.142687	-0.145909	0.0301725	0.0524378	0.00490249	0.00476143	0.0058402	0.00226301	
2.694e-08	896	0.273062	0.463369	0.843046	0.0552841	0.0521821	0.00510745	0.00637851	0.00431403	0.00257257	
2.7e-08	898	0.30879	0.281403	-0.908549	0.0311196	0.0532558	0.00500691	0.00663627	0.00461408	0.00240472	
2.706e-08	900	0.92306	-0.384443	-0.0127591	0.0437374	0.0476394	0.0043908	0.00427621	0.00370846	0.00176513	
