#----------------------------------------------------------------------------------------------------------------------------------------------------------
# Output file for vampire simulation
#   time       : 2024-08-29 04:53:44     process id : 3557074
#   hostname   : node116.viking2.yor.alces.network
#   path       : /users/ky883/parameter/WS_dia5/AI_Dataset/size_4.0_4.0_8.0/Temp_900/random_1
#----------------------------------------------------------------------------------------------------------------------------------------------------------
6e-11	0	0.00246264	0.0127265	0.999916	0.999922	0.999895	0	0	0	0	
1.2e-10	2	-0.00513636	-0.000379458	0.999987	0.998938	0.998912	0.0477479	0.0656617	4.31915e-06	3.29645e-06	
1.8e-10	4	0.00253754	0.0013378	0.999996	0.997787	0.997811	0.0371862	0.0781766	9.97556e-06	6.12994e-06	
2.4e-10	6	0.00872736	-0.0115348	0.999895	0.996616	0.996718	0.0574429	0.0469657	1.92876e-05	1.78261e-05	
3e-10	8	0.0139748	-0.0123324	0.999826	0.995739	0.995645	0.0471664	0.0391908	1.85419e-05	1.72499e-05	
3.6e-10	10	-0.00757838	-0.000763492	0.999971	0.994532	0.994433	0.0825986	0.0636317	2.8237e-05	2.31922e-05	
4.2e-10	12	-0.0146743	-0.000445078	0.999892	0.993587	0.993403	0.0401956	0.0334467	3.25577e-05	3.40109e-05	
4.8e-10	14	-0.0115031	0.00914603	0.999892	0.992337	0.992187	0.0449076	0.0498623	3.57437e-05	3.48028e-05	
5.4e-10	16	-0.0101066	0.0141844	0.999848	0.99106	0.991232	0.0485894	0.0427244	3.16545e-05	3.34217e-05	
6e-10	18	-0.0194019	-0.0122404	0.999737	0.990206	0.99012	0.0475207	0.0197196	5.91872e-05	5.71135e-05	
6.6e-10	20	0.0205231	0.00327666	0.999784	0.988641	0.988859	0.0471348	0.0346271	5.68872e-05	5.13919e-05	
7.2e-10	22	-0.00387545	0.00943296	0.999948	0.98844	0.987946	0.0425682	0.0277921	5.28515e-05	4.43915e-05	
7.8e-10	24	-0.00868796	-0.0230698	0.999696	0.986589	0.986706	0.0703605	0.0756157	5.60399e-05	4.42206e-05	
8.4e-10	26	-0.0103252	-0.00780985	0.999916	0.985547	0.985693	0.0467144	0.047682	3.49522e-05	3.29849e-05	
9e-10	28	-0.00410175	0.00233544	0.999989	0.98396	0.984359	0.0335908	0.030573	5.63555e-05	5.19829e-05	
9.6e-10	30	-0.0223013	-0.0138188	0.999656	0.984263	0.983343	0.0723479	0.0622084	7.53173e-05	6.76034e-05	
1.02e-09	32	0.00465674	0.0166508	0.999851	0.981229	0.982261	0.0275967	0.0525597	7.70022e-05	7.50357e-05	
1.08e-09	34	-0.00142621	-0.00624506	0.999979	0.979748	0.98085	0.0320001	0.068193	0.00013282	0.000118846	
1.14e-09	36	0.0128845	-0.0162171	0.999785	0.980984	0.980076	0.0404717	0.0511843	0.000154251	0.000120333	
1.2e-09	38	0.00793008	0.0279323	0.999578	0.979913	0.978844	0.0517414	0.0523559	0.000125181	9.21887e-05	
1.26e-09	40	-0.0344651	-0.0189555	0.999226	0.978173	0.977498	0.0702716	0.0490218	7.18792e-05	6.55918e-05	
1.32e-09	42	0.00164742	-0.0263159	0.999652	0.976305	0.976603	0.0422623	0.124462	0.000133716	7.55866e-05	
1.38e-09	44	-0.00622935	0.00457942	0.99997	0.975953	0.975348	0.0686275	0.0344481	0.000131912	9.94883e-05	
1.44e-09	46	-0.00670759	0.0395303	0.999196	0.974273	0.97428	0.0965288	0.0574196	0.000154448	0.000123537	
1.5e-09	48	-0.0115193	0.00300102	0.999929	0.973994	0.97321	0.0769667	0.0479991	0.000118057	8.96097e-05	
1.56e-09	50	0.0236052	0.0158547	0.999596	0.972592	0.972407	0.0879259	0.0591415	0.000128017	6.46031e-05	
1.62e-09	52	-0.0315756	0.0199697	0.999302	0.9703	0.970974	0.0527201	0.0496431	0.000179064	0.000123758	
1.68e-09	54	0.0045513	-0.0251954	0.999672	0.969499	0.969557	0.0619059	0.0515979	0.000126587	0.000109154	
1.74e-09	56	0.0211437	-0.00918867	0.999734	0.967049	0.968468	0.0480515	0.0445141	0.000167362	0.000168446	
1.8e-09	58	-0.0144344	-0.00603977	0.999878	0.967755	0.967437	0.106516	0.0763946	0.000244317	0.000114292	
1.86e-09	60	0.0126918	0.0180057	0.999757	0.965981	0.966427	0.0421346	0.0539719	0.000114934	0.000103333	
1.92e-09	62	0.015233	0.0270458	0.999518	0.966059	0.965129	0.0707674	0.0565542	0.000181729	0.000133118	
1.98e-09	64	-0.0211015	-0.0236666	0.999497	0.963742	0.963775	0.0393288	0.0441431	0.000197632	0.000124708	
2.04e-09	66	-0.0443343	-0.0153881	0.998898	0.959601	0.962329	0.0639829	0.0808697	0.000252027	0.000246643	
2.1e-09	68	-0.0383312	0.00820519	0.999231	0.961948	0.961557	0.048509	0.0483341	0.000221019	0.000204376	
2.16e-09	70	0.0193928	-0.0344771	0.999217	0.960711	0.960591	0.0488098	0.0536161	0.000156901	0.000124265	
2.22e-09	72	-0.00616361	-0.0439705	0.999014	0.956937	0.959319	0.092427	0.0475127	0.000278655	0.0001944	
2.28e-09	74	0.0188344	0.031149	0.999337	0.955816	0.957965	0.0808317	0.0688666	0.000130243	0.000142175	
2.34e-09	76	-0.00382731	0.0270829	0.999626	0.956905	0.957449	0.0326467	0.0463885	0.000217544	0.000205633	
2.4e-09	78	0.0179891	-0.0270172	0.999473	0.95322	0.955702	0.0471736	0.0550478	0.00024336	0.000252251	
2.46e-09	80	-0.00709985	0.0308582	0.999499	0.955498	0.954297	0.0766823	0.0455439	0.000475126	0.000288878	
2.52e-09	82	0.0347776	0.0113435	0.999331	0.952084	0.953845	0.0375824	0.053065	0.000185858	0.000165158	
2.58e-09	84	-0.0166057	0.00976533	0.999814	0.951975	0.952288	0.0319759	0.0474934	0.000190528	0.000212002	
2.64e-09	86	-0.00181263	0.045124	0.99898	0.951821	0.950799	0.040361	0.0811733	0.000328593	0.000250028	
2.7e-09	88	0.00266545	0.0191075	0.999814	0.95053	0.950106	0.0757301	0.0510781	0.000285835	0.000188779	
2.76e-09	90	0.0149254	-0.0160875	0.999759	0.94293	0.948391	0.0598918	0.0681624	0.000330643	0.000296259	
2.82e-09	92	0.0113004	-0.00132248	0.999935	0.948968	0.947277	0.071539	0.0512149	0.000243693	0.000237256	
2.88e-09	94	0.0216218	0.00490755	0.999754	0.946057	0.946556	0.0369883	0.0573525	0.000157488	0.00015719	
2.94e-09	96	0.00765706	-0.0251231	0.999655	0.945852	0.945306	0.0576681	0.0375941	0.000397185	0.000372058	
3e-09	98	0.0210464	-0.00912022	0.999737	0.942069	0.944099	0.051968	0.0747441	0.000293536	0.000292691	
3.06e-09	100	-0.0411446	0.00599087	0.999135	0.943792	0.942687	0.0659558	0.0507905	0.000297637	0.000238166	
3.12e-09	102	-0.0187201	0.0348897	0.999216	0.942092	0.941552	0.0319166	0.066551	0.000252314	0.000222109	
3.18e-09	104	0.06445	0.000425728	0.997921	0.934681	0.939289	0.0704311	0.0353839	0.000423326	0.000339497	
3.24e-09	106	0.00599014	-0.0382953	0.999249	0.938176	0.938577	0.0572104	0.0539225	0.000284897	0.000226368	
3.3e-09	108	-0.0152683	-0.0197194	0.999689	0.933934	0.937699	0.0470208	0.0568812	0.000300265	0.000301951	
3.36e-09	110	-0.0215308	0.0285734	0.99936	0.93646	0.936277	0.0761379	0.0905053	0.000344131	0.000294514	
3.42e-09	112	0.0176422	-0.0392616	0.999073	0.936056	0.935419	0.0437359	0.0505045	0.000384846	0.000316544	
3.48e-09	114	-0.0153819	-0.000984899	0.999881	0.935723	0.934775	0.0347692	0.0638172	0.000188453	0.000143731	
3.54e-09	116	-0.0230386	0.0338008	0.999163	0.932926	0.933156	0.0294135	0.0678015	0.000384276	0.000221491	
3.6e-09	118	0.0038807	-0.0138924	0.999896	0.930937	0.931984	0.0425118	0.0508365	0.00021045	0.000184129	
3.66e-09	120	-0.00415013	-0.00746695	0.999964	0.931349	0.931244	0.0627216	0.0580659	0.000265646	0.000235367	
3.72e-09	122	0.0209295	-0.0182617	0.999614	0.929245	0.929328	0.057045	0.0309118	0.000229284	0.000224259	
3.78e-09	124	-0.0158608	-0.00749185	0.999846	0.928941	0.92795	0.0244697	0.0609044	0.000234211	0.000211654	
3.84e-09	126	0.0138393	0.0120264	0.999832	0.926691	0.926509	0.050489	0.0719262	0.000398975	0.000293594	
3.9e-09	128	0.00296441	-0.000613956	0.999995	0.927619	0.926495	0.0562572	0.0820812	0.000562097	0.000365735	
3.96e-09	130	0.0467219	-0.0446283	0.997911	0.921915	0.924094	0.0799269	0.0583667	0.000488757	0.000305185	
4.02e-09	132	-0.0415794	-0.0147731	0.999026	0.924444	0.923807	0.0705805	0.0612932	0.0004842	0.000266677	
4.08e-09	134	-0.0559366	-0.0290969	0.99801	0.92274	0.921942	0.0836597	0.0304967	0.000384765	0.00032557	
4.14e-09	136	-0.0405332	-0.00642371	0.999158	0.918867	0.920776	0.0644781	0.0558163	0.000358037	0.00038214	
4.2e-09	138	-0.00680043	0.0193144	0.99979	0.921813	0.919797	0.03752	0.0794547	0.00028567	0.000193369	
4.26e-09	140	0.0459521	-0.0310376	0.998461	0.9152	0.918123	0.0593671	0.0468245	0.000583486	0.000517283	
4.32e-09	142	0.0261735	-0.0030502	0.999653	0.919108	0.916979	0.0350903	0.0607008	0.000492854	0.000423669	
4.38e-09	144	-0.0428222	-0.0802264	0.995856	0.910736	0.916036	0.0769571	0.057539	0.000469088	0.00027818	
4.44e-09	146	0.0410287	-0.00888905	0.999118	0.915503	0.915081	0.0584114	0.0449291	0.000403566	0.000426628	
4.5e-09	148	0.0363661	-0.0583535	0.997633	0.907279	0.912712	0.0462716	0.0519809	0.000477058	0.000423324	
4.56e-09	150	0.00744766	-0.0831544	0.996509	0.917452	0.912586	0.0465291	0.114098	0.000770548	0.000440158	
4.62e-09	152	-0.00343449	0.0191903	0.99981	0.910848	0.910142	0.0591807	0.0656119	0.000440724	0.000384216	
4.68e-09	154	-0.0234897	0.0220774	0.99948	0.906465	0.909177	0.0268099	0.106185	0.000551974	0.0004184	
4.74e-09	156	-0.0584096	0.00832954	0.998258	0.90581	0.908565	0.0475868	0.0530944	0.000372602	0.00038929	
4.8e-09	158	0.0256353	0.0138894	0.999575	0.906511	0.906451	0.0781073	0.050405	0.000709861	0.000630519	
4.86e-09	160	-0.000237528	0.0351356	0.999383	0.903831	0.905334	0.0661009	0.0569039	0.000567231	0.000419394	
4.92e-09	162	-0.026175	-0.00128745	0.999657	0.898404	0.904142	0.0466066	0.0825377	0.000443882	0.00036031	
4.98e-09	164	0.0268064	-0.0228346	0.99938	0.902083	0.903417	0.0849681	0.0302303	0.000350702	0.000224307	
5.04e-09	166	-0.0295407	0.0469722	0.998459	0.900272	0.900912	0.04854	0.0754515	0.000757797	0.000440106	
5.1e-09	168	0.0561628	-0.042252	0.997527	0.8983	0.900237	0.056823	0.0523177	0.000485533	0.000460037	
5.16e-09	170	-0.0292839	-0.0670099	0.997322	0.899228	0.899132	0.059856	0.0550595	0.0006726	0.000552089	
5.22e-09	172	0.054787	-0.0399337	0.997699	0.897241	0.897299	0.0428131	0.0593868	0.000455926	0.000523215	
5.28e-09	174	0.0161147	0.0210606	0.999648	0.89636	0.895373	0.0700293	0.0568136	0.00093238	0.000932958	
5.34e-09	176	0.0141604	0.0169262	0.999756	0.894473	0.895433	0.0572666	0.0480709	0.000329616	0.000346531	
5.4e-09	178	-0.0673895	-0.00864729	0.997689	0.893492	0.894344	0.0477842	0.0447541	0.000657623	0.000508482	
5.46e-09	180	-0.0617098	0.0607002	0.996247	0.89523	0.892904	0.0637803	0.0663005	0.000723162	0.000714883	
5.52e-09	182	-0.0485067	0.0283136	0.998421	0.890006	0.890325	0.0696769	0.0294284	0.000745053	0.000477339	
5.58e-09	184	0.0261701	0.0479812	0.998505	0.894707	0.89081	0.0571223	0.0493357	0.000699386	0.000576209	
5.64e-09	186	0.0378012	-0.021821	0.999047	0.884187	0.888986	0.0538792	0.0655795	0.000499659	0.00043505	
5.7e-09	188	0.00157201	0.0771876	0.997015	0.891464	0.887776	0.0650322	0.0743279	0.000513062	0.000458118	
5.76e-09	190	0.0223788	0.00279051	0.999746	0.887187	0.884874	0.0708838	0.0595253	0.00112008	0.000871072	
5.82e-09	192	0.0106802	-0.00414605	0.999934	0.883814	0.885951	0.0852255	0.0501614	0.000573275	0.000487119	
5.88e-09	194	0.081579	0.0217014	0.996431	0.886094	0.88343	0.0724445	0.0519973	0.000748124	0.000766964	
5.94e-09	196	-0.0506014	-0.0220592	0.998475	0.877767	0.881904	0.073308	0.0550637	0.000677052	0.000510079	
6e-09	198	0.0287833	0.0114595	0.99952	0.879814	0.880547	0.0495828	0.0465192	0.00046687	0.000411383	
6.06e-09	200	0.0451122	0.00932603	0.998938	0.878744	0.879902	0.0565887	0.0634877	0.000831931	0.000690516	
6.12e-09	202	0.0516229	0.00841152	0.998631	0.877812	0.878716	0.0575949	0.028194	0.000767768	0.000677493	
6.18e-09	204	-0.0144155	-0.0318522	0.999389	0.874722	0.875709	0.0582685	0.0421841	0.000617121	0.000597704	
6.24e-09	206	-0.0879302	0.0168226	0.995985	0.881346	0.875662	0.062529	0.0727549	0.000712721	0.000723483	
6.3e-09	208	-0.00296837	0.0136873	0.999902	0.874117	0.874319	0.0667125	0.05714	0.000660173	0.000482021	
6.36e-09	210	-0.00913904	0.00320716	0.999953	0.871362	0.871717	0.0612441	0.0480992	0.000796629	0.000570824	
6.42e-09	212	0.0448785	-0.0240276	0.998703	0.878456	0.871661	0.0367718	0.062206	0.000582375	0.000632906	
6.48e-09	214	-0.0668885	0.0169268	0.997617	0.865047	0.869391	0.0731003	0.0467194	0.00093525	0.000588121	
6.54e-09	216	-0.00324103	-0.0118617	0.999924	0.874871	0.868988	0.0522609	0.0723081	0.000727109	0.000454131	
6.6e-09	218	-0.0111146	-0.101181	0.994806	0.867647	0.866742	0.0588102	0.0859555	0.000858253	0.000782862	
6.66e-09	220	0.0191259	-0.0415677	0.998953	0.867797	0.866767	0.0868003	0.034792	0.000558457	0.000504447	
6.72e-09	222	0.0939283	-0.0395222	0.994794	0.867361	0.864957	0.0549012	0.0466983	0.000721312	0.000737005	
6.78e-09	224	0.00400714	0.0473988	0.998868	0.858569	0.863152	0.0557878	0.0492514	0.000671509	0.000713174	
6.84e-09	226	-0.0505856	0.00338437	0.998714	0.869479	0.861138	0.0526455	0.0589036	0.00103258	0.000909826	
6.9e-09	228	-0.0141532	0.0406688	0.999072	0.865646	0.861128	0.074779	0.0421372	0.000649478	0.000508105	
6.96e-09	230	-0.0246436	0.0597386	0.99791	0.856073	0.858175	0.0911902	0.0605597	0.00121076	0.000870459	
7.02e-09	232	0.0351922	-0.00306601	0.999376	0.859941	0.856697	0.064363	0.0708241	0.00101061	0.000762904	
7.08e-09	234	-0.100634	0.0173127	0.994773	0.851118	0.855361	0.0658638	0.0515809	0.000660492	0.000575688	
7.14e-09	236	-0.0193502	0.0229758	0.999549	0.860776	0.853587	0.048978	0.0632314	0.000648443	0.000626241	
7.2e-09	238	0.0181345	0.0339879	0.999258	0.846724	0.853019	0.0449814	0.042819	0.000555931	0.000537179	
7.26e-09	240	-0.052139	0.0388349	0.997884	0.856145	0.851902	0.0518733	0.0674704	0.00107132	0.000941192	
7.32e-09	242	0.0632555	-0.0269383	0.997634	0.849693	0.850689	0.0565952	0.0674879	0.00121269	0.000941464	
7.38e-09	244	0.000444075	0.110339	0.993894	0.836171	0.84783	0.060832	0.117835	0.00103145	0.000716185	
7.44e-09	246	0.0417654	-0.0181596	0.998962	0.845428	0.84847	0.0719167	0.049212	0.00080177	0.000763602	
7.5e-09	248	-0.057737	0.00529203	0.998318	0.851577	0.845933	0.0979181	0.0758591	0.00141214	0.000826999	
7.56e-09	250	0.0601593	0.0868374	0.994404	0.845075	0.845171	0.113134	0.0596316	0.00114106	0.000867364	
7.62e-09	252	-0.0382442	0.00150259	0.999267	0.842412	0.843201	0.0515513	0.0604122	0.000837377	0.000691911	
7.68e-09	254	0.0440904	0.114712	0.99242	0.8433	0.840039	0.0582138	0.099464	0.00124233	0.000868874	
7.74e-09	256	-0.0132979	-0.0456188	0.99887	0.843775	0.839273	0.0625084	0.0358853	0.00128774	0.00108115	
7.8e-09	258	0.0310948	0.175358	0.984014	0.844247	0.839043	0.0695163	0.0916758	0.00132924	0.00109653	
7.86e-09	260	-0.0346284	0.0163625	0.999266	0.833832	0.836705	0.0663061	0.0415303	0.001846	0.0014885	
7.92e-09	262	-0.040117	0.0160828	0.999066	0.823717	0.835561	0.0659074	0.0594543	0.000973268	0.00102866	
7.98e-09	264	-0.0157829	-0.0572901	0.998233	0.832821	0.83307	0.0457299	0.136579	0.00111075	0.000677707	
8.04e-09	266	-0.0191247	-0.0264542	0.999467	0.831193	0.831404	0.0680637	0.0474322	0.00176152	0.00155997	
8.1e-09	268	0.0338828	0.00698236	0.999401	0.836725	0.831949	0.0458006	0.0483517	0.000782636	0.000632376	
8.16e-09	270	0.0225412	0.0224692	0.999493	0.830605	0.828912	0.0420631	0.0662905	0.00161411	0.00139234	
8.22e-09	272	-0.146617	0.0136397	0.989099	0.824224	0.827475	0.0729699	0.0651615	0.00137945	0.0011013	
8.28e-09	274	0.0313435	-0.000110081	0.999509	0.829936	0.827831	0.0352824	0.0598518	0.00109571	0.00107415	
8.34e-09	276	-0.0803487	-0.0433386	0.995824	0.830019	0.825487	0.0543262	0.0558507	0.00100914	0.000714787	
8.4e-09	278	-0.00836765	-0.0802524	0.996739	0.818113	0.824915	0.104367	0.0889249	0.00136102	0.00108864	
8.46e-09	280	-0.0141813	0.13848	0.990264	0.821009	0.822838	0.0865951	0.0610866	0.00133898	0.00117646	
8.52e-09	282	0.133576	-0.046083	0.989967	0.818736	0.820146	0.0983209	0.0622603	0.00136328	0.00115247	
8.58e-09	284	0.00342739	-0.0417362	0.999123	0.81785	0.818865	0.0744003	0.0458673	0.00138336	0.00108336	
8.64e-09	286	-0.0779569	0.0286307	0.996546	0.810224	0.818687	0.0653373	0.0755411	0.00152526	0.0012042	
8.7e-09	288	-0.0809451	0.0101528	0.996667	0.810672	0.81732	0.0878121	0.0617708	0.000788425	0.000613629	
8.76e-09	290	-0.0284266	-0.0349953	0.998983	0.824524	0.813838	0.128574	0.0461347	0.00124528	0.000945426	
8.82e-09	292	-0.0512086	-0.0866906	0.994918	0.826112	0.816223	0.0491218	0.086899	0.00115892	0.00107872	
8.88e-09	294	0.0215202	-0.177844	0.983823	0.806357	0.813077	0.0667612	0.0758489	0.00159759	0.00116352	
8.94e-09	296	-0.0661225	-0.0560997	0.996233	0.807428	0.810586	0.0773101	0.046145	0.00108733	0.000956366	
9e-09	298	0.155216	-0.055562	0.986317	0.8133	0.809211	0.0608794	0.0745957	0.0011275	0.00112398	
9.06e-09	300	0.000133495	0.0206973	0.999786	0.813163	0.807118	0.0738382	0.049004	0.00153059	0.000945621	
9.12e-09	302	-0.0535092	0.0523111	0.997196	0.81043	0.806956	0.0717511	0.0308955	0.000970553	0.000980038	
9.18e-09	304	0.0733204	0.00846508	0.997273	0.803934	0.804195	0.105082	0.0358297	0.00158338	0.00116826	
9.24e-09	306	0.0719795	-0.0224291	0.997154	0.801801	0.804106	0.0490892	0.0804179	0.00163975	0.00120014	
9.3e-09	308	-0.0327141	-0.0901361	0.995392	0.804595	0.800815	0.0731993	0.0494915	0.000835682	0.000591275	
9.36e-09	310	-0.0881351	0.132798	0.987217	0.779722	0.799144	0.0657372	0.109668	0.00206815	0.00138663	
9.42e-09	312	-0.00166675	-0.0722896	0.997382	0.795793	0.797627	0.0616508	0.0502158	0.00128172	0.00103637	
9.48e-09	314	0.0137875	-0.14989	0.988607	0.809547	0.794635	0.0505868	0.0788444	0.00169358	0.00147821	
9.54e-09	316	0.107175	-0.0292473	0.99381	0.78948	0.796589	0.0627674	0.0963463	0.00148481	0.00107986	
9.6e-09	318	0.0252713	0.0289989	0.99926	0.787061	0.792546	0.065932	0.0652852	0.00107541	0.000890598	
9.66e-09	320	0.00769937	-0.100342	0.994923	0.799176	0.792847	0.0620523	0.0620916	0.0015136	0.00139341	
9.72e-09	322	-0.0138611	0.0281772	0.999507	0.795439	0.791626	0.0462532	0.0466041	0.00130168	0.00102764	
9.78e-09	324	0.0678941	-0.0237595	0.99741	0.78092	0.788184	0.131911	0.0743308	0.00132682	0.00134013	
9.84e-09	326	-0.0246464	0.0529905	0.998291	0.789537	0.785223	0.0463571	0.0596203	0.00232008	0.0020722	
9.9e-09	328	0.00684104	-0.0321455	0.99946	0.782652	0.785445	0.0770235	0.0661881	0.00167943	0.00105405	
9.96e-09	330	-0.00721521	-0.0579097	0.998296	0.784702	0.78076	0.0917021	0.0662728	0.00224839	0.00192486	
1.002e-08	332	0.00324459	0.091389	0.99581	0.784095	0.7829	0.0607756	0.0516772	0.00115638	0.0011432	
1.008e-08	334	-0.150724	-0.203645	0.967373	0.754895	0.778909	0.0643119	0.117064	0.00366014	0.00217362	
1.014e-08	336	0.0719443	-0.0438269	0.996445	0.790617	0.777458	0.0796773	0.049407	0.00191788	0.00131791	
1.02e-08	338	0.0572071	0.0545605	0.99687	0.772502	0.77489	0.0703459	0.0428602	0.00211335	0.00211186	
1.026e-08	340	0.0699643	-0.0604496	0.995716	0.772744	0.773766	0.0405201	0.106094	0.00158831	0.0010827	
1.032e-08	342	-0.0122645	0.0862092	0.996202	0.762235	0.774086	0.0599688	0.0287052	0.00132081	0.00151528	
1.038e-08	344	-0.143707	-0.000590811	0.98962	0.775744	0.771917	0.0549025	0.0504916	0.00192261	0.0017116	
1.044e-08	346	-0.181391	0.0615079	0.981486	0.779393	0.766898	0.0755221	0.0852211	0.0020502	0.00157467	
1.05e-08	348	0.0760657	0.0816116	0.993757	0.762376	0.766058	0.0668106	0.112048	0.00195746	0.00137641	
1.056e-08	350	-0.108242	0.00486205	0.994113	0.766936	0.767239	0.0493067	0.0540216	0.00178283	0.00139689	
1.062e-08	352	0.0703832	0.0278006	0.997133	0.775958	0.763599	0.0712881	0.0489399	0.00132642	0.00121195	
1.068e-08	354	0.0139056	-0.0257018	0.999573	0.771529	0.761979	0.0625897	0.0771371	0.00194369	0.00113055	
1.074e-08	356	-0.0379191	-0.0594457	0.997511	0.74497	0.757448	0.0682342	0.0411209	0.00254059	0.00183072	
1.08e-08	358	-0.0524899	-0.15454	0.986591	0.782445	0.760342	0.103886	0.063134	0.00173049	0.00162939	
1.086e-08	360	0.0303616	-0.0561351	0.997961	0.751677	0.759051	0.0603361	0.0634144	0.00234804	0.00202141	
1.092e-08	362	-0.000936232	-0.0521498	0.998639	0.748979	0.756835	0.0707809	0.0648318	0.00185999	0.00147802	
1.098e-08	364	0.10961	-0.133252	0.985002	0.748024	0.753804	0.0808974	0.0440711	0.00250007	0.00163831	
1.104e-08	366	-0.0430405	0.0895831	0.995049	0.748018	0.752402	0.0826336	0.0862884	0.00276581	0.00170707	
1.11e-08	368	0.0312229	-0.022584	0.999257	0.755208	0.748484	0.0642281	0.0288562	0.00183191	0.0017531	
1.116e-08	370	0.151227	0.13776	0.978853	0.754635	0.748811	0.0623339	0.0460457	0.00149495	0.0013502	
1.122e-08	372	-0.125809	0.0895868	0.988001	0.74132	0.746247	0.0804206	0.0591652	0.00248691	0.00121677	
1.128e-08	374	0.00164453	0.0418479	0.999123	0.748931	0.743771	0.0614606	0.108634	0.0019953	0.00095139	
1.134e-08	376	-0.0236183	0.149848	0.988427	0.754776	0.742762	0.0749306	0.0368982	0.00269554	0.00212665	
1.14e-08	378	-0.0273466	0.00353151	0.99962	0.733053	0.745127	0.095225	0.0531251	0.0015564	0.00133329	
1.146e-08	380	0.0277953	-0.0244494	0.999315	0.738517	0.74145	0.0626597	0.0655881	0.00232576	0.00167794	
1.152e-08	382	-0.0631784	-0.0779884	0.99495	0.740532	0.735206	0.0875319	0.0792411	0.00255353	0.00168486	
1.158e-08	384	0.00696726	-0.00855467	0.999939	0.736184	0.732736	0.0513565	0.0529547	0.00223929	0.00166811	
1.164e-08	386	-0.100656	-0.145451	0.984232	0.72677	0.732021	0.0760936	0.0523542	0.00180906	0.00165685	
1.17e-08	388	-0.0671249	-0.0112947	0.997681	0.741042	0.733094	0.100762	0.0741704	0.00205402	0.00166352	
1.176e-08	390	0.0552192	0.0916392	0.99426	0.736668	0.727746	0.0714717	0.065661	0.00293713	0.00229737	
1.182e-08	392	0.0657819	-0.0286715	0.997422	0.721767	0.728799	0.0422893	0.0881707	0.00168182	0.00136078	
1.188e-08	394	-0.0115406	0.0628219	0.997958	0.717583	0.727766	0.104617	0.075321	0.00433455	0.00326019	
1.194e-08	396	-0.167205	0.0577234	0.984231	0.734625	0.723514	0.155928	0.0721818	0.00370741	0.0022379	
1.2e-08	398	-0.0516562	-0.00598151	0.998647	0.734466	0.724228	0.0643702	0.0958114	0.00235283	0.00187021	
1.206e-08	400	0.144588	-0.021858	0.98925	0.730831	0.722023	0.0630578	0.0957173	0.00243596	0.00206583	
1.212e-08	402	-0.00345392	-0.0628296	0.998018	0.708248	0.71896	0.0580743	0.0500482	0.00164347	0.00166793	
1.218e-08	404	0.0763403	0.0869005	0.993288	0.722958	0.715642	0.0406306	0.0766118	0.00206772	0.00165024	
1.224e-08	406	0.0553553	-0.0155364	0.998346	0.730753	0.716125	0.100596	0.0539634	0.00371437	0.00179167	
1.23e-08	408	0.126426	0.0644444	0.98988	0.720714	0.713804	0.0782369	0.0426902	0.00182114	0.00189579	
1.236e-08	410	0.059871	-0.0592397	0.996447	0.69964	0.710443	0.0482467	0.0755034	0.00207884	0.00248167	
1.242e-08	412	0.096165	0.0877344	0.991491	0.6797	0.707417	0.0889244	0.064418	0.0025523	0.00200605	
1.248e-08	414	0.0682953	-0.210328	0.975242	0.719318	0.708586	0.0671839	0.0659509	0.003678	0.00253676	
1.254e-08	416	0.00225193	-0.0358494	0.999355	0.705562	0.707148	0.0488243	0.0651283	0.00143541	0.00116386	
1.26e-08	418	0.0638798	0.11962	0.990763	0.7186	0.70317	0.0706377	0.0730226	0.0024921	0.00223821	
1.266e-08	420	0.054834	0.0869648	0.994701	0.691779	0.701598	0.0501698	0.112187	0.00321035	0.00197324	
1.272e-08	422	0.0703125	-0.0721483	0.994912	0.700337	0.700128	0.0927854	0.0692157	0.00316749	0.00226438	
1.278e-08	424	-0.117153	0.0977081	0.988296	0.680623	0.699629	0.0607644	0.0763685	0.0036613	0.00310708	
1.284e-08	426	-0.070667	0.0890013	0.993521	0.701142	0.694416	0.0729193	0.0895054	0.00211695	0.00179124	
1.29e-08	428	0.033565	0.0248003	0.999129	0.697164	0.690985	0.0901009	0.0818011	0.00532543	0.00463952	
1.296e-08	430	-0.0789411	0.124693	0.98905	0.689247	0.689203	0.0688543	0.0820966	0.00216235	0.00274549	
1.302e-08	432	-0.0280361	0.120005	0.992377	0.69093	0.689732	0.0503027	0.104115	0.00248197	0.001427	
1.308e-08	434	0.0276359	0.0804701	0.996374	0.688239	0.687915	0.0608021	0.133398	0.0023266	0.00183881	
1.314e-08	436	-0.0761647	0.0832513	0.993614	0.678724	0.682424	0.0585905	0.0570769	0.00347136	0.00290783	
1.32e-08	438	-0.228017	-0.0207206	0.973437	0.676169	0.679379	0.0798963	0.110185	0.00494076	0.00226273	
1.326e-08	440	0.104413	0.079539	0.991348	0.681953	0.681484	0.122244	0.0600439	0.00298711	0.00206171	
1.332e-08	442	-0.0181071	-0.114067	0.993308	0.669998	0.678626	0.0660391	0.106424	0.00331076	0.00152366	
1.338e-08	444	-0.035866	0.150386	0.987976	0.691808	0.679366	0.0889415	0.087275	0.00345769	0.00342316	
1.344e-08	446	-0.0310164	0.0839548	0.995987	0.678007	0.674094	0.0652031	0.0861524	0.00322391	0.00254788	
1.35e-08	448	-0.0142308	-0.074318	0.997133	0.674963	0.667735	0.0803001	0.0970686	0.00517194	0.00310007	
1.356e-08	450	-0.169972	-0.211564	0.962471	0.637563	0.667523	0.0795182	0.0870322	0.00446402	0.00281596	
1.362e-08	452	0.00499324	-0.115563	0.993288	0.678791	0.669284	0.0455897	0.0650312	0.00275847	0.00286998	
1.368e-08	454	-0.0792866	-0.190656	0.97845	0.684601	0.663827	0.0816244	0.0839401	0.00294873	0.00248321	
1.374e-08	456	-0.0023895	0.00197626	0.999995	0.648415	0.658627	0.0613174	0.06544	0.0024092	0.00246333	
1.38e-08	458	0.0203272	-0.0685031	0.997444	0.662229	0.659328	0.0886766	0.0934573	0.00348558	0.00250788	
1.386e-08	460	0.0399519	-0.0201453	0.998999	0.671609	0.657625	0.06495	0.0989495	0.00463024	0.00286494	
1.392e-08	462	0.0491781	-0.0324482	0.998263	0.654875	0.656169	0.064954	0.055732	0.00297741	0.00192846	
1.398e-08	464	-0.000300615	-0.000293051	1	0.620689	0.651026	0.054364	0.0508493	0.00401993	0.00361694	
1.404e-08	466	-0.0111659	0.0578917	0.99826	0.647078	0.652126	0.0563791	0.0380524	0.00320245	0.0026504	
1.41e-08	468	0.00483402	0.0180109	0.999826	0.625218	0.647508	0.0705353	0.109717	0.00441402	0.0040303	
1.416e-08	470	0.233268	-0.0496961	0.971142	0.645466	0.645781	0.0873226	0.0683397	0.00365122	0.00334518	
1.422e-08	472	0.216084	-0.183038	0.959064	0.635177	0.641964	0.0691803	0.0918442	0.00577403	0.00391053	
1.428e-08	474	-0.0439893	-0.0613522	0.997146	0.634103	0.639158	0.0962821	0.0618917	0.00437485	0.00329839	
1.434e-08	476	0.0236381	0.0843141	0.996159	0.643613	0.633861	0.0418039	0.0519554	0.00260065	0.00232339	
1.44e-08	478	0.0192002	0.117353	0.992905	0.631897	0.635115	0.114766	0.0954313	0.00605587	0.00303645	
1.446e-08	480	0.0971785	-0.0824976	0.991842	0.628496	0.637973	0.095641	0.0763826	0.00358367	0.00284667	
1.452e-08	482	0.0901104	-0.169057	0.981478	0.649662	0.629151	0.0760841	0.0604117	0.00454859	0.00436963	
1.458e-08	484	-0.0398427	-0.185943	0.981752	0.620814	0.626037	0.0638998	0.0523142	0.00828524	0.00511607	
1.464e-08	486	0.0046605	-0.127089	0.99188	0.567713	0.620994	0.126783	0.0907555	0.00925765	0.00551391	
1.47e-08	488	-0.0361175	-0.217627	0.975363	0.594716	0.621164	0.0617993	0.0700236	0.00402564	0.00331109	
1.476e-08	490	-0.032941	0.0270055	0.999092	0.617824	0.619175	0.0966423	0.0975838	0.00516343	0.00407218	
1.482e-08	492	-0.096318	-0.0443614	0.994362	0.607604	0.621268	0.0872645	0.102347	0.00485853	0.00353362	
1.488e-08	494	0.042805	0.168364	0.984795	0.629846	0.616825	0.0689065	0.0943905	0.00702612	0.00406268	
1.494e-08	496	-0.0419466	-0.00605527	0.999102	0.645941	0.61251	0.0674909	0.0764266	0.00334836	0.00294677	
1.5e-08	498	0.185152	0.241537	0.952564	0.585299	0.609945	0.0646623	0.0839248	0.00487907	0.00264721	
1.506e-08	500	-0.0414924	0.273224	0.961055	0.617069	0.608331	0.0807665	0.110493	0.00480743	0.0038137	
1.512e-08	502	0.0541767	0.0851358	0.994895	0.575479	0.599042	0.0737507	0.0764479	0.00786035	0.00642315	
1.518e-08	504	0.0709871	-0.130601	0.98889	0.595167	0.601873	0.0914022	0.0857984	0.00540646	0.00358717	
1.524e-08	506	-0.122605	0.121403	0.985002	0.565492	0.597659	0.0588153	0.0558209	0.00378974	0.00386118	
1.53e-08	508	0.25669	-0.159502	0.953242	0.612252	0.59539	0.0956353	0.0846153	0.00441035	0.00364906	
1.536e-08	510	0.122254	-0.0159733	0.99237	0.596318	0.59298	0.07119	0.0946913	0.0024262	0.00206643	
1.542e-08	512	0.223732	-0.00329088	0.974645	0.583825	0.591291	0.0975025	0.0697756	0.00457223	0.00372326	
1.548e-08	514	-0.132238	0.0406517	0.990384	0.614693	0.590202	0.0830819	0.0758041	0.00789767	0.00559945	
1.554e-08	516	-0.074064	-0.0177826	0.997095	0.559203	0.584206	0.0734973	0.073974	0.00580859	0.00397477	
1.56e-08	518	0.00758038	-0.308628	0.951153	0.570703	0.583583	0.0613503	0.0856606	0.00634565	0.00360168	
1.566e-08	520	0.212843	0.141494	0.966787	0.55134	0.576078	0.110381	0.0886754	0.00826553	0.00467146	
1.572e-08	522	0.0860395	0.0184127	0.996122	0.563647	0.582251	0.077744	0.0755761	0.00546712	0.00423124	
1.578e-08	524	-0.148166	-0.0310399	0.988475	0.595957	0.577759	0.0678282	0.0855595	0.00415806	0.00306411	
1.584e-08	526	-0.0655307	-0.0111269	0.997789	0.569426	0.57117	0.0779757	0.0835745	0.0091119	0.00580396	
1.59e-08	528	-0.206962	-0.0271956	0.977971	0.548522	0.566406	0.0618557	0.108213	0.00446648	0.00332482	
1.596e-08	530	0.0924831	-0.149552	0.984419	0.565067	0.566652	0.111299	0.0541747	0.00640739	0.00469737	
1.602e-08	532	-0.197407	-0.116996	0.973315	0.571605	0.564028	0.112813	0.0616084	0.00547092	0.00360436	
1.608e-08	534	-0.0315371	0.196242	0.980048	0.575701	0.559333	0.114719	0.0784216	0.00902066	0.00681975	
1.614e-08	536	0.0287992	0.0181375	0.999421	0.569654	0.552501	0.0770465	0.0666038	0.00860004	0.00588217	
1.62e-08	538	-0.218939	-0.0411582	0.97487	0.54642	0.559488	0.0496809	0.0782558	0.00446886	0.00320897	
1.626e-08	540	-0.0565745	0.211868	0.975659	0.553522	0.55079	0.0669135	0.100978	0.00619233	0.0049919	
1.632e-08	542	-0.0845913	-0.0255452	0.996088	0.563197	0.548262	0.0728687	0.0496262	0.00662079	0.00493771	
1.638e-08	544	0.193153	-0.11886	0.973943	0.491766	0.539625	0.103019	0.0737746	0.00903021	0.0076597	
1.644e-08	546	0.118953	0.245086	0.962176	0.517424	0.534865	0.0763405	0.0972215	0.010521	0.00813474	
1.65e-08	548	0.314972	-0.00112532	0.9491	0.516583	0.539608	0.109634	0.070881	0.00599344	0.00425177	
1.656e-08	550	-0.00780727	-0.178611	0.983889	0.574555	0.538998	0.0716607	0.0580112	0.00884823	0.00858823	
1.662e-08	552	0.00877635	0.178806	0.983845	0.503301	0.532493	0.0741946	0.113105	0.0113095	0.005463	
1.668e-08	554	0.0383901	-0.17098	0.984526	0.551612	0.528062	0.0792032	0.0628361	0.00621248	0.0058536	
1.674e-08	556	-0.0208058	0.0506961	0.998497	0.518957	0.522217	0.0838914	0.0963047	0.0170986	0.00912029	
1.68e-08	558	0.0212426	0.100659	0.994694	0.489983	0.528496	0.126124	0.0485636	0.00612363	0.00427437	
1.686e-08	560	-0.198403	-0.175456	0.964288	0.56345	0.519341	0.0938334	0.0920322	0.0107893	0.00608283	
1.692e-08	562	-0.237548	0.0794099	0.968125	0.537189	0.517586	0.0690206	0.0582725	0.00628736	0.00579649	
1.698e-08	564	-0.061859	0.0096409	0.998038	0.512922	0.513101	0.086708	0.0836458	0.0103338	0.00742646	
1.704e-08	566	-0.0131004	-0.0292266	0.999487	0.516883	0.508771	0.126515	0.106352	0.012864	0.00819983	
1.71e-08	568	-0.058847	0.152615	0.986532	0.498325	0.502175	0.148277	0.0709829	0.00679632	0.00432792	
1.716e-08	570	0.0573334	-0.106039	0.992708	0.489984	0.496133	0.0827779	0.0938557	0.0152627	0.00427471	
1.722e-08	572	-0.00461251	0.0186996	0.999815	0.500885	0.493238	0.110682	0.156918	0.015792	0.00504203	
1.728e-08	574	0.0347463	-0.0263979	0.999047	0.46828	0.483695	0.057257	0.0763312	0.0118578	0.0103954	
1.734e-08	576	-0.100002	0.0322028	0.994466	0.482519	0.487354	0.0818767	0.075756	0.0123667	0.00825269	
1.74e-08	578	0.0864456	-0.0519828	0.994899	0.511132	0.48402	0.0536878	0.0993085	0.00813802	0.00888488	
1.746e-08	580	0.130412	0.0840141	0.987894	0.478262	0.480889	0.075694	0.075454	0.00694457	0.00656098	
1.752e-08	582	0.0402224	-0.34329	0.938368	0.489559	0.472267	0.082483	0.140059	0.0102711	0.0084004	
1.758e-08	584	-0.201915	-0.136259	0.969878	0.501268	0.473723	0.0873295	0.121996	0.00942634	0.00744074	
1.764e-08	586	0.262578	0.109224	0.958709	0.463382	0.466516	0.0717873	0.124119	0.00818112	0.00753239	
1.77e-08	588	0.0581946	0.185247	0.980967	0.44685	0.460896	0.120777	0.0831606	0.0154456	0.00722844	
1.776e-08	590	-0.091862	0.343328	0.934712	0.4721	0.456233	0.0876357	0.139857	0.023277	0.00740945	
1.782e-08	592	-0.269002	-0.101814	0.957743	0.438821	0.456358	0.102614	0.0928738	0.016308	0.0114965	
1.788e-08	594	0.1477	0.223895	0.963356	0.448421	0.449358	0.0912252	0.0772977	0.0164553	0.00957249	
1.794e-08	596	-0.279804	-0.01297	0.95997	0.427895	0.449774	0.0637399	0.0755893	0.0122068	0.0100323	
1.8e-08	598	-0.0373043	0.0540619	0.997841	0.471579	0.444663	0.131636	0.0834174	0.0239809	0.00882225	
1.806e-08	600	-0.272233	0.120078	0.95471	0.440177	0.437956	0.078736	0.0987239	0.016563	0.0119959	
1.812e-08	602	0.00161242	-0.0165162	0.999862	0.374113	0.433192	0.0784163	0.0988505	0.0171878	0.0120851	
1.818e-08	604	0.0213847	0.0300751	0.999319	0.426475	0.423173	0.0542781	0.0927899	0.0151342	0.00914696	
1.824e-08	606	0.0699419	-0.267615	-0.960984	0.435405	0.410541	0.183647	0.168942	1.62553	0.0196362	
1.83e-08	608	-0.168182	0.238681	-0.956424	0.428336	0.429634	0.083945	0.0915845	0.00928604	0.00691226	
1.836e-08	610	-0.225121	0.100482	-0.969136	0.466561	0.412288	0.125259	0.115178	0.0281948	0.0149686	
1.842e-08	612	0.0470429	-0.322569	-0.945376	0.426658	0.396588	0.103821	0.112329	0.0198246	0.0118644	
1.848e-08	614	-0.412287	-0.08856	-0.906739	0.435181	0.405095	0.106731	0.122868	0.0260789	0.012189	
1.854e-08	616	-0.57574	-0.0929734	-0.81233	0.340079	0.392348	0.113852	0.0892481	0.0382332	0.0201801	
1.86e-08	618	0.280433	-0.219962	-0.934331	0.381937	0.39552	0.107884	0.101534	0.0169473	0.00878044	
1.866e-08	620	-0.0256177	0.0522578	-0.998305	0.414913	0.386691	0.0737282	0.135914	0.0221546	0.0171467	
1.872e-08	622	-0.0308285	0.132203	-0.990743	0.331295	0.369727	0.0838241	0.120982	0.0422054	0.0324978	
1.878e-08	624	0.150629	-0.205159	-0.967068	0.35055	0.375796	0.0925633	0.103439	0.0229381	0.0115576	
1.884e-08	626	-0.245244	-0.249058	-0.936924	0.249221	0.370907	0.0893418	0.118812	0.0264524	0.0202625	
1.89e-08	628	-0.076108	-0.19491	-0.977864	0.342108	0.35023	0.128484	0.0803842	0.0134514	0.0109088	
1.896e-08	630	-0.588009	0.0755949	-0.805314	0.350693	0.362617	0.121296	0.0774327	0.0228917	0.0102318	
1.902e-08	632	0.0211243	-0.123549	-0.992114	0.367762	0.351722	0.074673	0.0921426	0.0195024	0.0140994	
1.908e-08	634	-0.177688	0.23349	-0.955986	0.375329	0.364949	0.0914791	0.121739	0.0306395	0.0132575	
1.914e-08	636	-0.239107	-0.0540216	-0.969489	0.296391	0.346869	0.115024	0.10706	0.026742	0.0156248	
1.92e-08	638	-0.466905	-0.0204821	-0.88407	0.317713	0.330515	0.0626158	0.0634056	0.0339979	0.0181921	
1.926e-08	640	-0.31011	-0.415253	-0.855217	0.287196	0.331274	0.0997629	0.0800474	0.0180898	0.0137016	
1.932e-08	642	-0.165009	0.251391	-0.953716	0.357681	0.333246	0.0723088	0.0833624	0.0208391	0.0161311	
1.938e-08	644	-0.420449	-0.176157	0.890051	0.31375	0.310361	0.0998017	0.103987	0.0772123	0.0331041	
1.944e-08	646	-0.342885	-0.0607956	-0.937408	0.331943	0.295206	0.130186	0.069957	0.138304	0.0325288	
1.95e-08	648	0.740387	0.400995	-0.539473	0.32486	0.278011	0.125722	0.170566	0.342099	0.0487674	
1.956e-08	650	-0.49555	0.845749	-0.197837	0.212632	0.290316	0.118601	0.0887819	0.15121	0.0321842	
1.962e-08	652	0.262991	0.727112	-0.634148	0.1869	0.290774	0.098227	0.0479192	0.0384217	0.0247649	
1.968e-08	654	0.23739	-0.150651	0.959662	0.360573	0.277381	0.0952814	0.108541	0.603066	0.0539697	
1.974e-08	656	0.192314	-0.0783141	0.978204	0.319443	0.270735	0.0830685	0.0676235	0.0811932	0.0348012	
1.98e-08	658	0.134267	0.232025	-0.963399	0.287423	0.272284	0.0584397	0.0791932	0.775102	0.0111744	
1.986e-08	660	0.297445	0.0482409	0.953519	0.336026	0.227219	0.0826111	0.094408	0.484741	0.0467253	
1.992e-08	662	0.695292	-0.328934	0.63904	0.235465	0.227342	0.0768729	0.11176	0.476115	0.0386367	
1.998e-08	664	0.374362	0.587681	0.717276	0.214568	0.241215	0.0934115	0.106117	0.448124	0.0410137	
2.004e-08	666	-0.77218	-0.291945	-0.564364	0.194589	0.227951	0.114176	0.0800413	0.306529	0.0381617	
2.01e-08	668	0.427169	-0.672313	-0.604584	0.171363	0.229904	0.124516	0.0959372	0.402838	0.0226869	
2.016e-08	670	-0.558223	0.784367	0.270473	0.11119	0.222656	0.101032	0.0732642	0.34456	0.0305373	
2.022e-08	672	0.502787	0.0304145	0.863875	0.252939	0.187927	0.111804	0.0537766	0.295606	0.0411246	
2.028e-08	674	-0.532562	-0.720585	0.444	0.220536	0.197896	0.0615285	0.116452	0.157852	0.0280544	
2.034e-08	676	-0.110321	-0.192391	0.975097	0.119905	0.185132	0.07807	0.0752327	0.292177	0.0457605	
2.04e-08	678	-0.176822	0.0698813	-0.981759	0.193808	0.164293	0.0597495	0.0794143	0.198013	0.0428907	
2.046e-08	680	0.478446	-0.797909	0.366647	0.169711	0.177166	0.040621	0.0787681	0.206512	0.0438571	
2.052e-08	682	0.0363419	0.77562	0.630153	0.215222	0.163142	0.049508	0.0643542	0.171034	0.0341668	
2.058e-08	684	-0.148109	0.114378	-0.982335	0.154025	0.182632	0.0829066	0.0818503	0.101905	0.0238125	
2.064e-08	686	0.461746	0.445921	0.766775	0.179935	0.150217	0.097488	0.066832	0.122151	0.02945	
2.07e-08	688	-0.127127	-0.499088	-0.857176	0.187409	0.144174	0.0854659	0.0415336	0.134366	0.0250488	
2.076e-08	690	-0.402398	-0.197864	0.893826	0.134781	0.142406	0.117271	0.0458274	0.098181	0.0258807	
2.082e-08	692	0.722725	0.553132	0.414384	0.15938	0.137424	0.0775337	0.0470794	0.109881	0.0223809	
2.088e-08	694	-0.92722	0.294756	0.231046	0.200831	0.132253	0.0560587	0.0496314	0.102198	0.0226755	
2.094e-08	696	0.518389	-0.786706	-0.335211	0.132417	0.134675	0.0449641	0.075163	0.109238	0.0237496	
2.1e-08	698	-0.605711	-0.779544	0.159451	0.135333	0.131584	0.0927828	0.0370844	0.0848754	0.0252682	
2.106e-08	700	-0.136412	-0.248393	-0.959006	0.141428	0.118928	0.0429656	0.0568903	0.0847145	0.0267327	
2.112e-08	702	-0.0446822	0.956142	-0.289476	0.125586	0.120677	0.0619089	0.0536327	0.0626198	0.0247394	
2.118e-08	704	-0.653233	-0.754991	0.0572282	0.118749	0.113507	0.0474963	0.0554397	0.0459506	0.0139144	
2.124e-08	706	-0.174524	0.503795	-0.84601	0.0454383	0.0995478	0.0338498	0.039718	0.0575164	0.0185189	
2.13e-08	708	-0.908597	0.357706	0.215634	0.0938085	0.105619	0.0355603	0.0408549	0.040798	0.010832	
2.136e-08	710	-0.0587336	0.761977	0.644936	0.14148	0.111379	0.0384447	0.0355754	0.0858346	0.0241634	
2.142e-08	712	-0.987892	0.0610399	0.142631	0.136467	0.113134	0.0574986	0.024998	0.078898	0.0189903	
2.148e-08	714	0.00721983	0.936786	-0.349829	0.0389984	0.0976259	0.0392832	0.0416747	0.044358	0.0188987	
2.154e-08	716	0.11463	-0.906626	0.406067	0.131366	0.112587	0.0303942	0.0547397	0.0681416	0.011593	
2.16e-08	718	0.0164279	-0.164667	-0.986212	0.164149	0.107371	0.0408329	0.0265642	0.0836391	0.0258437	
2.166e-08	720	-0.252492	-0.856011	0.451101	0.101724	0.0916903	0.0424198	0.0198653	0.0435952	0.012975	
2.172e-08	722	0.420856	-0.444874	-0.790549	0.132519	0.0851838	0.0226686	0.023262	0.0440436	0.0102565	
2.178e-08	724	-0.135014	0.141325	-0.980713	0.0652084	0.099497	0.0300203	0.02614	0.0677846	0.0183723	
2.184e-08	726	-0.132512	-0.806351	-0.576401	0.0317361	0.085886	0.0197695	0.030033	0.041166	0.0107124	
2.19e-08	728	-0.576908	-0.114389	0.808759	0.112719	0.0862502	0.0231832	0.0254247	0.0462103	0.0127506	
2.196e-08	730	0.30039	-0.316833	0.899657	0.160376	0.0804406	0.0195055	0.0307723	0.0334949	0.0135621	
2.202e-08	732	-0.471443	0.877558	-0.0873684	0.100293	0.0759615	0.0163125	0.0231612	0.0305101	0.00889312	
2.208e-08	734	0.928269	0.255228	-0.27051	0.106047	0.0821539	0.0311997	0.0139218	0.0344825	0.0106385	
2.214e-08	736	-0.974414	0.117648	0.191511	0.0876985	0.0726776	0.0211408	0.0167641	0.0250505	0.0051992	
2.22e-08	738	-0.55718	-0.548937	-0.623072	0.0711267	0.0843565	0.034463	0.0253973	0.0339906	0.0169329	
2.226e-08	740	-0.144649	0.798688	-0.584101	0.0748313	0.0680532	0.0205593	0.0198281	0.0227083	0.0148764	
2.232e-08	742	0.684065	-0.499191	-0.531849	0.127463	0.0693943	0.0164774	0.0241954	0.0233958	0.0129323	
2.238e-08	744	0.0315331	-0.111528	0.993261	0.0932325	0.0806905	0.0192917	0.02317	0.037124	0.0112126	
2.244e-08	746	0.262042	-0.813815	0.518689	0.0215691	0.0736088	0.0192674	0.0224922	0.0198703	0.00885427	
2.25e-08	748	-0.693338	-0.200276	-0.692223	0.0852549	0.0795582	0.022413	0.0202758	0.0341323	0.0100541	
2.256e-08	750	0.465864	0.75438	0.462472	0.076315	0.0720144	0.0205927	0.0146079	0.0284345	0.00853069	
2.262e-08	752	0.476661	-0.142379	0.86748	0.0597194	0.0674408	0.0118534	0.0165628	0.0253961	0.0071107	
2.268e-08	754	0.138359	0.974034	0.179204	0.0801368	0.0625727	0.0158623	0.0176634	0.0144968	0.00658536	
2.274e-08	756	0.099724	-0.987573	0.121466	0.0691292	0.063161	0.0138364	0.0159938	0.0157312	0.004904	
2.28e-08	758	0.379983	0.924862	-0.0156045	0.0444828	0.0628598	0.0143611	0.0182256	0.0155486	0.00793219	
2.286e-08	760	-0.406333	0.87225	-0.272165	0.0695393	0.0678367	0.0158555	0.0127313	0.0253025	0.00700906	
2.292e-08	762	-0.405301	-0.0465092	-0.912999	0.0651039	0.0622943	0.013079	0.0175807	0.0163456	0.00636166	
2.298e-08	764	-0.334472	-0.942359	-0.00937849	0.0553347	0.0607043	0.015818	0.0151296	0.0133892	0.00554404	
2.304e-08	766	-0.746082	-0.31578	-0.586212	0.0256778	0.062846	0.0118997	0.018415	0.0137822	0.00560957	
2.31e-08	768	-0.261209	-0.107569	-0.95927	0.101161	0.0670295	0.0117593	0.0199457	0.018856	0.00633869	
2.316e-08	770	-0.40804	0.666094	0.624357	0.0505327	0.0563279	0.00917073	0.0133708	0.0134732	0.00481394	
2.322e-08	772	-0.141032	0.683038	-0.716637	0.0700944	0.056739	0.00798107	0.00777571	0.0231152	0.00601386	
2.328e-08	774	-0.414001	0.42107	-0.807034	0.0421947	0.0610243	0.011322	0.0126149	0.0217982	0.0085965	
2.334e-08	776	-0.5863	0.612602	-0.530067	0.0665403	0.0562359	0.0125303	0.0131442	0.0125564	0.00580279	
2.34e-08	778	0.900278	-0.40966	-0.147237	0.0380758	0.0613659	0.00999368	0.0117978	0.0221566	0.00606748	
2.346e-08	780	-0.683587	0.203638	0.700885	0.0481715	0.057712	0.00768105	0.0144441	0.0179453	0.007599	
2.352e-08	782	0.816922	-0.574118	-0.055018	0.0625976	0.0494387	0.010369	0.00743391	0.0112625	0.00413111	
2.358e-08	784	-0.274185	0.483298	-0.831412	0.0391902	0.0539999	0.0116719	0.0084295	0.013283	0.0047338	
2.364e-08	786	0.209908	-0.977717	0.00274953	0.0897316	0.0513743	0.00857043	0.010554	0.0100265	0.00459754	
2.37e-08	788	-0.696312	0.179222	-0.695003	0.0495059	0.0615381	0.016499	0.0121054	0.0171598	0.00709844	
2.376e-08	790	0.00725773	0.990926	0.134214	0.0486635	0.0555724	0.0185014	0.00853833	0.00979618	0.00580235	
2.382e-08	792	0.0642326	-0.834079	-0.547892	0.0545101	0.0530754	0.0109821	0.00834133	0.0142473	0.00650393	
2.388e-08	794	0.524984	-0.0894079	0.846403	0.043806	0.0481873	0.00924952	0.00668961	0.0113929	0.00495856	
2.394e-08	796	0.934996	-0.286523	-0.209014	0.0673406	0.0597426	0.0107549	0.0126841	0.0144103	0.00315102	
2.4e-08	798	0.0186198	-0.997773	-0.0640459	0.0380445	0.0439272	0.00503964	0.00908816	0.00963939	0.00439088	
2.406e-08	800	-0.0649505	0.201627	0.977306	0.0364594	0.0586529	0.0172596	0.00922119	0.0125119	0.00484592	
2.412e-08	802	-0.30923	-0.660829	-0.683873	0.0610091	0.0482017	0.0083906	0.0105576	0.0105277	0.00662545	
2.418e-08	804	-0.698173	-0.171993	-0.694963	0.0593952	0.056531	0.00881941	0.0113911	0.016186	0.00479605	
2.424e-08	806	0.963989	0.131138	0.23136	0.0278013	0.0454746	0.00597235	0.00717708	0.00900025	0.00296593	
2.43e-08	808	0.108665	0.775532	-0.621886	0.061802	0.0550248	0.00958967	0.0106365	0.0135598	0.00364367	
2.436e-08	810	0.519504	0.419857	-0.744202	0.0526343	0.0448589	0.00751614	0.00674563	0.00910969	0.00388149	
2.442e-08	812	-0.709447	-0.0986468	-0.697821	0.0526381	0.0488185	0.00941603	0.00794553	0.0085214	0.00353703	
2.448e-08	814	0.364821	-0.617015	-0.697279	0.019219	0.0438601	0.00342078	0.0118249	0.00876663	0.00558584	
2.454e-08	816	0.203733	0.520844	0.828984	0.0631953	0.0490464	0.00691109	0.00737778	0.0127697	0.00369106	
2.46e-08	818	0.494756	-0.836507	-0.235527	0.0486983	0.0443447	0.00444701	0.00832937	0.00664212	0.00238403	
2.466e-08	820	0.549579	-0.505852	0.664888	0.0777505	0.0451678	0.00771505	0.00468164	0.0109122	0.0037485	
2.472e-08	822	-0.570352	-0.169091	0.803808	0.0793595	0.045017	0.0084871	0.00494992	0.00840969	0.00272962	
2.478e-08	824	-0.991041	0.101774	-0.0864878	0.0395753	0.048202	0.010307	0.00685274	0.00886263	0.00364891	
2.484e-08	826	0.615541	0.458414	0.641066	0.0268969	0.0457794	0.00737177	0.00700467	0.00791364	0.00368033	
2.49e-08	828	-0.816408	0.577433	-0.00693836	0.0218044	0.0427771	0.00838073	0.00322733	0.00745618	0.00254605	
2.496e-08	830	0.133987	-0.458447	0.878564	0.0468507	0.0501629	0.00522484	0.00584365	0.0158379	0.00424102	
2.502e-08	832	-0.581988	-0.44226	0.68242	0.0177251	0.0455102	0.00700716	0.0114896	0.00490915	0.00350123	
2.508e-08	834	0.413977	0.910136	-0.0166071	0.0296056	0.0374783	0.00518692	0.0059876	0.00546658	0.00422798	
2.514e-08	836	-0.0981662	0.989505	0.106036	0.0418591	0.0394197	0.00672268	0.00459863	0.00516245	0.00189065	
2.52e-08	838	-0.0459174	0.261044	-0.964234	0.0875961	0.0484922	0.0103157	0.00707767	0.010042	0.00543711	
2.526e-08	840	0.346084	0.00446054	-0.938193	0.0446886	0.0512792	0.00521657	0.0095335	0.00934955	0.00448177	
2.532e-08	842	-0.741165	0.163897	-0.651009	0.0673592	0.0405121	0.00478207	0.00555092	0.00763309	0.00267569	
2.538e-08	844	0.888999	0.409617	0.204682	0.0308503	0.03738	0.00535565	0.00526426	0.00419139	0.00177445	
2.544e-08	846	0.925348	-0.369057	-0.0867678	0.0157615	0.0442156	0.00559074	0.00835022	0.00967127	0.00532631	
2.55e-08	848	0.688383	0.514855	0.510933	0.0299621	0.0396503	0.00447638	0.00511837	0.00740019	0.00266995	
2.556e-08	850	-0.0358331	-0.257148	0.965707	0.0277961	0.0341065	0.0038651	0.00492661	0.00358045	0.00219031	
2.562e-08	852	-0.212987	-0.0240569	0.976759	0.0160357	0.0445641	0.00640409	0.00867737	0.00840576	0.0047873	
2.568e-08	854	-0.268774	0.277454	0.922377	0.0570784	0.0429126	0.00889966	0.00689542	0.00421553	0.00362668	
2.574e-08	856	-0.0969416	0.947114	0.305903	0.0218602	0.0453984	0.0090676	0.00860808	0.00459613	0.00305389	
2.58e-08	858	-0.723393	-0.37069	0.582487	0.0269708	0.0453219	0.00689835	0.00457834	0.00821721	0.00246438	
2.586e-08	860	-0.361618	-0.470348	-0.804988	0.0137065	0.0430853	0.00331173	0.0077658	0.00719117	0.00218269	
2.592e-08	862	0.190732	0.440798	0.877108	0.0312883	0.0408799	0.00345079	0.00769705	0.00782972	0.00375988	
2.598e-08	864	-0.927537	0.159479	0.337998	0.0240028	0.0379318	0.0055795	0.0045119	0.00568375	0.00266274	
2.604e-08	866	0.716814	-0.411639	-0.562789	0.0394045	0.0387927	0.00754547	0.00297019	0.00520931	0.0020702	
2.61e-08	868	-0.479064	0.732076	-0.484317	0.027118	0.0399663	0.00562972	0.00588164	0.00508829	0.00338533	
2.616e-08	870	-0.30463	0.815555	0.492006	0.0606636	0.0460283	0.00477093	0.00594919	0.008859	0.00256651	
2.622e-08	872	-0.264952	-0.491746	0.82945	0.0297026	0.0397769	0.00705211	0.00411279	0.00540131	0.00238705	
2.628e-08	874	-0.169171	0.023533	-0.985306	0.0598463	0.0412978	0.00961669	0.00482294	0.00533203	0.00424055	
2.634e-08	876	-0.712947	0.248893	-0.655561	0.0499396	0.0428299	0.00624154	0.00741372	0.00575039	0.00300737	
2.64e-08	878	0.507872	0.50506	-0.69784	0.0174904	0.0415629	0.00712157	0.00670346	0.00463916	0.0028809	
2.646e-08	880	0.564064	-0.575478	-0.592162	0.0301572	0.035884	0.00384138	0.00446717	0.00448817	0.00192504	
2.652e-08	882	-0.405332	0.821739	-0.400562	0.0376549	0.042906	0.00687102	0.00708575	0.00471683	0.00247314	
2.658e-08	884	-0.691289	0.0846428	0.717603	0.0512341	0.0426978	0.00479525	0.00510789	0.00820091	0.00170698	
2.664e-08	886	0.488624	0.846332	-0.212056	0.0350721	0.0355838	0.00437605	0.00517434	0.00336123	0.00151391	
2.67e-08	888	-0.427142	-0.15177	0.891356	0.0266049	0.036624	0.0034339	0.00455028	0.00587175	0.00191259	
2.676e-08	890	-0.0992189	0.465219	-0.879618	0.0321762	0.0358676	0.00350757	0.00414299	0.00540342	0.00191472	
2.682e-08	892	-0.764852	-0.0210245	-0.643863	0.0583275	0.0358201	0.0053271	0.00528694	0.00222338	0.00127409	
2.688e-08	894	-0.254761	-0.744171	0.6175	0.0278162	0.0360945	0.00448781	0.00310192	0.00657587	0.00246878	
2.694e-08	896	-0.502594	0.802636	-0.321208	0.0627227	0.0387268	0.00418219	0.00678716	0.00424885	0.00176149	
2.7e-08	898	0.470434	-0.12577	-0.873427	0.050618	0.0383033	0.00435766	0.0060591	0.00524688	0.00285743	
2.706e-08	900	-0.505756	0.176194	0.844492	0.0080792	0.0406691	0.00625412	0.00457571	0.0055039	0.00246211	
