#----------------------------------------------------------------------------------------------------------------------------------------------------------
# Output file for vampire simulation
#   time       : 2024-08-29 04:54:11     process id : 2984466
#   hostname   : node117.viking2.yor.alces.network
#   path       : /users/ky883/parameter/WS_dia5/AI_Dataset/size_5.0_5.0_8.0/Temp_900/random_1
#----------------------------------------------------------------------------------------------------------------------------------------------------------
6e-11	0	-0.0162671	-0.00504042	0.999855	0.99993	0.999904	0	0	0	0	
1.2e-10	2	-0.00142679	0.00225624	0.999996	0.998891	0.998912	0.0505559	0.0610663	6.08892e-06	5.37891e-06	
1.8e-10	4	0.00416798	-0.00167817	0.99999	0.997778	0.997846	0.123408	0.0320692	6.85357e-06	8.01184e-06	
2.4e-10	6	-0.00897124	-0.00891563	0.99992	0.996737	0.996737	0.064551	0.0489292	1.86984e-05	1.59673e-05	
3e-10	8	-0.00807449	-0.0067407	0.999945	0.99583	0.995659	0.0876585	0.0727357	3.32353e-05	3.19812e-05	
3.6e-10	10	0.00324215	0.00204692	0.999993	0.994712	0.994625	0.0765811	0.0475594	2.40411e-05	2.07739e-05	
4.2e-10	12	-0.00275993	-0.00123181	0.999995	0.993543	0.993467	0.105258	0.0479204	4.26561e-05	3.24164e-05	
4.8e-10	14	8.40353e-05	-0.00643981	0.999979	0.992694	0.992369	0.0598696	0.0399567	6.24906e-05	5.09179e-05	
5.4e-10	16	0.00954956	-0.0020475	0.999952	0.991517	0.991264	0.031886	0.0750426	4.99332e-05	4.64632e-05	
6e-10	18	0.00225441	-0.0101088	0.999946	0.990224	0.990214	0.0426271	0.0645244	3.49753e-05	2.86514e-05	
6.6e-10	20	-0.020636	-0.00019522	0.999787	0.989407	0.989151	0.0633606	0.0506483	4.58581e-05	3.9573e-05	
7.2e-10	22	0.0106761	-0.012564	0.999864	0.988294	0.988018	0.0935232	0.0546221	8.37768e-05	5.12078e-05	
7.8e-10	24	0.00418876	-0.00270641	0.999988	0.987088	0.986912	0.0430439	0.049626	4.42289e-05	4.3094e-05	
8.4e-10	26	0.000795502	-0.00537834	0.999985	0.986177	0.985908	0.0583361	0.0797206	5.09126e-05	4.03515e-05	
9e-10	28	0.00428262	-0.0134866	0.9999	0.985066	0.98468	0.0342848	0.0491715	5.12498e-05	4.80601e-05	
9.6e-10	30	0.0150853	-0.00508737	0.999873	0.984208	0.983691	0.0595685	0.100252	9.75863e-05	4.68432e-05	
1.02e-09	32	-0.0063572	0.0111709	0.999917	0.982284	0.982348	0.0378575	0.0484978	9.7549e-05	9.42218e-05	
1.08e-09	34	0.0196104	-0.00702844	0.999783	0.980806	0.981324	0.0434467	0.0375062	8.23113e-05	8.72837e-05	
1.14e-09	36	-0.000850579	-0.0027695	0.999996	0.980914	0.98037	0.0462046	0.122758	0.000142145	8.27042e-05	
1.2e-09	38	-0.00677468	0.00638635	0.999957	0.979306	0.979065	0.0267717	0.0427067	6.3155e-05	5.6788e-05	
1.26e-09	40	0.00140887	0.000240269	0.999999	0.97799	0.977891	0.0413435	0.0362731	0.000118394	8.77309e-05	
1.32e-09	42	-0.0085143	-0.0029919	0.999959	0.977421	0.976961	0.0351458	0.0760282	0.000120517	8.71316e-05	
1.38e-09	44	-0.0136004	-0.00191899	0.999906	0.976731	0.975818	0.0806421	0.0542555	0.000107996	0.000113354	
1.44e-09	46	0.00938117	0.00752777	0.999928	0.973423	0.974614	0.0546776	0.0420094	0.000120743	0.000123165	
1.5e-09	48	0.0104484	0.0171014	0.999799	0.972909	0.973722	0.0834819	0.0585524	0.000134664	0.000101676	
1.56e-09	50	0.0153162	0.0110845	0.999821	0.97231	0.972288	0.0305494	0.028357	0.000130347	0.000117584	
1.62e-09	52	0.00948522	0.00487192	0.999943	0.971656	0.971238	0.10394	0.0647285	0.000113106	0.000118042	
1.68e-09	54	-0.00255252	-0.00720156	0.999971	0.971271	0.970287	0.041091	0.0374261	0.000139971	0.000143343	
1.74e-09	56	-0.0167374	-0.019869	0.999662	0.969011	0.969075	0.0557609	0.0650059	0.000136991	9.88808e-05	
1.8e-09	58	0.0125774	-0.0384546	0.999181	0.967482	0.967853	0.0381916	0.0670534	0.000114854	7.3417e-05	
1.86e-09	60	-0.00170373	-0.019951	0.9998	0.966464	0.966895	0.0469423	0.0587766	0.000159156	0.000160283	
1.92e-09	62	0.0185305	-0.0198724	0.999631	0.965225	0.965257	0.0319758	0.0698575	0.000112605	0.000115294	
1.98e-09	64	-0.00061377	0.00848146	0.999964	0.963309	0.964592	0.0701814	0.0584595	0.000161086	0.000130964	
2.04e-09	66	-0.00555718	-0.0415994	0.999119	0.964018	0.963641	0.0705893	0.0797476	0.000105381	9.89193e-05	
2.1e-09	68	-0.0201297	0.00504762	0.999785	0.961679	0.962404	0.0497959	0.0624349	0.000146012	0.000102278	
2.16e-09	70	-0.0293738	0.0128867	0.999485	0.962094	0.961043	0.0692359	0.0691958	0.000206929	0.000179269	
2.22e-09	72	0.0227937	-0.0276056	0.999359	0.963254	0.959836	0.0582539	0.0545948	0.000215318	0.000227397	
2.28e-09	74	0.00987364	0.000555715	0.999951	0.959523	0.958363	0.0572003	0.0418001	0.000210899	0.00016448	
2.34e-09	76	-0.0166468	0.00713511	0.999836	0.95845	0.957549	0.0379922	0.0409522	0.00024387	0.000213939	
2.4e-09	78	0.00546947	-0.000325209	0.999985	0.957172	0.956843	0.0533866	0.0396468	0.000272123	0.000248355	
2.46e-09	80	-0.0131073	-0.00909117	0.999873	0.955459	0.955243	0.0821813	0.055935	0.000232762	0.000217779	
2.52e-09	82	-0.00246525	-0.0279007	0.999608	0.952159	0.954513	0.0623479	0.0674085	0.0001851	0.00019061	
2.58e-09	84	0.00366155	-0.0205673	0.999782	0.951479	0.952871	0.0359218	0.0874565	0.000166607	0.000137571	
2.64e-09	86	0.00159114	-0.0446871	0.999	0.951791	0.951653	0.0472515	0.0414878	0.000217544	0.000203917	
2.7e-09	88	0.0307679	-0.011975	0.999455	0.951236	0.950815	0.0584115	0.0838857	0.000231424	0.000133596	
2.76e-09	90	0.00224062	0.0127023	0.999917	0.951033	0.949841	0.0543604	0.0376332	0.000207026	0.000194613	
2.82e-09	92	0.000806171	-0.00669239	0.999977	0.948387	0.948442	0.0468878	0.0901449	0.000195958	0.000127596	
2.88e-09	94	-0.0248187	0.0286921	0.99928	0.945796	0.947187	0.0450902	0.0368575	0.000247101	0.000229077	
2.94e-09	96	-0.0150985	-1.83035e-05	0.999886	0.942907	0.945857	0.053719	0.0495543	0.000391124	0.000348369	
3e-09	98	0.0111008	0.0106376	0.999882	0.944714	0.944424	0.10161	0.0579909	0.000385177	0.000242249	
3.06e-09	100	-0.0105351	-0.0239618	0.999657	0.939458	0.942781	0.0578796	0.0254484	0.000347833	0.000361049	
3.12e-09	102	-0.0585197	-0.0209061	0.998067	0.944261	0.942838	0.0485704	0.0571596	0.000201725	0.000204249	
3.18e-09	104	0.0148687	-0.00432604	0.99988	0.938875	0.941589	0.0373042	0.0653043	0.000279835	0.000238289	
3.24e-09	106	-0.0240576	0.00832911	0.999676	0.939085	0.939665	0.0580305	0.071964	0.000212546	0.000200122	
3.3e-09	108	-0.0474712	-0.00941435	0.998828	0.937664	0.939457	0.0854941	0.0585149	0.000267063	0.000201698	
3.36e-09	110	-0.0236388	-0.0122059	0.999646	0.937305	0.937456	0.0460472	0.0538978	0.000406062	0.000363662	
3.42e-09	112	-0.0102311	0.00621779	0.999928	0.936613	0.936689	0.051402	0.0436649	0.000399543	0.000330005	
3.48e-09	114	0.00687071	-0.00415742	0.999968	0.935467	0.935306	0.0299672	0.0546398	0.000305752	0.000326623	
3.54e-09	116	0.0222895	0.0249673	0.99944	0.935444	0.934268	0.0506815	0.108192	0.000411458	0.000251861	
3.6e-09	118	0.0215003	0.00960161	0.999723	0.931072	0.932795	0.0628407	0.0418071	0.000254943	0.000235119	
3.66e-09	120	0.065834	0.0298995	0.997383	0.933405	0.931356	0.0720664	0.0910242	0.000287334	0.000244829	
3.72e-09	122	8.21591e-05	-0.00678996	0.999977	0.931415	0.930354	0.0533621	0.0877905	0.000649589	0.000590958	
3.78e-09	124	0.00162293	0.00830021	0.999964	0.928271	0.92897	0.0320723	0.0542999	0.000399465	0.000385096	
3.84e-09	126	0.0259685	0.00909564	0.999621	0.929262	0.927852	0.0636851	0.0740018	0.000230395	0.000203814	
3.9e-09	128	-0.00530933	-0.0218182	0.999748	0.929693	0.926976	0.0404048	0.059939	0.000439229	0.000365726	
3.96e-09	130	0.0285649	0.0129559	0.999508	0.922944	0.92541	0.0228741	0.0492785	0.000479068	0.000460668	
4.02e-09	132	0.0200856	-0.00404428	0.99979	0.92786	0.924108	0.0545325	0.0464128	0.000366572	0.000389659	
4.08e-09	134	0.0186498	-0.0309197	0.999348	0.922491	0.923354	0.0325202	0.0509645	0.000519417	0.000510722	
4.14e-09	136	-0.0129578	-0.0279535	0.999525	0.920181	0.922315	0.0506632	0.0523703	0.00040006	0.000393599	
4.2e-09	138	0.0111413	0.0139438	0.999841	0.918948	0.920899	0.0570336	0.0640685	0.000332285	0.000323974	
4.26e-09	140	-0.0465113	-0.0113468	0.998853	0.919661	0.919452	0.0572371	0.0770222	0.000428812	0.000389057	
4.32e-09	142	0.0426126	0.021232	0.998866	0.914087	0.918487	0.0632105	0.0697691	0.000340175	0.000328575	
4.38e-09	144	0.00643385	0.0428955	0.999059	0.91787	0.916407	0.0667681	0.0477628	0.000580309	0.000542124	
4.44e-09	146	-0.0666676	0.0269109	0.997412	0.917786	0.915395	0.0487339	0.0694783	0.0002645	0.00024205	
4.5e-09	148	-0.0315461	0.0120681	0.999429	0.915126	0.914553	0.0740477	0.0472485	0.000475831	0.000459424	
4.56e-09	150	0.0336624	-0.0302953	0.998974	0.915108	0.913651	0.0703194	0.0467995	0.000356582	0.000392605	
4.62e-09	152	0.0185442	-0.0140629	0.999729	0.91151	0.912028	0.0647874	0.104175	0.000574308	0.000486906	
4.68e-09	154	-0.00623131	-0.00761087	0.999952	0.913868	0.910996	0.0500356	0.0415611	0.000333803	0.000326578	
4.74e-09	156	-0.0220134	-0.0297323	0.999315	0.909577	0.909201	0.0544895	0.0743901	0.000832019	0.000667014	
4.8e-09	158	-0.00696838	0.0298207	0.999531	0.909506	0.908943	0.0483132	0.0439955	0.000501904	0.000507404	
4.86e-09	160	0.020258	-0.0193188	0.999608	0.905915	0.906881	0.0574213	0.0645663	0.00046131	0.000419442	
4.92e-09	162	0.0548267	-0.0204782	0.998286	0.905338	0.905693	0.0663807	0.0460917	0.000579179	0.000551348	
4.98e-09	164	0.00233817	-0.0175834	0.999843	0.900887	0.905085	0.0708216	0.0341882	0.000597094	0.000508287	
5.04e-09	166	-0.0320988	-0.0186392	0.999311	0.904857	0.903269	0.0510005	0.0567132	0.00033857	0.00025627	
5.1e-09	168	-0.0534972	0.0703672	0.996086	0.902761	0.902231	0.0464079	0.0797767	0.000498656	0.000513509	
5.16e-09	170	-0.0503344	-0.00165675	0.998731	0.90162	0.900583	0.0423945	0.0720338	0.000488273	0.000500143	
5.22e-09	172	-0.053523	0.0183562	0.998398	0.897997	0.899745	0.0840422	0.0397915	0.000461692	0.000451896	
5.28e-09	174	-0.0153237	-0.0486195	0.9987	0.897627	0.898485	0.0407909	0.042585	0.000330428	0.00027738	
5.34e-09	176	-0.0473051	-0.0288878	0.998463	0.891688	0.895876	0.0725991	0.071769	0.000463972	0.000459301	
5.4e-09	178	-0.0878222	0.000114853	0.996136	0.889822	0.894929	0.0760554	0.0639521	0.000737215	0.000567972	
5.46e-09	180	-0.0155655	-0.0571202	0.998246	0.893945	0.89465	0.0652304	0.0544855	0.000412942	0.000441296	
5.52e-09	182	0.0502995	0.00916592	0.998692	0.898344	0.893628	0.0518774	0.0614718	0.00066158	0.000546551	
5.58e-09	184	0.0105866	0.0291206	0.99952	0.892607	0.892331	0.0556433	0.0374134	0.000385834	0.00036976	
5.64e-09	186	-0.00989499	0.0399586	0.999152	0.89207	0.890464	0.0528219	0.0281522	0.000425752	0.000352377	
5.7e-09	188	0.000940718	0.00224855	0.999997	0.892994	0.888964	0.0587412	0.0582149	0.000718023	0.000610881	
5.76e-09	190	-0.00778441	-0.00698482	0.999945	0.887049	0.888462	0.026323	0.0382805	0.000414341	0.000386482	
5.82e-09	192	-8.98205e-06	0.0280478	0.999607	0.882538	0.886103	0.0378441	0.0593698	0.000678815	0.000464792	
5.88e-09	194	0.036633	0.0482313	0.998164	0.891014	0.885637	0.045593	0.058393	0.000534807	0.000541054	
5.94e-09	196	0.00729292	-0.0198205	0.999777	0.884311	0.884655	0.0817106	0.0631487	0.000456459	0.000474802	
6e-09	198	-0.0158209	0.028108	0.99948	0.884346	0.882195	0.0711568	0.0457294	0.000656465	0.00060587	
6.06e-09	200	0.109966	0.00611831	0.993917	0.875879	0.880454	0.06863	0.0314086	0.000862819	0.000694111	
6.12e-09	202	-0.00852412	0.0212012	0.999739	0.882608	0.879237	0.0696768	0.0709923	0.000703103	0.000608706	
6.18e-09	204	-0.0972634	-0.0150377	0.995145	0.883362	0.878505	0.0914575	0.0427744	0.000707695	0.000516961	
6.24e-09	206	-0.0518495	0.00226037	0.998652	0.882046	0.875922	0.0844641	0.0729306	0.000571343	0.000506297	
6.3e-09	208	0.00210738	0.00135174	0.999997	0.878919	0.876787	0.0630124	0.0734827	0.000490855	0.000425696	
6.36e-09	210	0.0052118	0.00390606	0.999979	0.873648	0.87504	0.066603	0.0416143	0.000755587	0.000656116	
6.42e-09	212	0.00844978	-0.0296183	0.999526	0.873746	0.873872	0.036528	0.0747373	0.000427102	0.000465797	
6.48e-09	214	0.0279646	0.072786	0.996955	0.879374	0.872209	0.0639563	0.0560887	0.000618141	0.000728803	
6.54e-09	216	0.0504791	0.0371977	0.998032	0.86856	0.869639	0.0496634	0.0736084	0.000800591	0.000721894	
6.6e-09	218	0.0111638	0.0554815	0.998397	0.870051	0.869751	0.0411865	0.0650267	0.000630559	0.000751399	
6.66e-09	220	-0.0457042	-0.0699425	0.996503	0.871427	0.868309	0.0479057	0.0868293	0.000536116	0.000497118	
6.72e-09	222	-0.0823611	0.00359274	0.996596	0.862831	0.866889	0.0466257	0.0623664	0.000669639	0.000626901	
6.78e-09	224	0.00657756	0.0291146	0.999554	0.865198	0.864694	0.0474879	0.0692594	0.000662338	0.000474282	
6.84e-09	226	-0.0340394	0.0565383	0.99782	0.865772	0.863352	0.0461744	0.081427	0.000702968	0.000595362	
6.9e-09	228	0.0773545	0.00875647	0.996965	0.855823	0.86275	0.060489	0.098086	0.00122434	0.000920017	
6.96e-09	230	-0.0455063	-0.0353732	0.998338	0.863213	0.86156	0.0540522	0.0490847	0.00048267	0.000460198	
7.02e-09	232	-0.0289765	0.050114	0.998323	0.85924	0.858867	0.0500319	0.0706289	0.000710955	0.000675692	
7.08e-09	234	0.0304544	-0.0695099	0.997116	0.861126	0.858414	0.0374176	0.0455164	0.000552839	0.000503429	
7.14e-09	236	-0.00569081	0.0375038	0.99928	0.857897	0.857054	0.0605098	0.0815212	0.000825851	0.000490376	
7.2e-09	238	-0.0275236	0.0611643	0.997748	0.863514	0.855916	0.0487086	0.0601162	0.000973613	0.000840106	
7.26e-09	240	-0.0420834	0.0173476	0.998963	0.845599	0.852893	0.0726286	0.0703581	0.00117631	0.00106451	
7.32e-09	242	-0.00608459	-0.0466782	0.998891	0.853417	0.853976	0.0492403	0.0629203	0.000497627	0.000455304	
7.38e-09	244	-0.0286396	-0.0201451	0.999387	0.852708	0.851385	0.0487935	0.0642574	0.00072656	0.000701736	
7.44e-09	246	-0.0236244	-0.0052128	0.999707	0.845485	0.850729	0.0458274	0.0570124	0.000418019	0.000496329	
7.5e-09	248	2.35038e-05	-0.0360475	0.99935	0.84248	0.847866	0.0499807	0.0783238	0.000816498	0.000505773	
7.56e-09	250	0.051913	-0.0388851	0.997894	0.845432	0.847155	0.100995	0.0728172	0.000842476	0.000734378	
7.62e-09	252	-0.022967	0.0264641	0.999386	0.84089	0.84605	0.0500927	0.0787542	0.000843009	0.000949829	
7.68e-09	254	0.00886037	0.0566516	0.998355	0.843147	0.844565	0.0518411	0.0717601	0.000660644	0.00056792	
7.74e-09	256	0.00307414	-0.00991329	0.999946	0.846115	0.843777	0.0723807	0.0327214	0.00107871	0.00108673	
7.8e-09	258	-0.0306688	-0.0461379	0.998464	0.839013	0.84243	0.0568744	0.0505962	0.00110964	0.00104252	
7.86e-09	260	-0.00259512	0.0734318	0.997297	0.836774	0.840191	0.0557179	0.0573452	0.00111022	0.00101758	
7.92e-09	262	0.0143483	0.0293189	0.999467	0.833182	0.838595	0.0824162	0.0774954	0.00122309	0.000916	
7.98e-09	264	0.0272429	0.0647793	0.997528	0.840011	0.837685	0.0410562	0.043024	0.000951719	0.000912438	
8.04e-09	266	0.0232876	0.0822331	0.996341	0.840551	0.836258	0.0757775	0.0744323	0.00081521	0.000619557	
8.1e-09	268	0.0583886	-0.0526077	0.996907	0.833926	0.834199	0.0352279	0.0797129	0.000923717	0.000903673	
8.16e-09	270	0.0189091	-0.0155884	0.9997	0.821148	0.832098	0.0656437	0.0683326	0.00135169	0.00120865	
8.22e-09	272	0.0846054	0.0182186	0.996248	0.833058	0.830263	0.0633053	0.0356094	0.000950937	0.000919758	
8.28e-09	274	0.0280476	-0.0293358	0.999176	0.836684	0.831244	0.0918164	0.071176	0.00137523	0.000872608	
8.34e-09	276	-0.0744539	0.0302032	0.996767	0.824512	0.828371	0.0460892	0.068051	0.000823688	0.000615965	
8.4e-09	278	0.0551267	-0.0129342	0.998396	0.83271	0.826737	0.0879151	0.0679022	0.00138914	0.0014446	
8.46e-09	280	-0.011459	-0.0607416	0.998088	0.826103	0.826931	0.0535924	0.0436989	0.000671206	0.000528128	
8.52e-09	282	0.0114666	0.051336	0.998616	0.8254	0.824635	0.0536454	0.0764222	0.00102952	0.000697213	
8.58e-09	284	0.0210597	-0.0729359	0.997114	0.821311	0.823457	0.0611995	0.0358641	0.000863301	0.000821177	
8.64e-09	286	0.0752147	0.032612	0.996634	0.818039	0.821263	0.113274	0.0680101	0.00125948	0.00100424	
8.7e-09	288	0.0765513	0.0317477	0.99656	0.82555	0.820215	0.0739477	0.0365943	0.00118652	0.000808714	
8.76e-09	290	-0.0365314	0.0070824	0.999307	0.819214	0.818648	0.0661367	0.0319299	0.0012511	0.00110654	
8.82e-09	292	0.0456174	0.0929976	0.994621	0.816722	0.813743	0.0608071	0.0777825	0.00101955	0.000943604	
8.88e-09	294	-0.0370224	0.0966204	0.994633	0.814114	0.815207	0.0648635	0.0886671	0.000713899	0.000573405	
8.94e-09	296	0.0593489	-0.0986159	0.993354	0.819755	0.81419	0.0628766	0.0738308	0.00162141	0.0013789	
9e-09	298	0.0334635	0.0675297	0.997156	0.818225	0.811508	0.0895583	0.0390949	0.000987968	0.00106394	
9.06e-09	300	-0.00390609	0.0611216	0.998123	0.803077	0.81108	0.0498094	0.0210288	0.00118209	0.00103269	
9.12e-09	302	-0.127001	0.0215746	0.991668	0.817231	0.808754	0.104122	0.0446197	0.00114906	0.00117168	
9.18e-09	304	0.0873164	0.00746227	0.996153	0.807612	0.808815	0.107249	0.0739844	0.00150345	0.00113793	
9.24e-09	306	0.0951071	0.0475848	0.994329	0.805775	0.806976	0.084776	0.0555519	0.00124781	0.000803966	
9.3e-09	308	-0.00311718	0.050776	0.998705	0.807275	0.803814	0.0797737	0.0599295	0.00136547	0.00109551	
9.36e-09	310	-0.0450355	0.0331397	0.998436	0.805185	0.803303	0.0809174	0.0729845	0.00175111	0.00148016	
9.42e-09	312	-0.0133552	0.0162307	0.999779	0.800747	0.801455	0.0600196	0.0359012	0.00170814	0.00119744	
9.48e-09	314	-0.0153685	0.0106534	0.999825	0.793774	0.801534	0.0579329	0.0829482	0.00177719	0.00113783	
9.54e-09	316	0.0335448	-0.00833678	0.999402	0.791658	0.796643	0.0702316	0.0508503	0.00123049	0.00107336	
9.6e-09	318	-0.0504506	-0.109637	0.992691	0.810207	0.793886	0.047507	0.0669073	0.00126383	0.00141867	
9.66e-09	320	0.0256329	-0.0399368	0.998873	0.788436	0.793783	0.0440242	0.0992245	0.000848008	0.00102573	
9.72e-09	322	-0.000418554	0.162681	0.986679	0.798821	0.793618	0.0594074	0.0741097	0.00106992	0.00105874	
9.78e-09	324	-0.0744704	-0.0487393	0.996031	0.788141	0.791889	0.0776172	0.0702644	0.0018293	0.00148314	
9.84e-09	326	0.0159015	-0.0145348	0.999768	0.796537	0.792292	0.0445061	0.0323711	0.00112826	0.00106345	
9.9e-09	328	-0.0607162	0.0118329	0.998085	0.799337	0.789697	0.034639	0.105305	0.0012019	0.000923733	
9.96e-09	330	-0.00790314	0.0744464	0.997194	0.791738	0.785752	0.0526562	0.0586974	0.00169427	0.00179081	
1.002e-08	332	0.00980964	0.0150394	0.999839	0.787767	0.783792	0.0467661	0.0618511	0.00148331	0.00133719	
1.008e-08	334	-0.0405417	-0.0453134	0.99815	0.781318	0.785912	0.0864628	0.0704746	0.00110673	0.000565145	
1.014e-08	336	-0.00752181	0.108721	0.994044	0.786041	0.782203	0.0338211	0.0637497	0.000985639	0.000852265	
1.02e-08	338	-0.0710105	0.0228632	0.997214	0.795007	0.78173	0.0758202	0.113333	0.0025095	0.00187481	
1.026e-08	340	0.0543699	-0.0230622	0.998254	0.779224	0.780174	0.0331416	0.0552017	0.00153777	0.00132366	
1.032e-08	342	0.0365826	0.00388355	0.999323	0.776121	0.779579	0.0378244	0.0542409	0.00117135	0.000974617	
1.038e-08	344	-0.0294187	-0.0396932	0.998779	0.775086	0.774828	0.058748	0.0762593	0.00112666	0.000913111	
1.044e-08	346	-0.0722293	0.142856	0.987104	0.785785	0.77352	0.0783422	0.0626733	0.00171992	0.00180728	
1.05e-08	348	0.0155472	0.0537079	0.998436	0.779756	0.771392	0.0893353	0.0499605	0.00229518	0.00238418	
1.056e-08	350	-0.0270935	-0.00434477	0.999623	0.770431	0.771604	0.0615069	0.0673331	0.00185092	0.00154549	
1.062e-08	352	0.064822	-0.00523257	0.997883	0.769355	0.767954	0.0415852	0.0695166	0.00114525	0.000990476	
1.068e-08	354	-0.100674	0.0345525	0.994319	0.771511	0.766636	0.0461643	0.0601635	0.00194456	0.00178829	
1.074e-08	356	-0.0663247	0.074669	0.995	0.765888	0.764148	0.0450673	0.0610381	0.00122501	0.00108046	
1.08e-08	358	0.00765977	-0.0779741	0.996926	0.763918	0.762394	0.0674532	0.067239	0.00203219	0.00189656	
1.086e-08	360	0.0308717	0.0344922	0.998928	0.767502	0.762593	0.0456484	0.0458311	0.00282832	0.00302296	
1.092e-08	362	-0.0204296	0.0148083	0.999682	0.763891	0.759865	0.0575419	0.0606758	0.00117941	0.00112086	
1.098e-08	364	-0.0683709	-0.0534079	0.996229	0.764477	0.758839	0.0848524	0.0862009	0.00158995	0.0011786	
1.104e-08	366	0.0445595	0.0287968	0.998592	0.748928	0.757471	0.0701746	0.0893564	0.00188803	0.00139051	
1.11e-08	368	-0.0237016	-0.0985441	0.99485	0.760567	0.756461	0.0502369	0.0800421	0.000920763	0.000740763	
1.116e-08	370	0.102822	-0.0448028	0.99369	0.757876	0.754481	0.0628047	0.0455995	0.00150752	0.00155072	
1.122e-08	372	-0.0126592	0.0292312	0.999493	0.754358	0.750574	0.0808933	0.0723939	0.00247328	0.00126642	
1.128e-08	374	0.0714567	0.0655089	0.99529	0.740556	0.750723	0.0630308	0.0594187	0.00145184	0.00147199	
1.134e-08	376	0.0217308	-0.058984	0.998022	0.75108	0.748229	0.105003	0.0760564	0.00231165	0.00131606	
1.14e-08	378	-0.0101321	0.0221632	0.999703	0.751376	0.747328	0.0860463	0.0780747	0.00176199	0.00181318	
1.146e-08	380	-0.115913	-0.102712	0.987934	0.750557	0.744715	0.0515178	0.0947723	0.00196154	0.00154144	
1.152e-08	382	0.0354715	-0.0666777	0.997144	0.731288	0.743573	0.0618283	0.0571543	0.00163379	0.00144055	
1.158e-08	384	-0.101665	-0.0360025	0.994167	0.72284	0.739123	0.0683185	0.0446104	0.00221434	0.00169464	
1.164e-08	386	0.0808807	0.00808913	0.996691	0.740936	0.737783	0.0560437	0.0816919	0.0024927	0.00216228	
1.17e-08	388	0.0723797	0.0567269	0.995763	0.731366	0.735919	0.0719368	0.0405522	0.00172834	0.00156886	
1.176e-08	390	-0.0095284	-0.000962411	0.999954	0.736337	0.736303	0.0641605	0.0733919	0.00172947	0.00165239	
1.182e-08	392	0.0282603	-0.0299745	0.999151	0.723359	0.734399	0.0634946	0.0456776	0.00216394	0.00150286	
1.188e-08	394	-0.0124408	-0.183032	0.983028	0.726729	0.729789	0.0716204	0.0918201	0.00176016	0.00132584	
1.194e-08	396	-0.0803953	-0.0451843	0.995738	0.721434	0.730811	0.0546003	0.0583921	0.00138026	0.00115714	
1.2e-08	398	0.035293	0.0866289	0.995615	0.724501	0.726066	0.0314798	0.0810732	0.00220034	0.0021059	
1.206e-08	400	0.0474913	0.0731395	0.99619	0.722208	0.726019	0.0787153	0.066938	0.00147452	0.00143204	
1.212e-08	402	-0.131237	0.06514	0.989209	0.722083	0.722371	0.0677951	0.0669176	0.00150276	0.00145172	
1.218e-08	404	0.035801	0.00601775	0.999341	0.721332	0.720184	0.0565922	0.043973	0.00143809	0.00124766	
1.224e-08	406	-0.0902192	0.0473531	0.994796	0.713453	0.720597	0.078454	0.0573882	0.00343187	0.00244453	
1.23e-08	408	0.150872	0.0494358	0.987316	0.728054	0.720579	0.0617648	0.104687	0.00248752	0.00189055	
1.236e-08	410	0.0449819	0.0192117	0.998803	0.729847	0.718552	0.0284359	0.0530488	0.00235152	0.00239668	
1.242e-08	412	0.0199578	-0.0349236	0.999191	0.70961	0.713586	0.0675717	0.0682307	0.00324966	0.00251435	
1.248e-08	414	-0.150457	-0.0297261	0.98817	0.72014	0.712756	0.0748589	0.0777753	0.00216164	0.00152421	
1.254e-08	416	-0.0772038	-0.135756	0.98773	0.705096	0.714406	0.122406	0.0505521	0.00212799	0.00132401	
1.26e-08	418	-0.0951794	0.0506474	0.994171	0.719786	0.70924	0.0871344	0.0373921	0.00334188	0.00210812	
1.266e-08	420	0.00620435	-0.108839	0.99404	0.715999	0.707819	0.0878607	0.0480776	0.00264589	0.0021146	
1.272e-08	422	0.038113	0.182838	0.982404	0.705835	0.701064	0.0652539	0.1459	0.0038897	0.00298934	
1.278e-08	424	0.0405094	-0.108609	0.993259	0.699049	0.703819	0.0596419	0.0866231	0.00275067	0.00224648	
1.284e-08	426	0.0447956	-0.0487441	0.997806	0.702837	0.700004	0.0938201	0.0742508	0.00264229	0.00177852	
1.29e-08	428	-0.145978	-0.0354522	0.988652	0.698807	0.697191	0.0695063	0.102017	0.00156034	0.00174078	
1.296e-08	430	0.0139872	-0.0205078	0.999692	0.685018	0.697932	0.0736879	0.0931613	0.00300332	0.00288291	
1.302e-08	432	0.0223814	0.0792293	0.996605	0.70625	0.696696	0.0524932	0.0684691	0.00274068	0.00265367	
1.308e-08	434	-0.083887	-0.160228	0.983509	0.687624	0.692852	0.0960223	0.0693747	0.00304273	0.00170104	
1.314e-08	436	-0.0816972	0.0265355	0.996304	0.687831	0.693131	0.075027	0.0538141	0.00309731	0.00213802	
1.32e-08	438	0.0251021	0.206175	0.978193	0.688484	0.689479	0.1136	0.104921	0.00412348	0.00222403	
1.326e-08	440	-0.117196	-0.0430087	0.992177	0.677259	0.686928	0.0644082	0.0725136	0.001816	0.00143945	
1.332e-08	442	-0.131928	-0.0735879	0.988524	0.668348	0.685946	0.0771457	0.0734777	0.00324355	0.0031067	
1.338e-08	444	-0.0255547	-0.0565729	0.998071	0.690915	0.681563	0.0637489	0.0968845	0.00237924	0.00193598	
1.344e-08	446	-0.0710765	0.0620889	0.995537	0.670039	0.67861	0.062051	0.0639696	0.00343873	0.00264656	
1.35e-08	448	-0.0611846	0.122116	0.990628	0.685611	0.676348	0.115383	0.0606399	0.00209607	0.00184366	
1.356e-08	450	-0.0747136	0.0528303	0.995805	0.673526	0.673302	0.0944559	0.0489744	0.00264993	0.00216574	
1.362e-08	452	-0.00917496	-0.230549	0.973017	0.678022	0.673784	0.0800163	0.0868934	0.00317057	0.00312905	
1.368e-08	454	0.0905235	0.0800167	0.992675	0.659342	0.671293	0.0963028	0.0818348	0.00443963	0.00348815	
1.374e-08	456	-0.0109664	-0.0391009	0.999175	0.682973	0.669217	0.0799259	0.0907521	0.00313969	0.00269097	
1.38e-08	458	-0.030201	0.0281711	0.999147	0.662359	0.665152	0.0816718	0.0916192	0.00231346	0.0015931	
1.386e-08	460	-0.067699	0.0249638	0.997393	0.661388	0.665476	0.112014	0.0977646	0.00310577	0.00193099	
1.392e-08	462	-0.0565029	-0.0152748	0.998286	0.647636	0.662119	0.0810581	0.0628174	0.00409129	0.00300857	
1.398e-08	464	0.0296963	-0.0500817	0.998304	0.678672	0.663705	0.0702045	0.0847764	0.00259626	0.00198145	
1.404e-08	466	0.0946084	-0.081556	0.992168	0.635253	0.65476	0.0826113	0.0682916	0.00280608	0.00272238	
1.41e-08	468	-0.0588133	-0.0219274	0.998028	0.652104	0.656966	0.0564841	0.0784744	0.0028838	0.00200283	
1.416e-08	470	-0.0729309	0.036199	0.99668	0.63463	0.649302	0.0781322	0.0945205	0.00419414	0.00319736	
1.422e-08	472	-0.0054352	0.0140302	0.999887	0.645771	0.652724	0.0496191	0.094067	0.00272559	0.0020024	
1.428e-08	474	0.0514627	0.177081	0.98285	0.642401	0.648351	0.0784494	0.0692827	0.00302577	0.00300399	
1.434e-08	476	-0.091974	0.00540015	0.995747	0.650356	0.651267	0.13893	0.067953	0.00181278	0.00200032	
1.44e-08	478	0.0760687	0.0708292	0.994584	0.620523	0.643624	0.111876	0.126731	0.0047491	0.00424988	
1.446e-08	480	0.0201373	-0.0969298	0.995087	0.639774	0.64097	0.0920523	0.0508144	0.00392765	0.00341696	
1.452e-08	482	-0.108679	0.0215751	0.993843	0.626672	0.638257	0.111747	0.0803984	0.00469639	0.00361042	
1.458e-08	484	-0.16006	-0.0422623	0.986202	0.641322	0.638788	0.0949841	0.0712864	0.00288232	0.00309462	
1.464e-08	486	-0.0402093	0.0660932	0.997003	0.627044	0.63241	0.0715592	0.0617163	0.00200982	0.00250547	
1.47e-08	488	-0.0511682	0.0640342	0.996635	0.634647	0.633678	0.0730776	0.0844107	0.00261199	0.00225425	
1.476e-08	490	0.0461735	0.089249	0.994938	0.627192	0.628243	0.0614382	0.117254	0.00393185	0.00316845	
1.482e-08	492	0.154553	-0.0324814	0.98745	0.62768	0.626598	0.0732695	0.057817	0.00450193	0.00380858	
1.488e-08	494	-0.141404	0.149203	0.978644	0.617682	0.622517	0.0649916	0.0865008	0.00446667	0.00370892	
1.494e-08	496	-0.0410442	0.0543162	0.99768	0.628362	0.621104	0.0551633	0.103572	0.00434356	0.00275198	
1.5e-08	498	0.0475382	-0.0287223	0.998456	0.611736	0.61728	0.0958734	0.116985	0.0049737	0.00400782	
1.506e-08	500	-0.163138	-0.114041	0.97999	0.617335	0.61627	0.0788128	0.0995138	0.00381514	0.00230415	
1.512e-08	502	0.170934	-0.156674	0.972746	0.605749	0.614948	0.0870004	0.0970446	0.00522056	0.00377959	
1.518e-08	504	-0.0817764	-0.205424	0.975251	0.622953	0.612881	0.0888315	0.113264	0.00357408	0.0030501	
1.524e-08	506	-0.0574694	-0.0705118	0.995854	0.617027	0.610509	0.092879	0.100969	0.00225065	0.00153122	
1.53e-08	508	-0.185418	-0.111249	0.976342	0.611738	0.607552	0.0714233	0.0715208	0.00482672	0.00388608	
1.536e-08	510	-0.0881475	0.0102022	0.996055	0.594418	0.595189	0.0834904	0.0612995	0.00733971	0.00473265	
1.542e-08	512	0.0699855	0.00992691	0.997499	0.585584	0.593519	0.111621	0.0605702	0.00649298	0.00397454	
1.548e-08	514	0.0647831	-0.0491977	0.996686	0.606098	0.601059	0.064824	0.0999338	0.00729736	0.00579007	
1.554e-08	516	-0.0242115	0.11128	0.993494	0.611963	0.597578	0.0693632	0.0567818	0.00218529	0.00199922	
1.56e-08	518	-0.00038293	-0.05695	0.998377	0.591662	0.592739	0.126111	0.0741569	0.00549523	0.00400325	
1.566e-08	520	0.159077	-0.248249	0.955545	0.594543	0.589603	0.0869705	0.0841587	0.00295317	0.00330517	
1.572e-08	522	0.178481	0.116133	0.977066	0.573299	0.584788	0.0707249	0.0877262	0.00548502	0.00446473	
1.578e-08	524	0.177764	0.0533736	0.982625	0.579973	0.579148	0.0779212	0.0870741	0.0062475	0.00401812	
1.584e-08	526	-0.121938	0.0693677	0.990111	0.575527	0.580631	0.153958	0.095559	0.00371408	0.00231921	
1.59e-08	528	0.0160055	-0.0294529	0.999438	0.579024	0.581006	0.0489508	0.0594073	0.00379344	0.0031295	
1.596e-08	530	0.131677	0.150907	0.979739	0.584675	0.57438	0.0690146	0.0996975	0.00490585	0.00292679	
1.602e-08	532	0.213068	0.171755	0.961822	0.560182	0.571893	0.0823735	0.109453	0.00449705	0.00303086	
1.608e-08	534	-0.133418	-0.00710071	0.991034	0.547889	0.570678	0.0864204	0.1311	0.0115176	0.00704391	
1.614e-08	536	-0.0465237	0.0239205	0.998631	0.561359	0.563704	0.0863523	0.0860429	0.00457123	0.00395884	
1.62e-08	538	0.0967082	-0.128718	0.986955	0.556191	0.562203	0.0994324	0.0579604	0.00442141	0.00338899	
1.626e-08	540	-0.0234567	0.0241246	0.999434	0.541862	0.559584	0.0619677	0.122568	0.0112257	0.00875569	
1.632e-08	542	-0.0734633	-0.12129	0.989895	0.538374	0.556623	0.0846566	0.059198	0.00604584	0.0050637	
1.638e-08	544	-0.0571018	0.0439876	0.997399	0.528961	0.552157	0.0842735	0.0595173	0.0109296	0.0088732	
1.644e-08	546	-0.0684684	-0.25499	0.964517	0.532352	0.549005	0.14555	0.110989	0.0116192	0.00808039	
1.65e-08	548	0.0858029	0.135893	0.987001	0.543506	0.551253	0.0713737	0.0640836	0.00502598	0.00371949	
1.656e-08	550	0.06161	0.0289446	0.997681	0.560956	0.543029	0.069993	0.0701946	0.00695326	0.00559929	
1.662e-08	552	-0.294051	-0.0443981	0.954758	0.54285	0.541557	0.126015	0.067278	0.00989285	0.00552471	
1.668e-08	554	-0.164568	0.0159136	0.986237	0.537765	0.537936	0.0721338	0.0749136	0.0034325	0.0027972	
1.674e-08	556	0.145919	0.094649	0.984759	0.520162	0.534102	0.123597	0.0961713	0.00641594	0.00519646	
1.68e-08	558	-0.103162	0.0705754	0.992158	0.528155	0.530813	0.048238	0.0709009	0.0109311	0.0090825	
1.686e-08	560	-0.101579	-0.05124	0.993507	0.520027	0.527703	0.115545	0.0737847	0.00750269	0.00586473	
1.692e-08	562	0.00329895	0.0365983	0.999325	0.520074	0.518167	0.101602	0.110319	0.00897208	0.00788514	
1.698e-08	564	-0.210291	0.159911	0.964472	0.516986	0.520843	0.0728057	0.0888307	0.00606106	0.00519674	
1.704e-08	566	0.0564142	-0.00716228	0.998382	0.494113	0.5157	0.0774299	0.0965428	0.00619888	0.00556207	
1.71e-08	568	0.0870902	0.0329166	0.995656	0.530374	0.517633	0.0854836	0.0785538	0.00395535	0.00308882	
1.716e-08	570	-0.0169524	-0.0289232	0.999438	0.541534	0.515255	0.0742427	0.0629809	0.00847279	0.00678557	
1.722e-08	572	0.188398	0.099871	0.977002	0.520261	0.507669	0.0900117	0.0624549	0.00896472	0.00796925	
1.728e-08	574	-0.253998	0.33362	0.907845	0.4977	0.501315	0.129443	0.0802743	0.0118292	0.00806365	
1.734e-08	576	0.0858211	-0.0787624	0.993192	0.488052	0.501413	0.0731285	0.116989	0.00877562	0.00920087	
1.74e-08	578	-0.0632312	0.100413	0.992935	0.507872	0.495821	0.0990804	0.0819001	0.00997138	0.00472134	
1.746e-08	580	0.0581234	0.114868	0.991679	0.485356	0.491783	0.0827785	0.0618691	0.00773597	0.00732707	
1.752e-08	582	0.0321949	-0.140597	0.989543	0.488912	0.489451	0.129653	0.106696	0.0114973	0.00739371	
1.758e-08	584	-0.0611927	-0.432719	0.89945	0.460355	0.488388	0.0948124	0.107814	0.0115199	0.00826201	
1.764e-08	586	-0.0104062	0.187951	0.982123	0.496616	0.48353	0.120465	0.122883	0.0107159	0.00813881	
1.77e-08	588	-0.138203	-0.163956	0.976739	0.444662	0.473145	0.05901	0.0875655	0.0126293	0.00983783	
1.776e-08	590	0.190518	-0.126436	0.973507	0.460202	0.47228	0.0983588	0.0938505	0.0101715	0.00667014	
1.782e-08	592	0.0991687	0.137875	0.985473	0.489371	0.477638	0.0781317	0.118581	0.0088627	0.00628383	
1.788e-08	594	0.00504518	0.0875051	0.996151	0.469415	0.464362	0.0613092	0.169389	0.0116612	0.00452773	
1.794e-08	596	0.0676521	-0.186722	0.980081	0.457415	0.463952	0.0823985	0.0808626	0.00956134	0.00566607	
1.8e-08	598	0.0159015	0.215092	0.976464	0.441805	0.455394	0.105468	0.0863431	0.0138495	0.00872393	
1.806e-08	600	-0.184079	-0.109008	0.976848	0.427253	0.453612	0.109679	0.0887865	0.0156255	0.0140004	
1.812e-08	602	-0.248082	-0.0398194	0.96792	0.474514	0.456231	0.075615	0.104199	0.00940728	0.00835794	
1.818e-08	604	0.139974	0.0594256	0.98837	0.429769	0.440012	0.0758285	0.118666	0.0105757	0.00869183	
1.824e-08	606	0.113767	0.165458	0.979633	0.469176	0.445944	0.0880474	0.135689	0.0118312	0.00784745	
1.83e-08	608	0.0940422	0.292671	0.951578	0.433535	0.435277	0.0808745	0.0875231	0.0170306	0.0151877	
1.836e-08	610	0.186653	-0.188273	0.964217	0.430714	0.425309	0.134957	0.0625726	0.0128347	0.0109786	
1.842e-08	612	-0.145242	-0.335072	0.93093	0.434352	0.424608	0.11257	0.0755822	0.0123035	0.0094846	
1.848e-08	614	-0.0615278	-0.341144	0.937995	0.392502	0.427305	0.0531648	0.0580681	0.0120004	0.00884337	
1.854e-08	616	-0.187187	0.210575	0.959489	0.407573	0.40801	0.0793035	0.0470611	0.0141072	0.0133168	
1.86e-08	618	-0.573313	0.0196528	0.819101	0.399786	0.407524	0.141779	0.0810154	0.0211601	0.0136825	
1.866e-08	620	0.223124	-0.297	0.928443	0.370873	0.405317	0.166336	0.0917526	0.0127728	0.006442	
1.872e-08	622	-0.179797	0.0647449	0.981571	0.415218	0.399378	0.0870852	0.11155	0.0374701	0.0123102	
1.878e-08	624	-0.0435804	-0.0012932	0.999049	0.42482	0.394524	0.0549786	0.117648	0.0164697	0.0111174	
1.884e-08	626	-0.038977	-0.319343	0.946837	0.403172	0.388663	0.0721116	0.0991317	0.0140357	0.00996944	
1.89e-08	628	0.119452	0.32492	0.938167	0.408545	0.392793	0.106443	0.105403	0.0100769	0.00906691	
1.896e-08	630	0.0370264	-0.0188929	-0.999136	0.38598	0.382537	0.110034	0.107766	0.021291	0.00763451	
1.902e-08	632	-0.186739	-0.0346351	-0.981799	0.376643	0.371102	0.125984	0.0928424	0.0226795	0.0183547	
1.908e-08	634	0.269074	-0.177548	-0.946613	0.340227	0.363214	0.163741	0.10978	0.0226741	0.0144147	
1.914e-08	636	-0.232155	-0.0826082	-0.969165	0.358296	0.365228	0.0670383	0.0593247	0.0239372	0.0162448	
1.92e-08	638	-0.104887	0.0983598	-0.989608	0.364738	0.362561	0.115402	0.125539	0.0139977	0.0125643	
1.926e-08	640	0.0395764	-0.10478	-0.993708	0.353111	0.343347	0.101172	0.109317	0.0167681	0.0105866	
1.932e-08	642	0.0531963	-0.198027	-0.978752	0.368869	0.349381	0.071353	0.109339	0.0202268	0.0142247	
1.938e-08	644	0.049467	-0.209329	-0.976593	0.376299	0.350773	0.11757	0.0891903	0.0138824	0.0101315	
1.944e-08	646	-0.138687	-0.149866	-0.978931	0.341936	0.326131	0.209436	0.143618	0.0537722	0.0157788	
1.95e-08	648	0.175245	0.198584	-0.964289	0.308708	0.324081	0.0781067	0.0852364	0.0241089	0.0186661	
1.956e-08	650	-0.11874	-0.0839588	-0.989369	0.34184	0.321231	0.165144	0.0827355	0.30325	0.0389056	
1.962e-08	652	0.0866353	-0.0829045	-0.992785	0.344886	0.312917	0.0624765	0.151495	0.0588307	0.016899	
1.968e-08	654	-0.240216	-0.0450782	-0.969672	0.315909	0.309552	0.0801869	0.0774334	0.0166218	0.0149076	
1.974e-08	656	0.286404	-0.272624	-0.918504	0.291581	0.299319	0.092752	0.149892	0.0483967	0.0199197	
1.98e-08	658	0.305477	-0.596272	-0.74239	0.219256	0.287222	0.110955	0.109032	0.0318849	0.0128131	
1.986e-08	660	-0.27608	0.00297074	0.96113	0.260881	0.266541	0.0924123	0.0699964	1.07166	0.0364888	
1.992e-08	662	0.0740808	0.153162	0.98542	0.311215	0.286626	0.0671625	0.0798609	0.032367	0.0217348	
1.998e-08	664	0.100141	0.439428	-0.892678	0.339897	0.266361	0.0765856	0.101062	0.0455456	0.0316469	
2.004e-08	666	-0.491101	0.546162	-0.678622	0.242542	0.273765	0.0563503	0.0835722	0.0222535	0.0148645	
2.01e-08	668	0.267884	-0.167335	-0.948808	0.27174	0.236827	0.0503653	0.119128	0.288156	0.0590842	
2.016e-08	670	-0.0357555	-0.761413	0.64728	0.28958	0.242731	0.0572071	0.114496	0.0584981	0.0561915	
2.022e-08	672	-0.680677	-0.0178548	-0.732366	0.179738	0.242869	0.106392	0.167742	0.101974	0.0256004	
2.028e-08	674	-0.464907	-0.270959	-0.842878	0.250245	0.218116	0.0934694	0.0648892	0.678232	0.0474501	
2.034e-08	676	0.600902	0.138165	0.787291	0.165408	0.192566	0.125717	0.101933	0.482437	0.0629773	
2.04e-08	678	-0.348714	-0.345304	-0.8713	0.237949	0.201123	0.114038	0.120941	0.295844	0.0422134	
2.046e-08	680	0.0169499	0.0970735	-0.995133	0.277881	0.201572	0.0977295	0.0852739	0.261629	0.0264765	
2.052e-08	682	-0.326158	-0.232325	0.916322	0.195835	0.17085	0.107295	0.0634945	0.388232	0.0611953	
2.058e-08	684	-0.183109	-0.398687	-0.898621	0.205897	0.176734	0.106793	0.1363	0.329862	0.0356319	
2.064e-08	686	0.372552	-0.722723	0.582131	0.100044	0.166855	0.0723798	0.0853174	0.272509	0.0627687	
2.07e-08	688	-0.0156404	0.55184	0.833803	0.204393	0.15033	0.0812412	0.102926	0.238677	0.0495045	
2.076e-08	690	0.724202	0.504637	0.469972	0.0384738	0.173508	0.106119	0.0867055	0.366713	0.0495126	
2.082e-08	692	0.197032	-0.0647645	-0.978256	0.268531	0.146087	0.0614554	0.0979013	0.21152	0.0326586	
2.088e-08	694	0.219642	0.77161	-0.596972	0.039726	0.120738	0.0545413	0.0829096	0.171966	0.0620139	
2.094e-08	696	-0.071448	0.159829	-0.984556	0.210697	0.145113	0.0692301	0.0968438	0.218934	0.0301913	
2.1e-08	698	-0.683074	-0.0370246	0.729411	0.183228	0.126895	0.056291	0.0503807	0.193702	0.0356351	
2.106e-08	700	0.820459	0.259558	0.509388	0.142643	0.111854	0.0617195	0.0309983	0.142913	0.0305319	
2.112e-08	702	-0.226444	0.447756	0.865007	0.0710248	0.115966	0.0401751	0.0635688	0.142035	0.0229726	
2.118e-08	704	0.747463	0.141566	0.649044	0.147964	0.124295	0.0684218	0.0640298	0.124606	0.0263982	
2.124e-08	706	0.656063	0.381719	0.651055	0.0859913	0.117328	0.0592548	0.0875877	0.101494	0.0182924	
2.13e-08	708	0.984448	-0.00853047	0.175469	0.0760251	0.105269	0.0677761	0.0369183	0.0944587	0.0150426	
2.136e-08	710	-0.549004	0.0228581	-0.835507	0.136139	0.109058	0.0495849	0.0568296	0.11713	0.0352414	
2.142e-08	712	-0.644705	-0.584659	-0.492474	0.141466	0.107039	0.0641812	0.0639748	0.0685008	0.0182198	
2.148e-08	714	0.287115	0.505324	0.813764	0.0782108	0.0945702	0.0495522	0.0684359	0.0546738	0.0256145	
2.154e-08	716	0.498205	0.0484929	-0.865702	0.101844	0.0976483	0.0437362	0.0505745	0.0771386	0.0178101	
2.16e-08	718	-0.195907	-0.00248298	0.980619	0.16841	0.0939807	0.0438119	0.0413712	0.080473	0.0205848	
2.166e-08	720	0.29905	0.770944	0.562329	0.0964783	0.0977252	0.0541975	0.0393145	0.0787873	0.0213238	
2.172e-08	722	0.596177	0.561376	0.57396	0.0720109	0.0806192	0.0391502	0.0331025	0.0577866	0.0258532	
2.178e-08	724	0.784413	-0.618608	0.0449518	0.0372871	0.0697527	0.0275269	0.0190942	0.0455687	0.0129511	
2.184e-08	726	-0.0355567	0.0480417	-0.998212	0.140748	0.0668883	0.0224203	0.0283412	0.0308376	0.0138054	
2.19e-08	728	-0.433257	-0.38274	-0.815965	0.0821405	0.0752495	0.0420494	0.0355999	0.0321593	0.020073	
2.196e-08	730	-0.110749	-0.0967693	0.989126	0.0813036	0.0791705	0.0260291	0.0351193	0.0489821	0.0139137	
2.202e-08	732	0.455266	-0.818437	0.350563	0.0748495	0.0767194	0.0354538	0.0384479	0.0358472	0.0160096	
2.208e-08	734	0.38093	-0.745864	0.546425	0.0461131	0.0565656	0.0216142	0.0179545	0.0197182	0.00806353	
2.214e-08	736	0.775744	-0.624488	0.0907531	0.065717	0.0681831	0.0266925	0.0228386	0.0283243	0.00704357	
2.22e-08	738	0.914293	0.391002	-0.105762	0.109864	0.0681766	0.0382708	0.0224905	0.023544	0.0152254	
2.226e-08	740	-0.388386	-0.79338	0.468726	0.0893437	0.0648697	0.0181345	0.035067	0.0246173	0.0114476	
2.232e-08	742	0.401989	-0.774572	0.488306	0.0449413	0.0636344	0.0174597	0.0214516	0.0317758	0.00695298	
2.238e-08	744	0.207925	0.840992	-0.499499	0.0982898	0.0563304	0.0123974	0.0252766	0.0191506	0.00688863	
2.244e-08	746	0.749952	0.51189	0.418975	0.149372	0.0720898	0.0305165	0.0242216	0.0455365	0.0184699	
2.25e-08	748	-0.820321	0.0154501	-0.571694	0.0347655	0.0609988	0.0188794	0.0258298	0.0213616	0.00957389	
2.256e-08	750	0.8156	-0.509586	0.274078	0.0268293	0.0578346	0.0205741	0.0173982	0.0295537	0.0157003	
2.262e-08	752	-0.315911	0.536986	0.782206	0.093357	0.0582286	0.0167479	0.0130965	0.0316852	0.00832052	
2.268e-08	754	-0.164475	0.420199	-0.892402	0.0574063	0.0547493	0.00950296	0.0162647	0.0283414	0.00726366	
2.274e-08	756	-0.64308	0.368593	0.671258	0.0551116	0.0567752	0.0170548	0.017693	0.0218682	0.00891863	
2.28e-08	758	-0.944722	0.314307	0.0933319	0.0708319	0.0634307	0.0177329	0.0265857	0.0233708	0.00823076	
2.286e-08	760	-0.373685	0.927555	0.00118103	0.0666761	0.0463228	0.0116457	0.0136793	0.0134177	0.00665379	
2.292e-08	762	-0.338776	-0.677986	0.652354	0.0434474	0.054457	0.0222472	0.0127557	0.0169885	0.00674416	
2.298e-08	764	0.437839	0.883676	-0.16557	0.0842147	0.047635	0.0144386	0.0104499	0.0158699	0.00644334	
2.304e-08	766	-0.382102	0.894725	-0.231227	0.0139846	0.0471653	0.0160735	0.014355	0.0115625	0.00909155	
2.31e-08	768	-0.695102	0.0351408	0.718051	0.0339045	0.0444633	0.0142361	0.0126903	0.00899151	0.00730263	
2.316e-08	770	0.184331	-0.227284	0.956224	0.0280389	0.0569824	0.0188932	0.0153813	0.0218289	0.00886691	
2.322e-08	772	-0.0279588	0.019924	0.99941	0.0271352	0.0431612	0.00905872	0.0149821	0.0111694	0.00771884	
2.328e-08	774	-0.632068	-0.427365	0.646412	0.0813122	0.0480434	0.0129056	0.0142331	0.0135674	0.00552361	
2.334e-08	776	-0.0400499	-0.964538	-0.260889	0.0569982	0.0432296	0.00868735	0.0111117	0.0127893	0.00531483	
2.34e-08	778	0.386469	0.91768	0.0922302	0.0344591	0.0522741	0.0145189	0.0126843	0.0188621	0.00630949	
2.346e-08	780	-0.490878	0.804402	0.334627	0.0489886	0.0504328	0.0127998	0.0109099	0.0148551	0.00378312	
2.352e-08	782	0.163548	0.201719	0.965692	0.0526261	0.0448802	0.00984311	0.00856187	0.0147754	0.00370981	
2.358e-08	784	-0.116448	-0.638852	0.760466	0.0296055	0.0433122	0.00661537	0.0139468	0.0112807	0.00404309	
2.364e-08	786	-0.131393	-0.660431	-0.739301	0.0151852	0.0504672	0.012708	0.0114638	0.021905	0.0083766	
2.37e-08	788	0.729702	-0.316609	-0.606048	0.00909642	0.0454182	0.00910765	0.0111831	0.0160325	0.00722365	
2.376e-08	790	-0.17733	0.972003	-0.154154	0.0249742	0.0506995	0.0135079	0.0126839	0.0159038	0.00598005	
2.382e-08	792	-0.805385	0.590416	-0.052573	0.0271513	0.0455737	0.012351	0.0138972	0.00986374	0.00572432	
2.388e-08	794	0.588431	-0.78064	0.210593	0.0403129	0.0398854	0.00894558	0.00920834	0.00841569	0.00380089	
2.394e-08	796	0.740516	0.272207	-0.614442	0.0150673	0.0418283	0.0132307	0.0111284	0.00709502	0.00564383	
2.4e-08	798	0.0557941	0.826863	0.559629	0.0863818	0.046489	0.0115523	0.0117325	0.0129804	0.0043614	
2.406e-08	800	-0.93614	0.160443	0.31289	0.0692818	0.0483034	0.0160707	0.0132263	0.011717	0.00649963	
2.412e-08	802	-0.914803	0.0640677	-0.398786	0.0316153	0.0461136	0.00872726	0.0162242	0.00991512	0.00411443	
2.418e-08	804	-0.261339	0.717793	-0.645349	0.0810137	0.0464885	0.00873703	0.0126409	0.0134278	0.00601464	
2.424e-08	806	-0.640361	0.27823	0.715909	0.0263883	0.0419935	0.00970351	0.0116737	0.00937488	0.00528557	
2.43e-08	808	-0.451304	-0.372311	-0.810993	0.00804089	0.038636	0.00678344	0.00881119	0.00989446	0.00434323	
2.436e-08	810	0.972065	-0.233252	-0.0261505	0.049753	0.0438727	0.0112663	0.00923245	0.0103662	0.00389196	
2.442e-08	812	-0.997539	0.0700805	0.00214051	0.028308	0.0482995	0.0133257	0.00806139	0.0169565	0.0053204	
2.448e-08	814	-0.551448	-0.443586	0.706496	0.0458403	0.0411782	0.0111178	0.0107948	0.00672667	0.00416731	
2.454e-08	816	-0.858738	0.14124	-0.492564	0.0245635	0.0408505	0.0103303	0.00792339	0.0102607	0.00461237	
2.46e-08	818	-0.139983	-0.673763	0.725567	0.0546989	0.0422764	0.00891282	0.00810369	0.00788727	0.00214665	
2.466e-08	820	0.195534	0.0517662	-0.97933	0.0372341	0.0415928	0.00953805	0.00631034	0.0114116	0.00320865	
2.472e-08	822	0.647482	-0.106536	-0.754598	0.0469647	0.038275	0.00926652	0.00778951	0.00678408	0.00339681	
2.478e-08	824	-0.450692	-0.34716	-0.822409	0.0458569	0.0419631	0.012033	0.00903794	0.00954808	0.0052327	
2.484e-08	826	0.0603106	0.683926	0.727054	0.0664279	0.0401853	0.0107688	0.00677297	0.0113232	0.00585413	
2.49e-08	828	-0.266047	-0.309523	-0.912915	0.0509243	0.0418226	0.00924934	0.00984558	0.00926356	0.00349906	
2.496e-08	830	-0.130805	-0.0534111	-0.989968	0.0560088	0.0386801	0.00874275	0.00701426	0.0082274	0.00331034	
2.502e-08	832	-0.644351	0.107923	-0.757076	0.0338539	0.0378244	0.00666104	0.00734059	0.00956283	0.00388671	
2.508e-08	834	-0.246717	0.74517	-0.619558	0.0297269	0.0458204	0.00972405	0.0119876	0.0123251	0.00434227	
2.514e-08	836	0.321475	0.510176	0.797731	0.0501923	0.0406164	0.00847438	0.00859267	0.0103515	0.0046701	
2.52e-08	838	-0.935887	0.176961	0.30463	0.0566482	0.0345683	0.00856514	0.00551351	0.00532597	0.00275335	
2.526e-08	840	-0.724208	0.498193	0.476788	0.054727	0.0324872	0.00778789	0.00520333	0.00482659	0.0033537	
2.532e-08	842	0.66257	-0.727912	-0.176481	0.0284332	0.0380201	0.00789684	0.0103325	0.0056921	0.00378961	
2.538e-08	844	-0.361385	0.405771	0.839495	0.0375116	0.0381413	0.00451482	0.00854562	0.0095357	0.00278311	
2.544e-08	846	0.546103	0.143284	-0.825373	0.0365392	0.0368199	0.00608515	0.00816125	0.00575535	0.00149271	
2.55e-08	848	-0.504279	0.863539	-0.00190468	0.0260625	0.0383706	0.00676619	0.0125578	0.00708896	0.00616992	
2.556e-08	850	0.0356987	-0.183712	-0.982332	0.0406451	0.0342056	0.00573965	0.0090355	0.00554943	0.00422569	
2.562e-08	852	-0.7487	0.123988	0.651211	0.038139	0.0388387	0.00446177	0.00793563	0.0106607	0.00243285	
2.568e-08	854	0.20027	0.915394	0.349208	0.0378234	0.0340198	0.00532365	0.00811409	0.00475954	0.0032792	
2.574e-08	856	0.589198	-0.52517	0.614038	0.0355269	0.037677	0.00771784	0.0114923	0.00387858	0.0034371	
2.58e-08	858	-0.250078	0.358936	0.899236	0.0309739	0.0374727	0.00842614	0.00689401	0.0066432	0.00367761	
2.586e-08	860	0.671195	0.546942	-0.500352	0.0419328	0.0381465	0.00746672	0.00803423	0.00753646	0.00363466	
2.592e-08	862	-0.91983	-0.38636	-0.0681094	0.0206476	0.0356077	0.00769855	0.00598042	0.00561243	0.00284536	
2.598e-08	864	-0.011646	-0.483398	-0.875323	0.0529227	0.0352114	0.00490579	0.00447473	0.00916885	0.00289681	
2.604e-08	866	0.317265	-0.532224	0.784908	0.0274233	0.0348267	0.00338981	0.00905624	0.00600073	0.00243901	
2.61e-08	868	-0.136946	0.187529	-0.972666	0.0234039	0.0342319	0.00514678	0.00787122	0.00564057	0.0031843	
2.616e-08	870	0.689855	0.0399784	0.722843	0.0204429	0.0380854	0.0079388	0.00758659	0.00702016	0.00289622	
2.622e-08	872	-0.181619	0.694951	-0.695742	0.0567998	0.0381966	0.00678907	0.00904106	0.00612155	0.00313793	
2.628e-08	874	0.791485	-0.272572	-0.547043	0.05091	0.0312262	0.00611475	0.00516889	0.00453333	0.00294114	
2.634e-08	876	0.819386	-0.541237	-0.188862	0.059322	0.0340365	0.00569659	0.00606333	0.006876	0.0030501	
2.64e-08	878	-0.944375	0.325995	-0.043387	0.0325409	0.0346803	0.00523014	0.00448953	0.00903277	0.00270961	
2.646e-08	880	-0.257976	-0.934659	0.244663	0.0320743	0.0368786	0.00580158	0.00674131	0.00775286	0.00220804	
2.652e-08	882	-0.612454	-0.0839883	-0.786032	0.0407351	0.0360294	0.0067708	0.00560179	0.0065899	0.00318365	
2.658e-08	884	-0.308552	0.933136	-0.184535	0.0423804	0.0323802	0.00445324	0.00568734	0.0063109	0.00254328	
2.664e-08	886	0.53218	-0.84247	0.0838306	0.00578219	0.0323366	0.0064709	0.00584774	0.00425297	0.00274574	
2.67e-08	888	-0.00506654	0.865856	0.500267	0.0730288	0.0395655	0.00784866	0.01123	0.00455729	0.0032733	
2.676e-08	890	0.305804	-0.952051	0.00911595	0.0451289	0.0332195	0.00431678	0.00836939	0.00407241	0.00335083	
2.682e-08	892	0.456394	-0.610647	-0.647159	0.04389	0.0377703	0.00813302	0.00807994	0.00614523	0.00340422	
2.688e-08	894	-0.812213	0.485538	-0.323362	0.0113494	0.0293732	0.00364343	0.00400291	0.00538923	0.002078	
2.694e-08	896	-0.846851	0.531824	-0.00268024	0.0314435	0.0327908	0.00579353	0.00386696	0.00609189	0.00213079	
2.7e-08	898	-0.400766	0.875292	-0.270649	0.014552	0.032731	0.0051117	0.00544422	0.00572674	0.00228463	
2.706e-08	900	0.9935	-0.0146832	-0.112885	0.0572024	0.0323187	0.00620919	0.00510419	0.00437367	0.00218064	
