#----------------------------------------------------------------------------------------------------------------------------------------------------------
# Output file for vampire simulation
#   time       : 2024-08-29 04:55:08     process id : 211725
#   hostname   : node118.viking2.yor.alces.network
#   path       : /users/ky883/parameter/WS_dia5/AI_Dataset/size_6.0_6.0_8.0/Temp_900/random_1
#----------------------------------------------------------------------------------------------------------------------------------------------------------
6e-11	0	0.000577769	-0.00882141	0.999961	0.99988	0.999842	0	0	0	0	
1.2e-10	2	7.20327e-05	-0.00174285	0.999998	0.998942	0.998946	0.0264095	0.039235	3.71359e-06	3.12779e-06	
1.8e-10	4	-0.00294519	0.00297565	0.999991	0.997896	0.997888	0.0330182	0.0557516	8.7843e-06	8.70459e-06	
2.4e-10	6	0.00487144	0.000744616	0.999988	0.996883	0.996838	0.0574086	0.0464174	9.15168e-06	8.23915e-06	
3e-10	8	0.00158298	-0.00427304	0.99999	0.995567	0.995786	0.107919	0.0441919	1.48311e-05	1.53393e-05	
3.6e-10	10	0.00493925	-0.0079752	0.999956	0.99458	0.994699	0.0485132	0.0449651	1.88655e-05	1.9112e-05	
4.2e-10	12	0.0177534	0.00576684	0.999826	0.993606	0.993669	0.0503269	0.0355786	2.43669e-05	2.0501e-05	
4.8e-10	14	0.0031366	0.00217269	0.999993	0.99225	0.992552	0.0758653	0.0536072	3.1155e-05	2.8733e-05	
5.4e-10	16	0.0104303	-0.0151478	0.999831	0.991301	0.991449	0.0604278	0.0585477	3.7449e-05	3.67317e-05	
6e-10	18	-0.000987683	0.000463071	0.999999	0.990085	0.990459	0.0279808	0.0474469	3.65144e-05	3.39641e-05	
6.6e-10	20	0.00351645	-0.0111229	0.999932	0.989257	0.989386	0.0508161	0.0426166	2.61235e-05	2.50574e-05	
7.2e-10	22	0.00519537	-0.00490137	0.999974	0.988101	0.98833	0.0996856	0.0442835	4.46297e-05	4.64451e-05	
7.8e-10	24	-0.0125633	-0.00160473	0.99992	0.986802	0.987295	0.047038	0.0510807	6.25756e-05	4.9641e-05	
8.4e-10	26	-0.000234781	0.00721038	0.999974	0.986122	0.98618	0.0631976	0.0489238	4.61959e-05	3.70284e-05	
9e-10	28	-0.00645258	0.000212137	0.999979	0.984126	0.984989	0.0720571	0.0407499	6.68142e-05	8.40789e-05	
9.6e-10	30	-0.00788443	0.000157739	0.999969	0.984333	0.983955	0.0426738	0.0398388	5.67499e-05	6.02476e-05	
1.02e-09	32	0.0142681	0.0169198	0.999755	0.982569	0.982943	0.0656943	0.0556426	7.72184e-05	6.49746e-05	
1.08e-09	34	0.0050841	-0.00106251	0.999987	0.982037	0.981921	0.0578014	0.076253	7.45706e-05	6.17729e-05	
1.14e-09	36	0.0133672	0.013163	0.999824	0.980586	0.980705	0.047798	0.0738571	0.000136205	9.91467e-05	
1.2e-09	38	-0.0130991	-0.0185561	0.999742	0.979934	0.979633	0.0901174	0.0804653	7.37137e-05	7.26367e-05	
1.26e-09	40	0.00720199	0.0131092	0.999888	0.978515	0.978734	0.0505189	0.0840196	0.000129107	0.000125831	
1.32e-09	42	0.00282232	-0.00318276	0.999991	0.977438	0.977327	0.0598475	0.0557215	0.000144031	0.000110635	
1.38e-09	44	-0.00593216	-0.002764	0.999979	0.975482	0.976555	0.0494516	0.055487	8.41585e-05	8.3456e-05	
1.44e-09	46	-0.0185491	0.00933323	0.999784	0.975452	0.97533	0.0578491	0.0673797	0.000123674	0.000122101	
1.5e-09	48	0.00305409	-0.0120839	0.999922	0.974786	0.974321	0.0736297	0.102438	9.87498e-05	7.25169e-05	
1.56e-09	50	-0.0167792	0.00599401	0.999841	0.971587	0.973021	0.0595083	0.0644867	0.00014049	0.000135284	
1.62e-09	52	-0.00503711	-0.0114772	0.999921	0.970835	0.971903	0.0424823	0.055791	0.000138237	0.00014955	
1.68e-09	54	-0.00263488	-0.00634159	0.999976	0.970991	0.970701	0.048499	0.0757044	9.84225e-05	7.94198e-05	
1.74e-09	56	0.00977327	-0.0325557	0.999422	0.969602	0.969905	0.0759891	0.078263	0.000181767	0.000137725	
1.8e-09	58	0.00272983	-5.37454e-05	0.999996	0.96842	0.968604	0.0454203	0.0599255	0.000241285	0.000222721	
1.86e-09	60	0.0184757	0.0243576	0.999533	0.966558	0.967721	0.0412354	0.049897	0.000113164	0.000101384	
1.92e-09	62	0.0019732	-0.0134672	0.999907	0.965198	0.966574	0.0354568	0.0411792	0.000159481	0.000141506	
1.98e-09	64	0.0147456	-0.0212484	0.999665	0.966399	0.965241	0.0755513	0.0417691	0.000163913	0.000110855	
2.04e-09	66	0.0187979	0.00390801	0.999816	0.964392	0.964228	0.0549147	0.0380482	0.000232499	0.000216966	
2.1e-09	68	-0.0032259	0.0287352	0.999582	0.963086	0.962954	0.0875518	0.0447138	0.000171918	0.000142544	
2.16e-09	70	0.010008	0.0138596	0.999854	0.962434	0.962084	0.0672859	0.0518282	0.000119077	0.000102222	
2.22e-09	72	-0.0101712	-0.011932	0.999877	0.959883	0.960756	0.0609502	0.0586648	0.000180317	0.000128896	
2.28e-09	74	-0.00621646	0.0148039	0.999871	0.959149	0.959873	0.0420235	0.0579098	0.000167479	0.000136601	
2.34e-09	76	0.0264813	-0.00266481	0.999646	0.959174	0.958915	0.0509635	0.0730403	0.000107282	0.000113947	
2.4e-09	78	-0.0148896	0.0198246	0.999693	0.957541	0.957521	0.045314	0.0300515	0.000222168	0.000195367	
2.46e-09	80	-0.00273767	-0.0176247	0.999841	0.95689	0.956474	0.0544431	0.0600223	0.000178561	0.000141879	
2.52e-09	82	0.0166778	0.0164528	0.999726	0.95574	0.955277	0.0407699	0.0474613	0.000139959	0.000111568	
2.58e-09	84	0.0225327	0.0144643	0.999641	0.954824	0.954232	0.0360766	0.0435209	0.000202474	0.000167023	
2.64e-09	86	-0.00565617	-0.022045	0.999741	0.954132	0.953256	0.0450012	0.0659815	0.000152421	0.000129288	
2.7e-09	88	-0.0125971	-0.0171351	0.999774	0.95056	0.952119	0.084016	0.0321491	0.000195726	0.000175824	
2.76e-09	90	0.0117797	0.018144	0.999766	0.950077	0.950412	0.0347929	0.0603992	0.000261006	0.000272697	
2.82e-09	92	-0.00393912	0.00233196	0.99999	0.948851	0.949723	0.0357942	0.0647606	0.000209401	0.000209638	
2.88e-09	94	0.0110649	-0.0283189	0.999538	0.946342	0.948719	0.0347115	0.0392165	0.000250228	0.000261258	
2.94e-09	96	0.0302761	0.00958199	0.999496	0.947572	0.947502	0.0659053	0.0392822	0.000249673	0.000257026	
3e-09	98	0.00840917	0.000237716	0.999965	0.946727	0.945915	0.0786515	0.0594871	0.000251709	0.00020396	
3.06e-09	100	0.00239389	-0.0219631	0.999756	0.94459	0.944902	0.0538639	0.0734717	0.000166495	0.00014985	
3.12e-09	102	0.0416673	-0.0268985	0.998769	0.942611	0.944121	0.0395462	0.0630517	0.000206514	0.000164646	
3.18e-09	104	0.0152731	-0.0208165	0.999667	0.941853	0.94288	0.0879403	0.0470743	0.000235202	0.000229624	
3.24e-09	106	-0.0299979	-0.0280895	0.999155	0.94275	0.941681	0.0847913	0.0523102	0.000229093	0.000192843	
3.3e-09	108	-0.0122062	-0.00870722	0.999888	0.94155	0.940116	0.0497123	0.0257112	0.000208359	0.00017595	
3.36e-09	110	-0.00344329	0.00497805	0.999982	0.939	0.939839	0.0361236	0.055838	0.000213183	0.000223914	
3.42e-09	112	-0.0408077	0.0174094	0.999015	0.939498	0.93825	0.0398838	0.0790286	0.000270623	0.00027198	
3.48e-09	114	0.00304457	-0.010146	0.999944	0.936409	0.937013	0.0745289	0.0517778	0.000183748	0.000200742	
3.54e-09	116	-0.00111532	-0.0132984	0.999911	0.935867	0.935835	0.042269	0.0393651	0.000388844	0.00035111	
3.6e-09	118	0.00212542	-0.0153838	0.999879	0.93622	0.934687	0.0636254	0.034121	0.000320829	0.000299946	
3.66e-09	120	-0.0187414	0.00271783	0.999821	0.934446	0.933648	0.0688814	0.0418326	0.000174804	0.000137855	
3.72e-09	122	-0.0311492	0.0273164	0.999141	0.930559	0.932506	0.0666339	0.0319095	0.000368562	0.0003598	
3.78e-09	124	0.00186936	-0.0262423	0.999654	0.930929	0.93082	0.0703758	0.0524986	0.000178709	0.000146885	
3.84e-09	126	-0.0210768	-0.0302209	0.999321	0.930276	0.929613	0.0597774	0.0283146	0.000357395	0.000343371	
3.9e-09	128	-0.0352454	-0.0124058	0.999302	0.928382	0.92924	0.0493907	0.092162	0.000443299	0.000299553	
3.96e-09	130	-0.0186974	-1.02212e-05	0.999825	0.925006	0.927729	0.065948	0.0718235	0.000353418	0.000276386	
4.02e-09	132	-0.00608778	0.0566241	0.998377	0.930549	0.927085	0.0543812	0.0548659	0.000415594	0.000450081	
4.08e-09	134	0.0124374	-0.00776323	0.999893	0.924535	0.925508	0.0410105	0.0651612	0.000411839	0.000357852	
4.14e-09	136	-0.00583866	-0.00118308	0.999982	0.923107	0.923731	0.0547289	0.0392721	0.000200836	0.000208164	
4.2e-09	138	0.000345517	-0.00694225	0.999976	0.920941	0.922733	0.0621192	0.0619674	0.000399382	0.000406481	
4.26e-09	140	0.00794824	-0.0252719	0.999649	0.922196	0.921624	0.0450989	0.0305282	0.000277309	0.000270573	
4.32e-09	142	0.00184038	-0.0131075	0.999912	0.921124	0.920133	0.0581872	0.0426675	0.000323896	0.000255152	
4.38e-09	144	0.0207425	0.020689	0.999571	0.919799	0.919184	0.0756433	0.0522162	0.000394512	0.000406689	
4.44e-09	146	0.00793714	-0.0364047	0.999306	0.918082	0.918269	0.0541109	0.0873994	0.000323166	0.000306019	
4.5e-09	148	-0.0291893	0.022193	0.999328	0.913722	0.916585	0.0566148	0.0485435	0.000293448	0.000287757	
4.56e-09	150	-0.0100499	0.012837	0.999867	0.916842	0.915557	0.0689457	0.068987	0.000368448	0.000309652	
4.62e-09	152	-0.0267867	0.0358173	0.998999	0.915983	0.914605	0.0441368	0.059169	0.000402927	0.000415647	
4.68e-09	154	-0.000454493	0.00951128	0.999955	0.914151	0.913039	0.0775762	0.0662519	0.000695729	0.00045436	
4.74e-09	156	0.00421944	-0.0125851	0.999912	0.912568	0.912224	0.0407983	0.0316497	0.000394623	0.000327405	
4.8e-09	158	-0.00781627	-0.0130018	0.999885	0.910211	0.910569	0.0450775	0.059558	0.000426013	0.00042451	
4.86e-09	160	0.0445509	-0.0358409	0.998364	0.909129	0.909656	0.0415751	0.06597	0.000582089	0.000532696	
4.92e-09	162	-0.00557475	-0.0339263	0.999409	0.907863	0.908157	0.0557326	0.0324008	0.000494643	0.000480973	
4.98e-09	164	-0.000241306	0.0531185	0.998588	0.90739	0.90719	0.0536763	0.0822711	0.000538388	0.000525739	
5.04e-09	166	0.00101884	0.0169986	0.999855	0.904265	0.905663	0.0327257	0.0429432	0.000428066	0.000368147	
5.1e-09	168	-0.00922286	-0.024439	0.999659	0.904953	0.904555	0.0173156	0.0621036	0.000390267	0.000352524	
5.16e-09	170	-0.023288	0.00358394	0.999722	0.900484	0.902786	0.0358344	0.0971958	0.000625377	0.000577048	
5.22e-09	172	0.0607077	-0.017498	0.998002	0.902954	0.901634	0.0393626	0.0599712	0.000280918	0.000245727	
5.28e-09	174	0.0331115	0.0197529	0.999256	0.896683	0.90004	0.0668489	0.0415836	0.000464933	0.00042698	
5.34e-09	176	0.00945029	0.00443505	0.999946	0.900399	0.899667	0.0610248	0.052082	0.000532412	0.000485998	
5.4e-09	178	-0.0474595	-0.0180509	0.99871	0.899078	0.898405	0.112385	0.0443284	0.000592231	0.000501569	
5.46e-09	180	0.0372749	-0.0106767	0.999248	0.902495	0.897073	0.0541913	0.0608615	0.0007333	0.000724052	
5.52e-09	182	-0.00289713	-0.0139263	0.999899	0.895071	0.895627	0.0463706	0.0723292	0.000521365	0.000505492	
5.58e-09	184	0.0391634	-0.0616467	0.997329	0.893189	0.893857	0.113375	0.0516614	0.000489718	0.000375666	
5.64e-09	186	0.0232527	0.0096361	0.999683	0.894038	0.89453	0.0669984	0.0468186	0.000590081	0.000515212	
5.7e-09	188	-0.041923	0.0358677	0.998477	0.893026	0.892064	0.0337692	0.055824	0.000643584	0.000587957	
5.76e-09	190	-0.0170348	0.0177258	0.999698	0.88722	0.890902	0.0683608	0.0555011	0.000267227	0.000291849	
5.82e-09	192	-0.0492118	-0.0150314	0.998675	0.891306	0.889625	0.0644311	0.0368679	0.000359539	0.00031902	
5.88e-09	194	-0.00683028	-0.014121	0.999877	0.888906	0.888945	0.063072	0.0677823	0.000438908	0.000284004	
5.94e-09	196	0.000838514	-0.0121754	0.999926	0.889039	0.887456	0.0593514	0.0432291	0.000480363	0.00046544	
6e-09	198	-0.0109334	0.0223839	0.99969	0.888227	0.885403	0.0355256	0.102204	0.000693332	0.000683132	
6.06e-09	200	0.015654	-0.0475274	0.998747	0.885704	0.883855	0.0487753	0.115054	0.000772011	0.000596002	
6.12e-09	202	0.035236	0.0157566	0.999255	0.878874	0.883891	0.0414917	0.0548038	0.000658764	0.000569246	
6.18e-09	204	0.0303426	0.00393502	0.999532	0.882283	0.882572	0.0654766	0.0382989	0.000780381	0.000838258	
6.24e-09	206	-0.0137063	0.0165155	0.99977	0.881687	0.88116	0.031547	0.0452654	0.000467714	0.000494812	
6.3e-09	208	0.0192971	-0.0297945	0.99937	0.882184	0.879258	0.0433629	0.031881	0.000541962	0.000489276	
6.36e-09	210	0.00184829	0.000811422	0.999998	0.877398	0.877928	0.0638161	0.066176	0.000849794	0.000681039	
6.42e-09	212	-0.0178544	0.00354337	0.999834	0.878546	0.877261	0.0413528	0.0542812	0.000546004	0.000495262	
6.48e-09	214	-0.0580407	-0.0138241	0.998218	0.875222	0.875579	0.0599351	0.0561474	0.000265424	0.000274486	
6.54e-09	216	0.0162057	0.0615386	0.997973	0.87212	0.874167	0.132462	0.0553633	0.000744861	0.000607036	
6.6e-09	218	-0.0472397	0.0557993	0.997324	0.87038	0.872865	0.0716924	0.087862	0.000451923	0.000313359	
6.66e-09	220	-0.0116781	0.0144602	0.999827	0.871687	0.871281	0.0819056	0.0496508	0.000430931	0.000419518	
6.72e-09	222	0.050364	0.00324669	0.998726	0.865903	0.869758	0.0378176	0.0780813	0.000563453	0.000420466	
6.78e-09	224	-0.0321905	0.0173209	0.999332	0.870618	0.867672	0.0503056	0.0384226	0.000873944	0.000852083	
6.84e-09	226	-0.0380909	0.0239097	0.998988	0.861102	0.868	0.0517729	0.0757184	0.000820494	0.000593801	
6.9e-09	228	0.0542386	0.018519	0.998356	0.864481	0.865514	0.0671214	0.0608563	0.000633505	0.000503265	
6.96e-09	230	-0.0626881	0.0370377	0.997346	0.868792	0.865026	0.0562144	0.0672886	0.0006507	0.000628169	
7.02e-09	232	-0.0100063	-0.0334689	0.99939	0.860434	0.864237	0.0833238	0.0600783	0.000632844	0.000620586	
7.08e-09	234	0.0575478	-0.00860117	0.998306	0.86103	0.862577	0.0731441	0.0344835	0.00111586	0.00085839	
7.14e-09	236	0.00728269	0.0187375	0.999798	0.860869	0.861839	0.0733188	0.0667217	0.000650173	0.00072485	
7.2e-09	238	-0.0215406	-0.00317333	0.999763	0.865047	0.859906	0.0535861	0.0456225	0.000743165	0.000616763	
7.26e-09	240	-0.0834186	0.00581404	0.996498	0.862497	0.85804	0.0752006	0.0671038	0.000713217	0.000776268	
7.32e-09	242	-0.0712869	0.00893819	0.997416	0.85618	0.856257	0.0996654	0.0528952	0.000808707	0.000671017	
7.38e-09	244	0.0108888	0.0019345	0.999939	0.853611	0.855831	0.0334861	0.0586199	0.000755242	0.000622244	
7.44e-09	246	-0.0367295	-0.0572702	0.997683	0.858123	0.853465	0.072914	0.0589445	0.000898829	0.000855966	
7.5e-09	248	-0.0345945	-0.029783	0.998958	0.854715	0.853073	0.0736114	0.029846	0.000714705	0.000680574	
7.56e-09	250	-0.0112471	0.00463622	0.999926	0.851999	0.85057	0.0959071	0.0727121	0.00103934	0.000881169	
7.62e-09	252	0.0311412	0.0258076	0.999182	0.850849	0.849732	0.0682981	0.0667786	0.00121283	0.0011824	
7.68e-09	254	-0.0218745	0.0246714	0.999456	0.85182	0.848922	0.0377726	0.0592317	0.000811419	0.000735802	
7.74e-09	256	0.0795237	-0.0192223	0.996648	0.851164	0.846061	0.0424275	0.0437441	0.000796378	0.000840539	
7.8e-09	258	0.016668	0.0140316	0.999763	0.847163	0.845592	0.0408797	0.0523642	0.000622689	0.000611932	
7.86e-09	260	0.0194487	-0.0135391	0.999719	0.847	0.84417	0.0800341	0.108289	0.000906395	0.000658275	
7.92e-09	262	-0.0271707	-0.0336777	0.999063	0.841068	0.843404	0.0546155	0.0923742	0.000670142	0.000542328	
7.98e-09	264	-0.0296272	0.0377249	0.998849	0.844409	0.840942	0.0503844	0.1095	0.0016759	0.00109751	
8.04e-09	266	-0.0108856	-0.0326257	0.999408	0.845453	0.84069	0.0988031	0.0398456	0.00106245	0.000843179	
8.1e-09	268	0.0126024	0.0102053	0.999869	0.844604	0.839077	0.0468506	0.0364068	0.00111955	0.000856682	
8.16e-09	270	0.0193105	0.0194418	0.999624	0.837844	0.837781	0.067295	0.0635093	0.000878758	0.000634395	
8.22e-09	272	-0.000590064	0.072065	0.9974	0.835111	0.835988	0.0672775	0.103059	0.000768586	0.000566944	
8.28e-09	274	0.00163867	0.0382308	0.999268	0.828769	0.835262	0.135655	0.037228	0.00104595	0.000759579	
8.34e-09	276	-0.00605074	0.0937928	0.995573	0.827246	0.834146	0.0595556	0.0818166	0.00121704	0.000783611	
8.4e-09	278	0.0135981	0.0502036	0.998646	0.829034	0.831249	0.0601635	0.0882263	0.000523192	0.000548726	
8.46e-09	280	-0.0159727	-0.0135798	0.99978	0.828443	0.83032	0.0620261	0.0451706	0.000697411	0.000682167	
8.52e-09	282	-0.0283115	-0.0167314	0.999459	0.830256	0.829122	0.0711682	0.0645396	0.000746104	0.000782315	
8.58e-09	284	-0.0138082	-0.0801325	0.996689	0.825432	0.827015	0.0761507	0.0630477	0.00121384	0.00107213	
8.64e-09	286	-0.0214221	0.00440734	0.999761	0.82966	0.826098	0.0566095	0.0645133	0.00113089	0.000826414	
8.7e-09	288	-0.0078058	0.0407658	0.999138	0.825474	0.826098	0.0369228	0.0798518	0.000985792	0.000997528	
8.76e-09	290	-0.0126906	0.0175958	0.999765	0.819645	0.823937	0.0652483	0.0503339	0.000915594	0.000761911	
8.82e-09	292	-0.0408279	0.00063625	0.999166	0.821025	0.82116	0.0394692	0.0885096	0.00140681	0.00113465	
8.88e-09	294	0.0255962	0.0557537	0.998116	0.823023	0.820012	0.067108	0.0421857	0.000927419	0.000804588	
8.94e-09	296	-0.051258	0.0585246	0.996969	0.813975	0.818316	0.0678867	0.0604554	0.00145614	0.00115565	
9e-09	298	0.00725425	0.00684621	0.99995	0.810753	0.817827	0.0348717	0.0394902	0.00148365	0.00126708	
9.06e-09	300	0.0251185	0.0153656	0.999566	0.81451	0.815498	0.0985728	0.0567651	0.000703073	0.000620416	
9.12e-09	302	-0.0404176	-0.00283248	0.999179	0.811389	0.814949	0.0954072	0.0747837	0.000939603	0.000879212	
9.18e-09	304	-0.0549877	0.0129253	0.998403	0.812316	0.813889	0.0576808	0.0581977	0.000734223	0.000628309	
9.24e-09	306	0.0142266	-0.0409678	0.999059	0.809593	0.810208	0.115416	0.0452981	0.00108602	0.00077755	
9.3e-09	308	0.0474019	-0.00249813	0.998873	0.800531	0.808426	0.0458139	0.0319455	0.00152088	0.00147595	
9.36e-09	310	-0.0658813	-0.0370274	0.99714	0.80854	0.8086	0.0578627	0.0673093	0.0012083	0.000935953	
9.42e-09	312	0.0141424	-0.0219974	0.999658	0.807704	0.806727	0.0912284	0.07606	0.00131803	0.00104446	
9.48e-09	314	0.0365096	-0.0393941	0.998557	0.814945	0.806028	0.0554453	0.0524388	0.00103496	0.000805619	
9.54e-09	316	0.110093	0.014643	0.993813	0.807515	0.803749	0.0747194	0.0397969	0.00131806	0.00118546	
9.6e-09	318	0.0128349	-0.122232	0.992419	0.799722	0.801282	0.0733123	0.0546291	0.000939648	0.000755981	
9.66e-09	320	-0.0034652	-0.0298712	0.999548	0.799579	0.799457	0.0862791	0.08908	0.0010031	0.000805282	
9.72e-09	322	0.0108158	-0.0313766	0.999449	0.801277	0.798979	0.0621498	0.0688366	0.00155322	0.00110651	
9.78e-09	324	0.0165302	-0.0373225	0.999167	0.792306	0.797595	0.0606593	0.0557985	0.00162954	0.00147913	
9.84e-09	326	0.0344635	0.037888	0.998688	0.796225	0.796646	0.0727194	0.0843248	0.00137978	0.00109584	
9.9e-09	328	0.000263452	0.0695751	0.997577	0.803366	0.792996	0.0523884	0.0911322	0.0021785	0.00206003	
9.96e-09	330	0.0166971	0.0456944	0.998816	0.78505	0.792816	0.0736572	0.0891499	0.00141359	0.00125662	
1.002e-08	332	0.0451466	0.0337214	0.998411	0.785262	0.79203	0.0907567	0.0484323	0.00109503	0.0010339	
1.008e-08	334	-0.0265523	0.0449004	0.998639	0.786915	0.789436	0.0970488	0.0361307	0.00137929	0.00110144	
1.014e-08	336	-0.0234632	-0.0403027	0.998912	0.790747	0.788768	0.0273146	0.0602612	0.00101143	0.0010989	
1.02e-08	338	0.0466543	-0.0382559	0.998178	0.781507	0.785983	0.0868435	0.0742597	0.00131084	0.000790079	
1.026e-08	340	-0.0191072	0.0101108	0.999766	0.790809	0.785429	0.0515303	0.0307522	0.000864077	0.00087369	
1.032e-08	342	0.0466149	-0.0197463	0.998718	0.787002	0.782978	0.0526665	0.0623947	0.00156564	0.00140565	
1.038e-08	344	0.00630821	-0.037587	0.999273	0.785866	0.781064	0.0479354	0.069507	0.000893299	0.000715196	
1.044e-08	346	-0.154643	-0.0269551	0.987603	0.780902	0.780923	0.0744676	0.0463687	0.00175517	0.00147896	
1.05e-08	348	0.0477549	-0.0144843	0.998754	0.778788	0.77856	0.0502196	0.0672899	0.00193504	0.00177058	
1.056e-08	350	0.0501795	0.0236004	0.998461	0.768078	0.775722	0.0536612	0.095759	0.00296698	0.00270311	
1.062e-08	352	-0.00253937	0.00830223	0.999962	0.77381	0.777143	0.0565916	0.0754985	0.00112311	0.00121678	
1.068e-08	354	-0.0520813	0.0772526	0.99565	0.770313	0.773402	0.0874232	0.06234	0.00169878	0.00146637	
1.074e-08	356	0.0290701	0.0338922	0.999003	0.77125	0.771736	0.0805337	0.0907929	0.00306522	0.00271896	
1.08e-08	358	-0.00611785	-0.039779	0.99919	0.772546	0.768282	0.046344	0.0496722	0.0014986	0.00147594	
1.086e-08	360	-0.0255292	-0.0272001	0.999304	0.765207	0.768802	0.0578186	0.07331	0.00179903	0.00136631	
1.092e-08	362	0.00540494	-0.0252794	0.999666	0.754566	0.765	0.0666674	0.0589392	0.00173139	0.00136417	
1.098e-08	364	-0.0173953	0.0408786	0.999013	0.771153	0.763805	0.0767846	0.0677238	0.00176278	0.00136118	
1.104e-08	366	0.0335146	-0.0180258	0.999276	0.766341	0.763553	0.0379282	0.0570098	0.00109966	0.00105325	
1.11e-08	368	-0.0108122	0.0370197	0.999256	0.767044	0.760522	0.0667889	0.047173	0.00155735	0.00141005	
1.116e-08	370	-0.00261877	0.0259196	0.999661	0.759207	0.76009	0.054013	0.0363953	0.00242233	0.00224831	
1.122e-08	372	0.044262	-0.0697432	0.996583	0.758941	0.756249	0.059992	0.102682	0.00276441	0.00250588	
1.128e-08	374	0.0790494	-0.0220278	0.996627	0.753568	0.757933	0.0597915	0.0770117	0.00150948	0.00149291	
1.134e-08	376	0.0434236	0.0978004	0.994258	0.762465	0.754881	0.0409619	0.091367	0.00216465	0.00198048	
1.14e-08	378	-0.039036	-0.0953968	0.994674	0.754287	0.753186	0.0546618	0.0873751	0.00142139	0.00134214	
1.146e-08	380	-0.0303802	0.00272974	0.999535	0.750325	0.752166	0.0513637	0.0522671	0.00123682	0.000930994	
1.152e-08	382	-0.0964462	0.0933217	0.990954	0.747376	0.751403	0.0852192	0.0551224	0.0022219	0.00185726	
1.158e-08	384	0.0081445	-0.0786539	0.996869	0.749337	0.748027	0.0771238	0.0578211	0.00231846	0.00181746	
1.164e-08	386	0.012278	-0.00883569	0.999886	0.74806	0.747183	0.146629	0.0907797	0.00206323	0.00157392	
1.17e-08	388	-0.00682465	0.0061972	0.999958	0.747702	0.745968	0.0509186	0.0459022	0.0011933	0.00131376	
1.176e-08	390	0.084011	-0.0479614	0.99531	0.737332	0.742843	0.0740838	0.0748519	0.00102067	0.000845461	
1.182e-08	392	0.0332531	0.0133613	0.999358	0.748746	0.743202	0.09132	0.0749034	0.0012998	0.00111844	
1.188e-08	394	0.0384782	-0.0683051	0.996922	0.729018	0.739533	0.0968404	0.0725087	0.00223843	0.00181318	
1.194e-08	396	-0.0487369	0.0441095	0.997837	0.737965	0.73814	0.103204	0.0657307	0.00237606	0.00157712	
1.2e-08	398	0.0775997	0.00760044	0.996956	0.730762	0.735972	0.0558825	0.0939894	0.00166061	0.0014086	
1.206e-08	400	-0.0135307	-0.0107069	0.999851	0.736265	0.734065	0.0278314	0.0796291	0.00109432	0.000737074	
1.212e-08	402	-0.107058	0.129682	0.985759	0.73189	0.732974	0.086591	0.0860384	0.0018414	0.0017309	
1.218e-08	404	0.0243577	0.066832	0.997467	0.732596	0.730645	0.0708301	0.0491554	0.00170941	0.00187552	
1.224e-08	406	0.0436714	0.170979	0.984306	0.731609	0.729609	0.10329	0.0871035	0.00191787	0.00162347	
1.23e-08	408	-0.0493007	-0.0342863	0.998195	0.737265	0.727716	0.0937281	0.083897	0.00228753	0.00212127	
1.236e-08	410	-0.0182794	-0.118685	0.992764	0.730289	0.725801	0.0631173	0.124049	0.00206123	0.00167086	
1.242e-08	412	0.0671741	0.0422167	0.996848	0.720424	0.722058	0.0594137	0.0624195	0.00208227	0.00205174	
1.248e-08	414	-0.0630065	0.0700047	0.995555	0.731128	0.721613	0.0940066	0.0523505	0.00213771	0.0020236	
1.254e-08	416	0.0722237	0.0590134	0.995641	0.712948	0.717359	0.0606216	0.0655704	0.00196623	0.00209683	
1.26e-08	418	-0.0478884	0.013168	0.998766	0.721995	0.718143	0.0637015	0.0724416	0.00140943	0.00116479	
1.266e-08	420	0.000497806	-0.00284117	0.999996	0.724288	0.716304	0.0864329	0.118489	0.0020429	0.00180578	
1.272e-08	422	0.127353	0.0534307	0.990417	0.725082	0.71362	0.0682629	0.0396161	0.0018881	0.00177586	
1.278e-08	424	-0.00461275	0.00758638	0.999961	0.706475	0.710007	0.0618302	0.0550251	0.00226959	0.00213711	
1.284e-08	426	0.0216962	0.0377294	0.999052	0.721792	0.709111	0.0698564	0.061568	0.00197241	0.0015637	
1.29e-08	428	-0.0483667	0.021369	0.998601	0.703126	0.707222	0.0644876	0.0649644	0.0029742	0.00247253	
1.296e-08	430	-0.0173344	0.0552299	0.998323	0.699793	0.703253	0.0952782	0.0464517	0.00242244	0.00175794	
1.302e-08	432	0.0133661	0.104748	0.994409	0.705025	0.704316	0.0492503	0.0997032	0.00298596	0.00188597	
1.308e-08	434	-0.0813091	-0.119323	0.989521	0.697315	0.701906	0.0582962	0.0626274	0.00191943	0.0016187	
1.314e-08	436	0.0496291	0.039735	0.997977	0.699197	0.700427	0.0753551	0.0553936	0.00171075	0.00177257	
1.32e-08	438	0.0229587	-0.011644	0.999669	0.687345	0.697953	0.0456795	0.132793	0.0028512	0.0021395	
1.326e-08	440	-0.00137989	-0.0634567	0.997984	0.684996	0.693064	0.0457187	0.08714	0.00400212	0.00392334	
1.332e-08	442	0.0946339	-0.00265845	0.995509	0.685133	0.696147	0.119258	0.127904	0.00289443	0.0028887	
1.338e-08	444	-0.0493393	0.12852	0.990479	0.695897	0.690761	0.063456	0.103785	0.00193862	0.00135252	
1.344e-08	446	0.0591954	-0.013094	0.998161	0.684393	0.69244	0.058632	0.0378496	0.0021125	0.00173864	
1.35e-08	448	-0.0169377	0.0165122	0.99972	0.672855	0.684323	0.0561327	0.0912015	0.00321525	0.00268499	
1.356e-08	450	-0.0716254	-0.0614568	0.995536	0.680208	0.684658	0.040239	0.0632326	0.00256418	0.00215305	
1.362e-08	452	-0.0107	0.0873881	0.996117	0.676869	0.684187	0.118667	0.0611957	0.00399754	0.00308117	
1.368e-08	454	-0.0820329	0.0411504	0.99578	0.685671	0.682213	0.0849724	0.100148	0.00169064	0.00155424	
1.374e-08	456	-0.0119682	-0.0497553	0.99869	0.672375	0.678392	0.059572	0.122518	0.00264474	0.00200848	
1.38e-08	458	0.056854	0.0447394	0.99738	0.679479	0.676456	0.089738	0.0790749	0.0033518	0.00295745	
1.386e-08	460	-0.088627	-0.00805162	0.996032	0.679945	0.67319	0.0674467	0.0280835	0.00275719	0.00245623	
1.392e-08	462	-0.0841582	0.0264711	0.996101	0.681401	0.67463	0.0811114	0.0755496	0.00471998	0.00418294	
1.398e-08	464	-0.0192246	0.00533015	0.999801	0.670166	0.674324	0.0757576	0.0533335	0.00251312	0.00175423	
1.404e-08	466	-0.0700884	0.0903606	0.99344	0.669105	0.669107	0.0439006	0.0737295	0.00161197	0.00150234	
1.41e-08	468	-0.0933598	-0.167955	0.981364	0.683079	0.668026	0.111129	0.0738971	0.00187236	0.00202488	
1.416e-08	470	-0.027703	0.033459	0.999056	0.670567	0.664238	0.0851538	0.0816039	0.00309665	0.00240094	
1.422e-08	472	0.0371873	-0.00659888	0.999287	0.66949	0.658984	0.0674119	0.090037	0.00359133	0.00263842	
1.428e-08	474	0.0626311	0.014583	0.99793	0.660974	0.660132	0.0979046	0.0493272	0.00245422	0.00215432	
1.434e-08	476	-0.0870768	-0.139002	0.986456	0.6458	0.655672	0.0490975	0.091665	0.00257498	0.00218196	
1.44e-08	478	0.0171984	0.133451	0.990906	0.659663	0.655303	0.0991933	0.100985	0.00273167	0.00157638	
1.446e-08	480	-0.106785	0.0543026	0.992798	0.652316	0.651798	0.0614542	0.0531282	0.00315748	0.00294677	
1.452e-08	482	0.146791	-0.050234	0.987891	0.633722	0.647096	0.0872081	0.0665092	0.00361467	0.00288673	
1.458e-08	484	-0.0183108	-0.0374875	0.999129	0.640593	0.646831	0.0538884	0.074214	0.00227487	0.0026269	
1.464e-08	486	-0.00720971	-0.0154468	0.999855	0.657838	0.646738	0.113341	0.0968261	0.00376682	0.00243888	
1.47e-08	488	-0.0809496	0.0405561	0.995893	0.647075	0.643488	0.0444058	0.0868005	0.00317077	0.0024948	
1.476e-08	490	-0.0199518	-0.0242438	0.999507	0.615574	0.638132	0.0651531	0.093543	0.0036839	0.00405176	
1.482e-08	492	-0.0711181	0.0184046	0.997298	0.637934	0.637884	0.1021	0.0991822	0.00522025	0.00448265	
1.488e-08	494	-0.0658385	-0.0204102	0.997622	0.650046	0.635387	0.0417918	0.0531456	0.00297593	0.00236879	
1.494e-08	496	-0.111859	0.0551311	0.992194	0.649138	0.632873	0.0716319	0.0806287	0.0060315	0.00431984	
1.5e-08	498	0.0679307	-0.0674	0.995411	0.611958	0.627041	0.091945	0.0830837	0.00619689	0.00512304	
1.506e-08	500	0.105162	0.16039	0.981436	0.626078	0.630106	0.0826851	0.0971552	0.00329726	0.00276725	
1.512e-08	502	0.0480559	-0.0765373	0.995908	0.623142	0.625451	0.0797713	0.0461571	0.00224258	0.00213315	
1.518e-08	504	0.0456325	-0.0102557	0.998906	0.616814	0.626352	0.0766736	0.115994	0.00280576	0.00287022	
1.524e-08	506	-0.00522929	-0.0897674	0.995949	0.61701	0.619366	0.066001	0.173265	0.00529676	0.00280508	
1.53e-08	508	-0.0138206	-0.0232881	0.999633	0.62102	0.61912	0.102941	0.147024	0.00390969	0.00213452	
1.536e-08	510	0.0117252	-0.0196887	0.999737	0.612186	0.613275	0.0745606	0.0649502	0.00457453	0.00368303	
1.542e-08	512	0.191547	-0.102633	0.976103	0.61273	0.610402	0.136006	0.098806	0.00595017	0.00402065	
1.548e-08	514	-0.118872	-0.0631679	0.990898	0.600442	0.612136	0.0776041	0.0808578	0.00399855	0.00271246	
1.554e-08	516	0.107873	-0.0641625	0.992092	0.617891	0.610071	0.0593448	0.0724314	0.00647668	0.00547789	
1.56e-08	518	-0.0975181	0.0632695	0.993221	0.586278	0.610755	0.081169	0.0898461	0.00442852	0.00358925	
1.566e-08	520	-0.106374	-0.0739305	0.991574	0.603188	0.602987	0.0727215	0.0888587	0.00423983	0.00370736	
1.572e-08	522	0.0997649	-0.0482667	0.99384	0.594738	0.599286	0.0387542	0.0579651	0.002834	0.0025503	
1.578e-08	524	0.0567114	0.0143744	0.998287	0.601828	0.59945	0.0380402	0.0875079	0.00432664	0.00418833	
1.584e-08	526	0.0726246	0.0277448	0.996973	0.59701	0.597993	0.0905247	0.0770616	0.00364434	0.00326825	
1.59e-08	528	-0.0219566	-0.0170509	0.999614	0.575668	0.58892	0.0825172	0.0941244	0.00417897	0.00394096	
1.596e-08	530	-0.0292116	-0.196188	0.980131	0.591045	0.587749	0.0521198	0.12819	0.00370257	0.00281097	
1.602e-08	532	0.0808938	0.0164074	0.996588	0.570169	0.586229	0.127467	0.0758792	0.00455923	0.00413849	
1.608e-08	534	0.101098	0.0211132	0.994652	0.582604	0.584245	0.0900909	0.0693629	0.00413021	0.00388968	
1.614e-08	536	-0.0272247	-0.154633	0.987597	0.570003	0.580704	0.0917832	0.146262	0.00495095	0.00310286	
1.62e-08	538	0.113994	0.000940776	0.993481	0.582585	0.580346	0.0761762	0.0701356	0.00364437	0.00316165	
1.626e-08	540	0.0276807	-0.0946688	0.995124	0.591591	0.578326	0.108664	0.075905	0.00401077	0.00266662	
1.632e-08	542	0.00827909	0.0382872	0.999232	0.577288	0.573253	0.0836229	0.0773279	0.00552197	0.00405001	
1.638e-08	544	-0.221218	0.0125827	0.975143	0.570387	0.57284	0.109237	0.149113	0.0052537	0.00434296	
1.644e-08	546	0.150069	0.0301098	0.988217	0.560711	0.566926	0.123893	0.0598159	0.0068047	0.00605566	
1.65e-08	548	-0.0539016	-0.01557	0.998425	0.581257	0.565996	0.0807134	0.073623	0.00534878	0.00417109	
1.656e-08	550	0.211423	0.0755185	0.974473	0.552921	0.559544	0.101172	0.104329	0.00381832	0.0026222	
1.662e-08	552	-0.190448	-0.105677	0.975993	0.566769	0.552983	0.0926366	0.0558079	0.00527942	0.00467089	
1.668e-08	554	0.0594237	0.187771	0.980414	0.561788	0.546932	0.0953956	0.101627	0.00627238	0.00554001	
1.674e-08	556	0.0281133	-0.0635038	0.997586	0.549426	0.554157	0.0591512	0.0547926	0.00358544	0.00353202	
1.68e-08	558	0.119883	0.0775673	0.989753	0.537629	0.551264	0.104801	0.0613588	0.00605222	0.00484354	
1.686e-08	560	-0.0328825	0.057813	0.997786	0.55356	0.545117	0.0869845	0.119573	0.00712822	0.00503906	
1.692e-08	562	0.0706942	0.233815	0.969708	0.539751	0.540587	0.160553	0.0957224	0.0078415	0.00346026	
1.698e-08	564	0.0392679	0.0658709	0.997055	0.549946	0.535962	0.115787	0.0935333	0.00548671	0.00461316	
1.704e-08	566	-0.166294	0.243823	0.955456	0.54874	0.531014	0.0653781	0.0963606	0.00470882	0.00430328	
1.71e-08	568	0.203462	-0.180196	0.962358	0.550267	0.530271	0.069896	0.0894243	0.00693166	0.00601261	
1.716e-08	570	0.206295	0.158207	0.965615	0.53109	0.524624	0.0710792	0.0881734	0.0063986	0.00505783	
1.722e-08	572	0.0719078	-0.0920984	0.99315	0.524407	0.524415	0.104957	0.0667298	0.010784	0.00912302	
1.728e-08	574	0.107602	-0.018409	0.994024	0.511144	0.521742	0.115589	0.0500971	0.00626442	0.00398102	
1.734e-08	576	-0.0102608	0.152644	0.988228	0.512477	0.518467	0.0684156	0.071987	0.0063599	0.00616187	
1.74e-08	578	-0.102933	0.231476	0.96738	0.537145	0.514758	0.0927672	0.081984	0.00760194	0.0065524	
1.746e-08	580	0.189321	-0.102367	0.976565	0.489463	0.507585	0.105358	0.102209	0.0117936	0.0100231	
1.752e-08	582	-0.0524158	0.295228	0.953988	0.506077	0.508417	0.0671291	0.102937	0.00772496	0.00560125	
1.758e-08	584	-0.263237	-0.111197	0.958301	0.484834	0.501311	0.0782412	0.105351	0.00896046	0.00504529	
1.764e-08	586	-0.0374995	-0.0720147	0.996698	0.47571	0.499352	0.0860555	0.0574398	0.00801607	0.00708056	
1.77e-08	588	-0.0546127	-0.055983	0.996937	0.510823	0.499266	0.0603557	0.0542639	0.00612246	0.00551785	
1.776e-08	590	0.337759	0.328482	0.882053	0.472008	0.490546	0.125921	0.116873	0.0152612	0.00918449	
1.782e-08	592	0.16912	0.0534129	0.984147	0.504199	0.487827	0.0538421	0.0901258	0.00704058	0.0061403	
1.788e-08	594	0.19259	0.100477	0.976122	0.480137	0.476812	0.157963	0.0749075	0.0170947	0.0104018	
1.794e-08	596	0.191459	0.142276	0.971134	0.462207	0.478857	0.129838	0.0937315	0.010202	0.00976992	
1.8e-08	598	-0.162026	-0.00619199	0.986767	0.487138	0.473471	0.075956	0.125901	0.0132066	0.0113208	
1.806e-08	600	0.183514	-0.12078	0.975569	0.470149	0.468214	0.0920526	0.107907	0.00644055	0.00533888	
1.812e-08	602	-0.0529931	0.0313384	0.998103	0.488036	0.462376	0.0712957	0.104051	0.0139708	0.0115909	
1.818e-08	604	0.0709179	-0.10646	0.991785	0.456516	0.463468	0.112209	0.0886759	0.00939172	0.00770753	
1.824e-08	606	-0.122073	-0.184207	0.975277	0.461263	0.460206	0.0777429	0.0946976	0.00974236	0.00885642	
1.83e-08	608	-0.122485	-0.194261	0.973273	0.452311	0.45448	0.080976	0.0477472	0.0126494	0.011582	
1.836e-08	610	-0.0848792	0.0724856	0.993751	0.428866	0.446372	0.0812625	0.104504	0.0111862	0.0099481	
1.842e-08	612	0.00851844	0.246724	0.969048	0.439872	0.446806	0.0794289	0.145535	0.017154	0.012149	
1.848e-08	614	0.210024	-0.219577	0.95272	0.456146	0.438461	0.0991875	0.101119	0.00691325	0.00568957	
1.854e-08	616	-0.241624	0.0304906	0.969891	0.465108	0.439056	0.149387	0.154645	0.0249338	0.0111034	
1.86e-08	618	-0.0720957	0.0477239	0.996255	0.45074	0.431999	0.116899	0.127874	0.0102964	0.00664475	
1.866e-08	620	0.0119831	-0.207608	0.978139	0.422357	0.43136	0.0414044	0.0770948	0.00634068	0.00584665	
1.872e-08	622	0.193093	-0.288506	0.937806	0.461359	0.422364	0.132227	0.0683556	0.0107354	0.0103705	
1.878e-08	624	0.0870572	-0.0130633	0.996118	0.435325	0.424929	0.136978	0.092768	0.0226507	0.00869458	
1.884e-08	626	0.145483	0.0237569	0.989075	0.401045	0.408973	0.130967	0.126809	0.0241072	0.0102685	
1.89e-08	628	0.0127848	0.120128	0.992676	0.436091	0.405571	0.0895934	0.13742	0.0132883	0.0103211	
1.896e-08	630	-0.125657	-0.301827	0.945045	0.377083	0.397426	0.0545189	0.117051	0.0124234	0.00974711	
1.902e-08	632	0.0637607	0.0321318	0.997448	0.418365	0.390828	0.102448	0.105772	0.0179283	0.013819	
1.908e-08	634	0.0567437	-0.0550973	0.996867	0.418229	0.388433	0.151232	0.0582595	0.0246907	0.0166779	
1.914e-08	636	0.093797	-0.0538316	0.994135	0.384904	0.381096	0.0962927	0.127501	0.0148658	0.012138	
1.92e-08	638	0.0151755	-0.0843982	0.996317	0.389401	0.378148	0.0988005	0.149811	0.030885	0.0165992	
1.926e-08	640	0.196952	0.0541793	0.978915	0.408061	0.369187	0.0770427	0.082958	0.0264658	0.0216434	
1.932e-08	642	0.357498	-0.243009	0.901744	0.314051	0.361414	0.0614493	0.0850373	0.0225941	0.018307	
1.938e-08	644	0.312057	-0.00827577	0.950027	0.322742	0.357253	0.101423	0.0981968	0.0268252	0.0184032	
1.944e-08	646	-0.00478557	-0.0581981	0.998294	0.331934	0.364027	0.0981812	0.0884173	0.0253119	0.0192097	
1.95e-08	648	-0.431091	0.054412	0.900666	0.353662	0.350368	0.120963	0.116881	0.0320574	0.0221977	
1.956e-08	650	-0.0485278	0.199818	0.978631	0.341575	0.351445	0.0850915	0.0762428	0.0210858	0.0189297	
1.962e-08	652	0.201074	-0.0786435	0.976414	0.318392	0.343154	0.109958	0.123447	0.0224476	0.0210885	
1.968e-08	654	0.271151	0.0265478	0.962171	0.30501	0.328407	0.0807612	0.0962955	0.0413313	0.0362687	
1.974e-08	656	0.256866	-0.275801	0.926258	0.315035	0.318291	0.127881	0.124096	0.0452957	0.0286881	
1.98e-08	658	0.521841	-0.215452	0.825386	0.379609	0.323812	0.125736	0.164091	0.024431	0.0184242	
1.986e-08	660	0.170589	0.358442	0.917834	0.273099	0.316553	0.0957475	0.139025	0.0267077	0.0205127	
1.992e-08	662	0.0370791	-0.285922	0.957535	0.302803	0.295358	0.0874636	0.0610843	0.0244244	0.0253561	
1.998e-08	664	-0.127996	0.0116814	0.991706	0.288815	0.295055	0.0894641	0.119039	0.0325502	0.0161295	
2.004e-08	666	0.225281	-0.171318	0.959113	0.246719	0.282077	0.0694208	0.101924	0.0291239	0.0220539	
2.01e-08	668	0.0877711	-0.159704	0.983255	0.315495	0.277135	0.0885898	0.110269	0.0551696	0.0296009	
2.016e-08	670	-0.27862	0.0185182	0.960223	0.344154	0.270746	0.0913834	0.0923559	0.147749	0.0538164	
2.022e-08	672	-0.00773258	-0.0740647	0.997223	0.275559	0.251422	0.0949102	0.100012	0.0486696	0.0397192	
2.028e-08	674	0.0667925	-0.284475	0.956354	0.26871	0.237071	0.127368	0.0869711	0.168176	0.0454338	
2.034e-08	676	0.022353	0.217972	-0.975699	0.198153	0.240345	0.157513	0.0971329	0.0656381	0.0298195	
2.04e-08	678	-0.149726	0.29294	0.944335	0.210949	0.236606	0.107113	0.102483	0.0393464	0.0325088	
2.046e-08	680	-0.0728707	-0.0240484	-0.997051	0.220076	0.213554	0.107336	0.131684	0.175036	0.0700007	
2.052e-08	682	0.249074	-0.129373	0.959804	0.10034	0.209191	0.133916	0.104001	0.127876	0.0535589	
2.058e-08	684	0.229617	-0.0608975	0.971374	0.163547	0.177748	0.210763	0.0566206	0.538002	0.0943963	
2.064e-08	686	0.137183	0.00630232	0.990526	0.188161	0.181512	0.0772216	0.120442	0.118967	0.0479784	
2.07e-08	688	-0.374118	0.410237	-0.83171	0.20245	0.181011	0.0898829	0.097194	0.651457	0.0469714	
2.076e-08	690	0.640099	-0.162842	0.750837	0.149284	0.18234	0.105242	0.0994478	0.0578545	0.040335	
2.082e-08	692	0.654433	-0.613865	0.44146	0.158342	0.161245	0.12383	0.0964654	0.21394	0.0586601	
2.088e-08	694	0.324516	-0.0635933	0.94374	0.190336	0.142299	0.0949404	0.0836401	0.376282	0.0660659	
2.094e-08	696	-0.0908279	0.445844	-0.890491	0.166148	0.139455	0.0903788	0.0498713	0.368637	0.0733913	
2.1e-08	698	-0.184949	0.307199	0.9335	0.150548	0.138856	0.0707254	0.0699845	0.365839	0.0522351	
2.106e-08	700	-0.194406	0.972112	0.131163	0.12091	0.12425	0.105602	0.0667283	0.233965	0.0493233	
2.112e-08	702	0.107356	0.7301	-0.674854	0.0923165	0.112931	0.0786017	0.114318	0.140321	0.0293317	
2.118e-08	704	-0.0399802	0.965636	-0.256803	0.0973874	0.11285	0.0683744	0.0698627	0.189081	0.0368032	
2.124e-08	706	-0.00544566	0.184175	-0.982878	0.108026	0.117473	0.0655062	0.0694324	0.233019	0.0385471	
2.13e-08	708	0.148974	0.029426	-0.988403	0.19277	0.0962396	0.0626596	0.0514218	0.143513	0.0430416	
2.136e-08	710	0.0908186	-0.986781	0.134219	0.0687278	0.091252	0.0433906	0.0671539	0.0840771	0.0227331	
2.142e-08	712	-0.753894	0.55881	0.345509	0.123175	0.102176	0.0679149	0.0763982	0.123879	0.0238867	
2.148e-08	714	0.532037	-0.023029	0.846408	0.0705195	0.0936539	0.0482909	0.0711189	0.100279	0.0254845	
2.154e-08	716	0.725297	-0.645362	-0.239691	0.019988	0.0850996	0.0479552	0.0660228	0.0803701	0.0253804	
2.16e-08	718	-0.181212	0.142036	-0.973133	0.0724519	0.083473	0.0426748	0.0292301	0.0990609	0.00978466	
2.166e-08	720	-0.545539	0.175341	0.819538	0.0413097	0.0795492	0.0598575	0.0549696	0.0586225	0.0265327	
2.172e-08	722	0.910907	0.385812	0.146279	0.0744438	0.0807823	0.0614215	0.0392079	0.0749152	0.022766	
2.178e-08	724	0.862426	-0.476133	-0.171813	0.0501883	0.0726029	0.029202	0.0704682	0.0449962	0.0233819	
2.184e-08	726	0.76376	-0.112262	-0.635663	0.103537	0.0688666	0.0295329	0.026362	0.0752086	0.02789	
2.19e-08	728	-0.360863	-0.885827	0.2917	0.0679729	0.0622276	0.0353318	0.0290544	0.0407335	0.0218546	
2.196e-08	730	-0.484194	-0.558217	0.673757	0.0277169	0.0639688	0.040006	0.0304295	0.0408493	0.0163028	
2.202e-08	732	-0.829107	-0.531845	-0.172402	0.0632325	0.0716284	0.0358231	0.0352481	0.060424	0.0161937	
2.208e-08	734	-0.648659	0.21378	0.730438	0.0374581	0.0621971	0.0411302	0.0284397	0.0374666	0.0178054	
2.214e-08	736	0.0874	0.573006	-0.814878	0.032171	0.0620652	0.0248614	0.0256661	0.0511855	0.0135695	
2.22e-08	738	0.0721497	-0.975531	-0.207685	0.0369523	0.0628817	0.0305404	0.026669	0.046096	0.0131192	
2.226e-08	740	0.759311	0.42208	0.495272	0.0683248	0.0577628	0.0233048	0.0270419	0.0282024	0.00725592	
2.232e-08	742	-0.562491	0.464443	-0.684029	0.0731316	0.0517458	0.0238974	0.0151711	0.031732	0.00982909	
2.238e-08	744	-0.211669	0.704087	0.677833	0.0465899	0.0597245	0.0256186	0.0287419	0.035086	0.00825251	
2.244e-08	746	-0.241521	-0.961731	0.129389	0.0858366	0.0564752	0.0222991	0.0201159	0.0375461	0.00805153	
2.25e-08	748	0.265206	-0.950877	0.159686	0.0222001	0.0563954	0.0179653	0.0229567	0.0433733	0.0134138	
2.256e-08	750	-0.474354	-0.879937	-0.0264258	0.0384558	0.0522711	0.023095	0.0314361	0.0213272	0.0150559	
2.262e-08	752	0.291535	0.936368	0.195506	0.041166	0.0564768	0.0224835	0.035409	0.0235348	0.0126545	
2.268e-08	754	0.561605	0.456491	-0.690084	0.0782504	0.0481994	0.0177974	0.0203706	0.0240163	0.0115502	
2.274e-08	756	-0.183834	-0.14001	-0.972935	0.0362318	0.0505054	0.0178698	0.0175078	0.0290393	0.00774972	
2.28e-08	758	0.48955	-0.0722604	0.868976	0.0347304	0.0512094	0.0204826	0.0217359	0.0239338	0.0089303	
2.286e-08	760	-0.39124	-0.920288	0.00145184	0.0564757	0.0554538	0.0158326	0.0333536	0.0293443	0.0100606	
2.292e-08	762	0.590973	0.788113	-0.172128	0.0619008	0.047655	0.0176352	0.032204	0.0115776	0.0119138	
2.298e-08	764	-0.668366	0.278345	0.68979	0.0427201	0.05093	0.0245993	0.0186197	0.0248455	0.0122315	
2.304e-08	766	-0.960893	0.158775	-0.226882	0.0825487	0.042106	0.01288	0.0142389	0.0174268	0.00851158	
2.31e-08	768	0.0996322	-0.371292	0.923155	0.032385	0.0470617	0.0187084	0.0200287	0.0163195	0.00692721	
2.316e-08	770	-0.510556	0.251272	-0.82231	0.036514	0.0413297	0.0136773	0.0141119	0.0125902	0.00492176	
2.322e-08	772	-0.646447	0.371805	0.666234	0.0483099	0.0394883	0.00804178	0.0151683	0.0138041	0.00590606	
2.328e-08	774	-0.608132	0.4934	-0.621878	0.00715992	0.0413234	0.0115509	0.0122119	0.0181657	0.0106579	
2.334e-08	776	-0.674949	-0.559967	-0.480501	0.0715601	0.0432013	0.0169414	0.00981919	0.0169353	0.00569129	
2.34e-08	778	-0.431291	-0.898708	0.0794436	0.0510487	0.0464788	0.0170382	0.0219472	0.0109616	0.00409734	
2.346e-08	780	0.425948	-0.854263	0.298	0.0393779	0.0431402	0.0159119	0.0115608	0.0193279	0.0080188	
2.352e-08	782	0.775934	-0.444672	-0.447429	0.0429053	0.0454295	0.0199322	0.0149845	0.0205989	0.0109122	
2.358e-08	784	-0.279118	-0.856898	0.43338	0.0203297	0.0405197	0.0117317	0.0138943	0.0174113	0.00795452	
2.364e-08	786	0.476072	-0.638192	0.605034	0.00893077	0.0391679	0.0126592	0.0108298	0.0163381	0.00804779	
2.37e-08	788	-0.756619	-0.579623	0.302596	0.0380223	0.0413858	0.00744471	0.0131394	0.0235085	0.0074763	
2.376e-08	790	0.105584	-0.546957	0.830476	0.0415399	0.0408737	0.0161724	0.014009	0.0111573	0.00632309	
2.382e-08	792	0.878865	0.416083	-0.23339	0.0552889	0.0432588	0.0150435	0.0170402	0.0162226	0.00908366	
2.388e-08	794	0.17307	0.836998	-0.519117	0.0176996	0.0359089	0.00656383	0.00934215	0.0173141	0.00579992	
2.394e-08	796	-0.46143	0.858015	0.225594	0.0397887	0.0415791	0.0105342	0.0145815	0.0153219	0.00523026	
2.4e-08	798	0.226058	-0.68541	-0.692178	0.0502561	0.0354803	0.0138522	0.00704468	0.0119421	0.00633916	
2.406e-08	800	-0.262868	-0.34273	-0.901907	0.0623765	0.0388572	0.0152985	0.0097243	0.0120058	0.00581881	
2.412e-08	802	-0.469808	0.328317	0.819444	0.0664843	0.0428135	0.0173218	0.00688411	0.0191875	0.0049371	
2.418e-08	804	-0.886675	-0.247289	0.390712	0.0251391	0.0408197	0.0134593	0.011566	0.0124102	0.00397199	
2.424e-08	806	-0.734997	-0.380368	0.561337	0.0265062	0.0397074	0.0141493	0.0109196	0.0106806	0.00397631	
2.43e-08	808	0.882369	-0.432444	-0.185516	0.02252	0.0381441	0.0115775	0.00767397	0.0132898	0.00283639	
2.436e-08	810	-0.110571	-0.680958	-0.723927	0.0363948	0.0348699	0.0060991	0.011213	0.0119563	0.00411629	
2.442e-08	812	0.525254	0.785972	0.326122	0.0278235	0.0385688	0.0129138	0.00834369	0.0117891	0.00380151	
2.448e-08	814	0.948124	0.283548	-0.14374	0.0095942	0.0298812	0.00568979	0.0094551	0.00581914	0.00295366	
2.454e-08	816	-0.809478	0.564455	-0.161664	0.0574886	0.0372555	0.0160321	0.00791506	0.009393	0.00568692	
2.46e-08	818	0.557709	0.444546	0.700956	0.0183234	0.03471	0.00988397	0.01071	0.00704174	0.00393128	
2.466e-08	820	0.782229	-0.609801	0.127516	0.0572199	0.0321558	0.00941122	0.00842855	0.00830397	0.00524138	
2.472e-08	822	0.316409	0.472296	0.822692	0.0344519	0.0310842	0.00728166	0.00660981	0.00842483	0.00289029	
2.478e-08	824	0.242738	0.737553	-0.630153	0.0307276	0.0322404	0.00871084	0.00610565	0.00993749	0.00346521	
2.484e-08	826	-0.148797	0.988855	-0.00500012	0.055241	0.0364249	0.00921196	0.0100192	0.0142011	0.0074304	
2.49e-08	828	-0.61022	-0.379507	-0.695417	0.0344509	0.0356915	0.0101112	0.00981304	0.00920687	0.00309903	
2.496e-08	830	0.312058	0.190148	0.93084	0.026029	0.037811	0.00728436	0.0158451	0.00911882	0.00480778	
2.502e-08	832	-0.969375	0.234726	-0.0722193	0.0372419	0.032322	0.00648884	0.0067487	0.0103002	0.00261912	
2.508e-08	834	0.28369	0.479599	0.830364	0.0244515	0.0295974	0.00492795	0.00731774	0.00754965	0.0020293	
2.514e-08	836	0.405397	0.878066	-0.254269	0.0442966	0.0322119	0.00764544	0.00453218	0.0109895	0.00335352	
2.52e-08	838	-0.933443	0.191966	-0.303039	0.0478052	0.0365383	0.0128594	0.00964169	0.0095503	0.00512137	
2.526e-08	840	0.0511276	0.287838	-0.956313	0.0229201	0.0256116	0.00713913	0.00451812	0.00394813	0.00316423	
2.532e-08	842	0.96452	-0.0801533	-0.25155	0.0440211	0.0363451	0.0118175	0.00884271	0.0101686	0.00498663	
2.538e-08	844	0.993181	0.098208	-0.0628237	0.0426321	0.0317224	0.0100943	0.00607905	0.00626968	0.00391217	
2.544e-08	846	0.416506	0.285305	0.863205	0.0312446	0.0336999	0.00973436	0.0105622	0.00622149	0.00407659	
2.55e-08	848	-0.0773328	-0.943725	-0.321562	0.009651	0.0327383	0.00676403	0.00764082	0.0105058	0.00404642	
2.556e-08	850	0.701605	-0.309504	0.641839	0.0139855	0.033202	0.00681781	0.010867	0.00686966	0.00383658	
2.562e-08	852	-0.202034	-0.6651	-0.718905	0.0196044	0.029342	0.00540397	0.00452612	0.00884556	0.00287657	
2.568e-08	854	-0.582566	-0.687983	-0.432778	0.0337653	0.0342407	0.00807501	0.0108472	0.0108994	0.0069504	
2.574e-08	856	-0.178775	0.975458	-0.128532	0.0119069	0.0291243	0.00781433	0.00590262	0.00583507	0.00344396	
2.58e-08	858	0.427664	-0.0862426	0.899814	0.0318815	0.0308354	0.00659228	0.00491718	0.00814829	0.00209733	
2.586e-08	860	-0.425681	-0.648936	0.630617	0.0144621	0.0315414	0.0067882	0.00698513	0.00831851	0.00312629	
2.592e-08	862	-0.320946	-0.13026	0.938097	0.0380784	0.0319406	0.00616428	0.00634862	0.0105597	0.00310559	
2.598e-08	864	-0.0175427	-0.86659	0.498713	0.0220366	0.0307273	0.00540351	0.0085475	0.00776662	0.00408013	
2.604e-08	866	0.530969	0.673872	-0.513779	0.048214	0.031158	0.00893674	0.00642084	0.00597386	0.00256731	
2.61e-08	868	0.25734	-0.961847	0.0928835	0.0338541	0.0288705	0.00546272	0.00637184	0.00624369	0.0025358	
2.616e-08	870	0.471511	-0.858438	0.201894	0.0411968	0.0303651	0.00841947	0.00392389	0.00873436	0.00326883	
2.622e-08	872	0.826434	-0.41445	-0.381102	0.0345354	0.0286142	0.00710929	0.00556104	0.00402692	0.00155435	
2.628e-08	874	0.0653148	0.98306	-0.171252	0.0238708	0.030697	0.00588225	0.0087803	0.00526328	0.00238547	
2.634e-08	876	0.345198	-0.60715	-0.715687	0.023169	0.0271648	0.00517668	0.00564545	0.00492883	0.00175809	
2.64e-08	878	-0.518281	0.0600439	-0.8531	0.0447393	0.0318218	0.00800808	0.00743479	0.00611306	0.0044477	
2.646e-08	880	0.616146	-0.787361	-0.0206704	0.0283126	0.0284302	0.00379723	0.00567367	0.00683749	0.00223438	
2.652e-08	882	0.100756	-0.0309506	0.99443	0.0341616	0.0263866	0.00497412	0.00488492	0.00545501	0.00199224	
2.658e-08	884	0.0754211	0.687997	0.721784	0.0306405	0.0269137	0.00376421	0.00558968	0.00665333	0.0026926	
2.664e-08	886	-0.342979	-0.766928	-0.54239	0.0202387	0.0239219	0.00496228	0.00541507	0.00240793	0.00226086	
2.67e-08	888	-0.149721	0.943136	0.296779	0.0367732	0.0261791	0.0057103	0.00715543	0.00222748	0.00234423	
2.676e-08	890	0.771107	0.287422	-0.56814	0.0305411	0.0292426	0.00497709	0.00547772	0.00710576	0.00238328	
2.682e-08	892	0.93354	0.35489	0.0505635	0.0431335	0.0275674	0.00584559	0.00436628	0.00536271	0.00197221	
2.688e-08	894	0.781384	0.471071	-0.409305	0.0298189	0.0291527	0.00597535	0.00604643	0.00549197	0.00163084	
2.694e-08	896	0.607593	0.472987	0.638055	0.0366893	0.0290217	0.00802272	0.00471805	0.00513466	0.00255421	
2.7e-08	898	-0.0543146	-0.927202	0.370603	0.0208486	0.0308898	0.00544539	0.00761772	0.0072336	0.00290469	
2.706e-08	900	-0.785766	-0.516858	-0.33975	0.037556	0.0280398	0.00461994	0.00693714	0.00505235	0.0019563	
