#----------------------------------------------------------------------------------------------------------------------------------------------------------
# Output file for vampire simulation
#   time       : 2024-08-29 04:55:47     process id : 1391297
#   hostname   : node119.viking2.yor.alces.network
#   path       : /users/ky883/parameter/WS_dia5/AI_Dataset/size_7.0_7.0_8.0/Temp_900/random_1
#----------------------------------------------------------------------------------------------------------------------------------------------------------
6e-11	0	0.00883175	-0.000663752	0.999961	0.99987	0.999833	0	0	0	0	
1.2e-10	2	0.00167192	0.00130793	0.999998	0.998954	0.998961	0.0703478	0.0243227	2.99339e-06	2.89888e-06	
1.8e-10	4	-0.00086446	0.00159838	0.999998	0.997883	0.997911	0.0926903	0.029878	8.23496e-06	6.04834e-06	
2.4e-10	6	-0.00516856	-0.00630071	0.999967	0.996918	0.99687	0.068736	0.054181	1.21804e-05	1.15954e-05	
3e-10	8	0.00281233	-0.00131709	0.999995	0.995682	0.995834	0.0376696	0.0458007	1.83286e-05	1.79535e-05	
3.6e-10	10	-0.00267001	-0.00802539	0.999964	0.994678	0.994758	0.0710386	0.0411218	1.33907e-05	1.13806e-05	
4.2e-10	12	0.000464997	0.00557543	0.999984	0.993661	0.993725	0.0503421	0.0387811	2.86967e-05	2.63639e-05	
4.8e-10	14	-0.00323943	0.0025505	0.999992	0.992588	0.992688	0.061653	0.0401659	3.09194e-05	2.74818e-05	
5.4e-10	16	-0.00115252	-0.00165607	0.999998	0.991693	0.99164	0.0336311	0.0516644	3.47008e-05	2.82954e-05	
6e-10	18	-0.00350247	0.00204929	0.999992	0.990438	0.990572	0.0480528	0.0650049	4.81395e-05	3.62759e-05	
6.6e-10	20	-0.00325925	-0.00287178	0.999991	0.989676	0.989611	0.052387	0.0446321	2.68628e-05	2.29752e-05	
7.2e-10	22	0.00554109	0.0147435	0.999876	0.988377	0.988466	0.0679753	0.0620342	4.95534e-05	3.57155e-05	
7.8e-10	24	0.00849588	0.00867075	0.999926	0.987121	0.987394	0.0525234	0.0451516	4.5873e-05	4.51331e-05	
8.4e-10	26	0.00668165	0.0107111	0.99992	0.986377	0.986361	0.0593706	0.0685481	5.79893e-05	4.91332e-05	
9e-10	28	-0.000753662	-0.00329081	0.999994	0.98499	0.98525	0.0347105	0.0500235	3.79812e-05	3.70582e-05	
9.6e-10	30	-0.00700792	-0.0115809	0.999908	0.984065	0.984281	0.0441927	0.0637046	5.1925e-05	4.78281e-05	
1.02e-09	32	-0.000888089	-0.0022716	0.999997	0.982842	0.983068	0.0530054	0.0504435	8.90811e-05	8.02572e-05	
1.08e-09	34	-0.00591669	-0.000627487	0.999982	0.982276	0.981917	0.0635718	0.0716565	0.000135691	0.000128321	
1.14e-09	36	-0.00264969	-0.00602126	0.999978	0.980824	0.980936	0.0639363	0.0509828	4.18901e-05	4.39946e-05	
1.2e-09	38	-0.0106511	0.00995501	0.999894	0.979684	0.979958	0.0459314	0.049742	8.80327e-05	8.00041e-05	
1.26e-09	40	-0.00486564	0.00913456	0.999946	0.979226	0.978903	0.0652193	0.047791	9.5224e-05	7.46822e-05	
1.32e-09	42	0.00547531	-0.00670809	0.999963	0.977518	0.977783	0.0611854	0.0642382	6.09934e-05	5.73615e-05	
1.38e-09	44	0.00909568	0.0096228	0.999912	0.976415	0.976637	0.117096	0.0664935	0.000101442	6.56192e-05	
1.44e-09	46	-0.00948412	-0.00428265	0.999946	0.975204	0.975433	0.042133	0.0353683	0.000111128	0.000101193	
1.5e-09	48	0.00650946	0.00660096	0.999957	0.974892	0.974527	0.0580909	0.0358486	0.000104229	0.000108651	
1.56e-09	50	-0.00728915	-0.00630292	0.999954	0.974057	0.973459	0.040659	0.0610995	8.21356e-05	7.84325e-05	
1.62e-09	52	-0.0113493	0.0104533	0.999881	0.972345	0.972469	0.0702921	0.0593977	0.000129751	8.8384e-05	
1.68e-09	54	0.0216307	0.00877012	0.999728	0.971865	0.971351	0.0507056	0.0581992	8.67563e-05	8.95752e-05	
1.74e-09	56	0.0233028	0.00991971	0.999679	0.97015	0.970264	0.0683573	0.0514792	9.61475e-05	8.75113e-05	
1.8e-09	58	-0.0234877	0.0182875	0.999557	0.969374	0.969056	0.043966	0.0467472	9.06647e-05	0.00010221	
1.86e-09	60	0.00340075	0.000180629	0.999994	0.96742	0.967903	0.0700514	0.0459364	0.000123263	0.000128506	
1.92e-09	62	-0.0168665	-0.0103466	0.999804	0.966431	0.966757	0.0227843	0.0400051	0.000138048	0.00013248	
1.98e-09	64	0.0166981	0.0112723	0.999797	0.966693	0.965872	0.0515454	0.042858	0.000124275	0.000113804	
2.04e-09	66	-0.010846	0.00549315	0.999926	0.964869	0.964604	0.0740021	0.090174	0.000119607	0.000111312	
2.1e-09	68	0.0413297	0.0119313	0.999074	0.963315	0.963483	0.066125	0.0657766	9.00027e-05	9.40758e-05	
2.16e-09	70	-0.00499824	0.00336092	0.999982	0.961947	0.962653	0.073795	0.0523312	0.000134168	0.000171022	
2.22e-09	72	-0.0182003	0.016164	0.999704	0.960616	0.961587	0.0448138	0.0568395	0.000208446	0.000195945	
2.28e-09	74	0.00679623	-0.0142632	0.999875	0.959517	0.960132	0.0528525	0.0481385	0.000246891	0.000197335	
2.34e-09	76	-0.019347	-0.0123396	0.999737	0.958895	0.958875	0.0374268	0.0261916	0.000149958	0.000152327	
2.4e-09	78	-0.0166089	-0.0119729	0.99979	0.957142	0.958062	0.0773628	0.0679201	0.00021801	0.000162904	
2.46e-09	80	-0.00799904	0.0233451	0.999695	0.957394	0.956867	0.0651895	0.0636351	0.000146805	0.000146259	
2.52e-09	82	-0.0274806	-0.000708522	0.999622	0.957193	0.955448	0.0664913	0.0761337	0.000272122	0.000210702	
2.58e-09	84	-0.0162396	0.0195954	0.999676	0.9549	0.954851	0.044704	0.0618828	0.000235446	0.000207824	
2.64e-09	86	0.00169102	-0.0157256	0.999875	0.953875	0.953498	0.036123	0.0631612	0.000145836	0.000139283	
2.7e-09	88	3.62459e-05	0.00576404	0.999983	0.952873	0.952517	0.0376874	0.0274955	0.000218654	0.000178345	
2.76e-09	90	-0.00386586	0.00326263	0.999987	0.95077	0.95153	0.0662001	0.0436149	0.000226742	0.000221674	
2.82e-09	92	0.0226418	0.0164926	0.999608	0.950639	0.950303	0.0532704	0.0773836	0.000231726	0.000204425	
2.88e-09	94	0.0140171	0.0168708	0.999759	0.950161	0.949066	0.0415785	0.0724276	0.000225507	0.000199349	
2.94e-09	96	-0.0078204	-0.0265002	0.999618	0.947664	0.947855	0.054047	0.0829683	0.000217331	0.000200107	
3e-09	98	0.0146232	0.00901261	0.999852	0.947776	0.946686	0.0429386	0.0534055	0.000215286	0.0002216	
3.06e-09	100	-0.00812923	-0.0310854	0.999484	0.946386	0.945578	0.0384057	0.0509339	0.000174702	0.000184022	
3.12e-09	102	0.00573062	-0.0272663	0.999612	0.944625	0.944608	0.0417939	0.0470669	0.000342416	0.000354218	
3.18e-09	104	-0.0088077	0.00711333	0.999936	0.943683	0.94343	0.059849	0.0630261	0.000292741	0.000326052	
3.24e-09	106	-0.0215295	0.0105196	0.999713	0.941694	0.942131	0.0792627	0.0758647	0.00031508	0.000232807	
3.3e-09	108	-0.0280434	0.0266779	0.999251	0.93985	0.941134	0.0444729	0.062459	0.000230934	0.000210795	
3.36e-09	110	-0.0143925	-0.0100789	0.999846	0.937245	0.93991	0.0682556	0.0746077	0.000342223	0.000297301	
3.42e-09	112	0.00158154	-0.0111078	0.999937	0.938853	0.938629	0.0638202	0.0645486	0.000436878	0.00037667	
3.48e-09	114	-0.00791606	0.00488994	0.999957	0.93749	0.937678	0.0300965	0.063859	0.000318113	0.000292548	
3.54e-09	116	-0.0159856	-0.0109761	0.999812	0.936663	0.936583	0.0496929	0.0860939	0.000205527	0.000173152	
3.6e-09	118	0.00921582	0.0118452	0.999887	0.93472	0.935182	0.0367667	0.0525843	0.00030373	0.000274755	
3.66e-09	120	0.0611121	-0.0029427	0.998127	0.93221	0.934315	0.0975029	0.0520512	0.000330532	0.000252004	
3.72e-09	122	-0.00524076	0.0157664	0.999862	0.931455	0.933056	0.0535058	0.0546463	0.000270734	0.000277818	
3.78e-09	124	-0.00105503	-0.00758195	0.999971	0.932758	0.931937	0.0468931	0.0441586	0.000269546	0.000271415	
3.84e-09	126	0.0197018	-0.0146125	0.999699	0.929975	0.930969	0.0509584	0.0604525	0.000173452	0.00016277	
3.9e-09	128	-0.0130136	0.0077627	0.999885	0.929139	0.929289	0.0627945	0.0376439	0.000410489	0.00043444	
3.96e-09	130	0.00875568	0.016806	0.99982	0.928076	0.928603	0.0722209	0.0761617	0.000446565	0.00040596	
4.02e-09	132	0.00236653	-0.0124343	0.99992	0.928256	0.92749	0.0540533	0.0493771	0.000490444	0.000491636	
4.08e-09	134	-0.00129124	0.0116936	0.999931	0.926242	0.926089	0.0269908	0.0576172	0.000291024	0.000282688	
4.14e-09	136	-0.0218585	0.040886	0.998925	0.924135	0.924699	0.0580786	0.070765	0.000219641	0.00021014	
4.2e-09	138	0.0133921	0.00591548	0.999893	0.923445	0.923761	0.0534556	0.0475575	0.000255994	0.000256859	
4.26e-09	140	0.0185966	0.00443878	0.999817	0.924295	0.922596	0.0598824	0.105596	0.000374353	0.000374314	
4.32e-09	142	-0.0316344	-0.00269696	0.999496	0.920634	0.92197	0.0387891	0.0380138	0.000242237	0.000257362	
4.38e-09	144	-0.0303659	-0.0111473	0.999477	0.921088	0.920231	0.052894	0.0586186	0.000390398	0.000323703	
4.44e-09	146	0.000434009	0.00797459	0.999968	0.921579	0.91895	0.0352483	0.0582938	0.000347601	0.000319584	
4.5e-09	148	-0.0102205	0.0058994	0.99993	0.916962	0.91799	0.0601611	0.0569539	0.00027677	0.000261377	
4.56e-09	150	-0.00765206	-0.00287776	0.999967	0.918601	0.916468	0.0570146	0.0741511	0.000423917	0.00035579	
4.62e-09	152	0.0261902	-0.00103394	0.999656	0.917652	0.91583	0.0380684	0.0453685	0.000392235	0.000307517	
4.68e-09	154	0.00419084	0.0157155	0.999868	0.914219	0.913554	0.0362166	0.0585234	0.000395536	0.000361825	
4.74e-09	156	0.0236006	-0.00180205	0.99972	0.912827	0.91295	0.0507746	0.036241	0.000478242	0.000433639	
4.8e-09	158	0.00490232	0.00146013	0.999987	0.909717	0.911704	0.0540566	0.0370769	0.00036673	0.000351985	
4.86e-09	160	-0.0309159	-0.00580448	0.999505	0.908911	0.910882	0.0575445	0.0528517	0.000329988	0.000328709	
4.92e-09	162	-0.0340156	0.00385302	0.999414	0.909375	0.909254	0.0462328	0.0628526	0.000522671	0.00038938	
4.98e-09	164	0.00476594	-0.00279508	0.999985	0.905315	0.907833	0.049085	0.0625613	0.000704807	0.00068211	
5.04e-09	166	0.0204147	-0.0104078	0.999737	0.906728	0.906931	0.0355255	0.0457975	0.000186591	0.000187359	
5.1e-09	168	0.000392082	0.00157792	0.999999	0.906078	0.905435	0.0688457	0.0597797	0.000349843	0.00029718	
5.16e-09	170	0.0348126	-0.040992	0.998553	0.902857	0.904402	0.0605549	0.0977959	0.000485568	0.000465996	
5.22e-09	172	0.0177419	0.0554321	0.998305	0.904139	0.903263	0.0592011	0.0844435	0.000605972	0.000530597	
5.28e-09	174	-0.00400578	0.00684111	0.999969	0.89912	0.901042	0.0403099	0.0319076	0.000547382	0.000527271	
5.34e-09	176	-0.00704094	0.00354388	0.999969	0.89896	0.900818	0.0409815	0.027359	0.000433294	0.000420793	
5.4e-09	178	-0.00325956	0.021849	0.999756	0.897214	0.899345	0.0384918	0.0460872	0.000531579	0.000529521	
5.46e-09	180	0.0196587	0.0161919	0.999676	0.899337	0.897963	0.0565581	0.0669039	0.000439834	0.000504818	
5.52e-09	182	-0.00792708	0.0145817	0.999862	0.898044	0.897381	0.0535213	0.10605	0.000471865	0.000382557	
5.58e-09	184	-0.0815306	0.0181398	0.996506	0.895253	0.895494	0.0610127	0.0665886	0.000533493	0.00046433	
5.64e-09	186	0.0227806	0.00898809	0.9997	0.892799	0.894338	0.0458658	0.0272605	0.000749756	0.000732532	
5.7e-09	188	0.0174795	-0.0135421	0.999756	0.894393	0.892896	0.0493054	0.0623738	0.00035476	0.00030192	
5.76e-09	190	-0.00355642	0.029975	0.999544	0.887344	0.892686	0.0572338	0.0601419	0.000572459	0.000568706	
5.82e-09	192	0.0190942	0.0139931	0.99972	0.892419	0.890815	0.0321985	0.0339242	0.000365378	0.00037146	
5.88e-09	194	-0.00404148	-0.0197095	0.999798	0.888425	0.889317	0.0713915	0.0371962	0.000466154	0.000408713	
5.94e-09	196	0.0046837	0.0315512	0.999491	0.890191	0.888567	0.062924	0.0970049	0.000694318	0.000611618	
6e-09	198	0.0237374	-0.0530667	0.998309	0.885442	0.886857	0.0444811	0.0710882	0.000592608	0.000528607	
6.06e-09	200	-0.0232568	-0.033934	0.999153	0.884964	0.886253	0.0582277	0.0664355	0.000401962	0.00036782	
6.12e-09	202	0.0331895	0.0165726	0.999312	0.881018	0.883665	0.067085	0.049476	0.000472405	0.000433684	
6.18e-09	204	-0.00496705	-0.0171955	0.99984	0.88309	0.883316	0.0460935	0.0564334	0.000452481	0.000383391	
6.24e-09	206	0.0351993	0.0179175	0.99922	0.879571	0.881395	0.0654694	0.0676822	0.000808599	0.000722525	
6.3e-09	208	0.0300445	-0.0240252	0.99926	0.882801	0.880651	0.0442071	0.0915686	0.00066742	0.000607561	
6.36e-09	210	-0.0223614	0.012993	0.999666	0.880589	0.879825	0.0797258	0.0392348	0.000587535	0.000610951	
6.42e-09	212	-0.0202592	-0.0263611	0.999447	0.878084	0.877297	0.0535949	0.106515	0.000573535	0.000474989	
6.48e-09	214	0.0254956	-0.0256464	0.999346	0.878003	0.876227	0.0878934	0.0619234	0.000351344	0.000372145	
6.54e-09	216	0.0137325	-0.0182131	0.99974	0.877627	0.875826	0.0706598	0.0382973	0.000426085	0.000385736	
6.6e-09	218	-0.00153552	0.0443119	0.999017	0.879106	0.874958	0.0555322	0.0590515	0.000825988	0.000688867	
6.66e-09	220	0.0307815	-0.0104078	0.999472	0.869828	0.872189	0.0751679	0.0705524	0.00110491	0.00119305	
6.72e-09	222	0.0199596	0.0169153	0.999658	0.871325	0.871094	0.0767655	0.0443555	0.000723098	0.000570196	
6.78e-09	224	-0.0088171	-0.0265053	0.99961	0.875116	0.870542	0.0572712	0.0682461	0.000518854	0.000467182	
6.84e-09	226	-0.018688	0.0294255	0.999392	0.867325	0.86839	0.0585025	0.0851178	0.000550424	0.000500185	
6.9e-09	228	0.00818037	0.0115072	0.9999	0.868632	0.868141	0.0883152	0.0315585	0.000341283	0.000388226	
6.96e-09	230	-0.0188531	-0.0333691	0.999265	0.865241	0.866009	0.0279392	0.0662182	0.000805217	0.000834904	
7.02e-09	232	0.0119814	-0.0104803	0.999873	0.866479	0.865279	0.0837701	0.0559081	0.00125211	0.00123288	
7.08e-09	234	0.0289282	0.00406038	0.999573	0.86558	0.863989	0.0705766	0.0211881	0.000689179	0.000635934	
7.14e-09	236	-0.0230933	-0.0404376	0.998915	0.857039	0.862483	0.0505929	0.0674457	0.000562857	0.000513182	
7.2e-09	238	-0.0313219	-0.03154	0.999012	0.86275	0.861156	0.0577231	0.0531674	0.000435907	0.000482436	
7.26e-09	240	-0.0251622	0.0123265	0.999607	0.85919	0.860294	0.0447462	0.0472972	0.00068952	0.000645127	
7.32e-09	242	-0.0678624	-0.00775796	0.997665	0.862305	0.858758	0.0642945	0.0548961	0.000919323	0.000863839	
7.38e-09	244	0.0087121	0.0541627	0.998494	0.858119	0.858081	0.0623272	0.0919314	0.000780702	0.000580308	
7.44e-09	246	-0.0120054	0.00791136	0.999897	0.858019	0.855852	0.0715325	0.0386456	0.000525909	0.000536327	
7.5e-09	248	0.00463685	-0.00996736	0.99994	0.855594	0.854642	0.123193	0.0569889	0.00071041	0.000671672	
7.56e-09	250	-0.007537	0.0471704	0.998858	0.851672	0.853909	0.0460308	0.0731262	0.000856504	0.000777245	
7.62e-09	252	-0.027284	-0.0401299	0.998822	0.849499	0.852364	0.0800382	0.0773368	0.000744433	0.000697561	
7.68e-09	254	-0.0550327	0.0240046	0.998196	0.851383	0.850891	0.0541176	0.06194	0.000905009	0.000896643	
7.74e-09	256	-0.00182714	0.0522442	0.998633	0.847934	0.848895	0.0737479	0.0595594	0.000915569	0.000766689	
7.8e-09	258	0.0315229	-0.0149613	0.999391	0.848964	0.847497	0.0369761	0.0567848	0.00103033	0.000891246	
7.86e-09	260	0.0885844	0.0200007	0.995868	0.840271	0.846055	0.064094	0.0593721	0.000835224	0.00076735	
7.92e-09	262	-0.0100145	0.0301866	0.999494	0.844807	0.844841	0.066384	0.0547696	0.000850467	0.000723032	
7.98e-09	264	0.0303116	0.0846951	0.995946	0.846629	0.843282	0.0475136	0.107836	0.000685636	0.000615027	
8.04e-09	266	0.00753005	0.0294808	0.999537	0.840059	0.842188	0.0447719	0.0686111	0.000691762	0.000687182	
8.1e-09	268	0.0275311	-0.0276705	0.999238	0.843012	0.841543	0.0812299	0.0796465	0.000941343	0.00106774	
8.16e-09	270	0.0117376	-0.0105142	0.999876	0.840721	0.839818	0.0737761	0.0373947	0.000622758	0.000616769	
8.22e-09	272	-0.0117619	-0.0499785	0.998681	0.837503	0.83735	0.0563346	0.114665	0.0011541	0.00100687	
8.28e-09	274	0.00951188	-0.0178726	0.999795	0.836253	0.836873	0.0410544	0.0568643	0.000745193	0.000773201	
8.34e-09	276	-0.0117039	0.0155759	0.99981	0.834683	0.834609	0.0487935	0.0853139	0.000829982	0.000716569	
8.4e-09	278	0.01075	-0.0178656	0.999783	0.831357	0.833814	0.0986829	0.0845384	0.000872515	0.000875115	
8.46e-09	280	-0.0137948	0.0240403	0.999616	0.824819	0.83094	0.0395023	0.056359	0.00140059	0.00125338	
8.52e-09	282	-0.0291152	0.0217718	0.999339	0.832149	0.830845	0.0909193	0.0923501	0.000826962	0.00054747	
8.58e-09	284	0.00429496	-0.0591906	0.998237	0.825648	0.828711	0.0500662	0.079509	0.000962688	0.000796444	
8.64e-09	286	-0.00925699	-0.00264632	0.999954	0.834394	0.827645	0.0359326	0.0380815	0.00106642	0.000943515	
8.7e-09	288	0.0304301	-0.00970901	0.99949	0.832054	0.826202	0.0413518	0.0548368	0.00054171	0.000541086	
8.76e-09	290	-0.0187025	0.0356531	0.999189	0.8225	0.823945	0.0696143	0.0858543	0.00129141	0.00114944	
8.82e-09	292	-0.000208758	-0.0454888	0.998965	0.831665	0.822916	0.0366493	0.0326768	0.000979131	0.00092736	
8.88e-09	294	0.00506476	0.057624	0.998326	0.824168	0.823087	0.0328638	0.071974	0.000891239	0.000927794	
8.94e-09	296	-0.0839273	0.0517971	0.995125	0.816324	0.820591	0.0664201	0.0355933	0.00148691	0.00140559	
9e-09	298	0.00273661	-0.00970686	0.999949	0.818955	0.819939	0.0606475	0.0533856	0.0013907	0.0012718	
9.06e-09	300	-0.00282798	0.0377486	0.999283	0.812853	0.817199	0.111928	0.105887	0.00141951	0.00107578	
9.12e-09	302	-0.0134461	-0.0539639	0.998452	0.808899	0.817547	0.0628544	0.0464877	0.000908485	0.000896606	
9.18e-09	304	-0.0013681	-0.000635989	0.999999	0.81148	0.814875	0.0707498	0.0722953	0.0011286	0.000818847	
9.24e-09	306	-0.0600588	0.034016	0.997615	0.811336	0.813337	0.0352424	0.0798689	0.00134791	0.00104372	
9.3e-09	308	0.0535396	-0.035013	0.997952	0.814224	0.811718	0.0739396	0.0894925	0.0015518	0.00151796	
9.36e-09	310	-0.0259552	-0.0378614	0.998946	0.805394	0.810804	0.0642221	0.0474189	0.00112422	0.00105853	
9.42e-09	312	0.0153441	0.0285118	0.999476	0.810717	0.808631	0.122436	0.0551536	0.000936898	0.000953452	
9.48e-09	314	-0.0267024	-0.0252705	0.999324	0.801228	0.806523	0.0708435	0.0629826	0.00133146	0.0014534	
9.54e-09	316	-0.0332918	-0.0625603	0.997486	0.80051	0.807455	0.051676	0.0588326	0.0010118	0.000942667	
9.6e-09	318	-0.0118945	-0.0372489	0.999235	0.803714	0.805042	0.0527422	0.0676801	0.0014392	0.00132565	
9.66e-09	320	-0.0422713	0.0238023	0.998823	0.799756	0.802925	0.0587156	0.07248	0.00124798	0.00109354	
9.72e-09	322	-0.0509526	-0.0153882	0.998583	0.802473	0.802546	0.0565295	0.054101	0.00122302	0.00126299	
9.78e-09	324	0.00451401	-0.09182	0.995765	0.798161	0.800817	0.0510903	0.0840057	0.00152961	0.00135192	
9.84e-09	326	0.00238453	-0.0441286	0.999023	0.803586	0.798239	0.0485473	0.0636749	0.000910752	0.000795928	
9.9e-09	328	0.0191822	0.0368673	0.999136	0.793253	0.796548	0.0611518	0.0761722	0.00105867	0.000958698	
9.96e-09	330	-0.0213306	-0.0131291	0.999686	0.797959	0.794554	0.107567	0.0652257	0.00132002	0.000889289	
1.002e-08	332	0.0381971	-0.0142816	0.999168	0.792093	0.793952	0.0844089	0.0865075	0.00151305	0.00138778	
1.008e-08	334	-0.0275984	-0.0228831	0.999357	0.79718	0.793505	0.0838727	0.0490941	0.00123325	0.000994113	
1.014e-08	336	-0.0457747	0.0909589	0.994802	0.791882	0.791817	0.0743871	0.0717514	0.00126064	0.000899214	
1.02e-08	338	-0.0222282	-0.00502218	0.99974	0.796319	0.790765	0.0455602	0.0629475	0.00209559	0.00191346	
1.026e-08	340	0.0169167	-0.0231842	0.999588	0.779717	0.787513	0.0677652	0.0462636	0.00170716	0.00148466	
1.032e-08	342	0.075092	-0.0631655	0.995174	0.787918	0.784718	0.0494125	0.0599801	0.00145774	0.00148831	
1.038e-08	344	0.0288538	-0.0205599	0.999372	0.780748	0.783807	0.0454253	0.0542058	0.00128577	0.00109156	
1.044e-08	346	-0.0123115	-0.024589	0.999622	0.781856	0.78324	0.0436745	0.0398249	0.00130223	0.00111918	
1.05e-08	348	0.0187794	0.107096	0.994071	0.775487	0.781826	0.0857919	0.0616279	0.000918029	0.00088844	
1.056e-08	350	-0.04839	0.0278007	0.998442	0.777582	0.780002	0.064121	0.0578099	0.00120123	0.00108395	
1.062e-08	352	0.0645619	0.0236982	0.997632	0.784925	0.777856	0.140179	0.0460388	0.00181332	0.0011363	
1.068e-08	354	-0.0266918	0.0247941	0.999336	0.777155	0.775771	0.0725129	0.0760823	0.00194028	0.00156648	
1.074e-08	356	-0.0576237	-0.013632	0.998245	0.774456	0.776436	0.0494416	0.0827048	0.0013411	0.00137796	
1.08e-08	358	0.0486336	0.0362112	0.99816	0.769993	0.772243	0.104389	0.0967905	0.00110124	0.000818174	
1.086e-08	360	0.0122036	0.0186106	0.999752	0.772579	0.772265	0.083334	0.0771774	0.000863067	0.000727737	
1.092e-08	362	-0.0466317	-0.0678494	0.996605	0.76305	0.77112	0.0531924	0.0989847	0.00140114	0.00136862	
1.098e-08	364	-0.0342359	0.0369889	0.998729	0.76968	0.768641	0.0561489	0.067685	0.00119058	0.000948085	
1.104e-08	366	0.0722972	0.0049941	0.997371	0.768365	0.766699	0.0730321	0.0336969	0.00124865	0.00120143	
1.11e-08	368	0.084144	0.0318314	0.995945	0.769917	0.764073	0.0374508	0.0974506	0.00170016	0.00157287	
1.116e-08	370	-0.0441953	0.0339394	0.998446	0.767426	0.762341	0.0686071	0.0631414	0.0015219	0.00150372	
1.122e-08	372	0.0715866	-0.0625747	0.99547	0.764882	0.763074	0.05129	0.0664325	0.00122443	0.00106108	
1.128e-08	374	-0.00181514	0.0380385	0.999275	0.762461	0.761575	0.0522682	0.0979948	0.000932975	0.00103209	
1.134e-08	376	0.119834	0.0888344	0.988812	0.755612	0.758739	0.0732803	0.10485	0.00184133	0.00154027	
1.14e-08	378	0.0238307	-0.00751887	0.999688	0.75873	0.755474	0.0580329	0.0619032	0.00293241	0.00249968	
1.146e-08	380	0.0420261	-0.0415792	0.998251	0.753596	0.754671	0.0709853	0.0684735	0.00130326	0.00121137	
1.152e-08	382	0.0428988	-0.107519	0.993277	0.749986	0.754904	0.0621637	0.0880344	0.00162871	0.00120141	
1.158e-08	384	0.0715252	-0.00237755	0.997436	0.747495	0.750394	0.066608	0.0772651	0.00149052	0.0011764	
1.164e-08	386	-0.00219163	0.015385	0.999879	0.750718	0.749504	0.0680535	0.0529661	0.00165821	0.00136588	
1.17e-08	388	-0.0340198	-0.0642041	0.997357	0.734982	0.749724	0.0905593	0.0854754	0.00155935	0.00171189	
1.176e-08	390	0.0620973	0.0672586	0.995801	0.750277	0.746962	0.0884337	0.049127	0.00100787	0.00106758	
1.182e-08	392	0.0795107	0.0627255	0.994859	0.737561	0.744093	0.0790067	0.0754278	0.00246527	0.00212578	
1.188e-08	394	0.0685394	-0.0628263	0.995668	0.731305	0.743081	0.0971817	0.0961108	0.00168757	0.0013473	
1.194e-08	396	0.0380297	0.0313342	0.998785	0.744397	0.742352	0.0669005	0.0998046	0.00160988	0.00153008	
1.2e-08	398	0.0626858	-0.0573752	0.996383	0.741022	0.738189	0.046404	0.0557768	0.00121317	0.0011347	
1.206e-08	400	0.0372158	0.029217	0.99888	0.729907	0.737479	0.115325	0.0715049	0.00229333	0.00173516	
1.212e-08	402	-0.0672457	0.00533818	0.997722	0.735869	0.737466	0.0487708	0.0502828	0.000841786	0.000923024	
1.218e-08	404	0.0382293	0.123904	0.991558	0.73099	0.7341	0.0464036	0.0744782	0.00159331	0.0013518	
1.224e-08	406	0.0204536	0.00688172	0.999767	0.735012	0.731711	0.0668649	0.0516066	0.00203875	0.00190342	
1.23e-08	408	-0.0115653	-0.0349246	0.999323	0.7326	0.732807	0.0543288	0.0615293	0.00212201	0.00204531	
1.236e-08	410	-0.00992489	0.0339451	0.999374	0.708325	0.725816	0.0562622	0.0639499	0.00272434	0.00213132	
1.242e-08	412	0.0792715	-0.0130133	0.996768	0.720563	0.727731	0.101527	0.0369818	0.00159454	0.00141945	
1.248e-08	414	0.0204022	-0.0135123	0.999701	0.718143	0.725247	0.0780539	0.0434577	0.00245429	0.00231962	
1.254e-08	416	0.0579984	-0.0289097	0.997898	0.715348	0.724985	0.0815308	0.0637563	0.00125951	0.00129912	
1.26e-08	418	0.0358692	-0.0632203	0.997355	0.718441	0.720816	0.0402693	0.0666109	0.00175604	0.00187167	
1.266e-08	420	-0.0368286	-0.0153997	0.999203	0.711188	0.718363	0.0585397	0.0606305	0.00154191	0.00151669	
1.272e-08	422	0.0434994	-0.00882524	0.999014	0.725491	0.717173	0.0600743	0.0761519	0.00278594	0.00262592	
1.278e-08	424	0.0803891	0.0399323	0.995963	0.724968	0.716646	0.0665318	0.114721	0.00350843	0.0028836	
1.284e-08	426	-0.0871409	0.141016	0.986165	0.718051	0.713043	0.0773045	0.0960409	0.00191069	0.00159122	
1.29e-08	428	0.0301117	0.0576546	0.997882	0.7225	0.71478	0.063078	0.0655111	0.00231785	0.00231819	
1.296e-08	430	0.041912	0.0377829	0.998407	0.714087	0.709979	0.094669	0.0759918	0.00187604	0.00181711	
1.302e-08	432	-0.076924	-0.0181037	0.996873	0.693006	0.706667	0.0616328	0.0867674	0.00368605	0.00353307	
1.308e-08	434	-0.0423534	-0.0332032	0.998551	0.701729	0.705327	0.0691527	0.0613545	0.00246505	0.0023382	
1.314e-08	436	0.113298	0.0211065	0.993337	0.710229	0.704848	0.0561415	0.079819	0.00121872	0.0012642	
1.32e-08	438	0.0400571	-0.030378	0.998736	0.691714	0.701939	0.094016	0.0819232	0.00208761	0.00197005	
1.326e-08	440	-0.020551	0.00108036	0.999788	0.700573	0.699412	0.0639393	0.0362499	0.00285069	0.00212721	
1.332e-08	442	-0.0196218	0.0279465	0.999417	0.696528	0.696518	0.0501993	0.0364584	0.00354659	0.00319444	
1.338e-08	444	0.0438279	0.0115988	0.998972	0.680003	0.6952	0.0647797	0.0579275	0.00334861	0.00321328	
1.344e-08	446	-0.0234828	-0.020019	0.999524	0.690713	0.692533	0.0781371	0.0899787	0.00228109	0.00219435	
1.35e-08	448	-0.0847439	-0.0192482	0.996217	0.691611	0.692295	0.0383636	0.0947503	0.00166554	0.00157552	
1.356e-08	450	0.109737	0.0167573	0.993819	0.688991	0.691624	0.0667008	0.120772	0.0033615	0.0021526	
1.362e-08	452	-0.064536	-0.0280699	0.997521	0.685485	0.688732	0.0546372	0.0577886	0.0034475	0.00298267	
1.368e-08	454	-0.00870647	-0.0752316	0.997128	0.684178	0.68596	0.0505713	0.0462364	0.00169796	0.00176178	
1.374e-08	456	-0.12075	-0.122961	0.985038	0.675314	0.684246	0.0557921	0.0845945	0.00212593	0.00148805	
1.38e-08	458	-0.0805077	0.0206865	0.996539	0.676226	0.68042	0.0626971	0.0772746	0.00218555	0.00178227	
1.386e-08	460	0.0207407	-0.0211927	0.99956	0.685521	0.67931	0.0634118	0.0593611	0.0024129	0.00274636	
1.392e-08	462	-0.015028	-0.00805558	0.999855	0.683762	0.677675	0.0913182	0.0715265	0.00270702	0.00230153	
1.398e-08	464	0.0187469	0.112823	0.993438	0.67377	0.673514	0.0730491	0.0956325	0.00218641	0.00214125	
1.404e-08	466	0.0971166	-0.157415	0.982746	0.670383	0.674599	0.0551081	0.0746291	0.00204305	0.00182486	
1.41e-08	468	-0.0635839	0.058017	0.996289	0.665047	0.668684	0.0768653	0.0682832	0.00223962	0.00221605	
1.416e-08	470	0.0395831	-0.0349258	0.998606	0.671834	0.667925	0.117245	0.0804158	0.00301713	0.00258714	
1.422e-08	472	-0.0761631	0.0807347	0.993821	0.661379	0.6674	0.114083	0.0850207	0.00307392	0.00301387	
1.428e-08	474	-0.0289057	0.0707407	0.997076	0.658969	0.663388	0.0514829	0.0900908	0.00291781	0.00278618	
1.434e-08	476	0.0167759	-0.0441558	0.998884	0.671485	0.659741	0.0787266	0.089277	0.00391333	0.00299629	
1.44e-08	478	0.10516	-0.0173434	0.994304	0.644857	0.659157	0.100798	0.0324443	0.00442064	0.00387389	
1.446e-08	480	-0.0583571	-0.0134267	0.998205	0.660004	0.657442	0.0732327	0.0901481	0.00213406	0.00200819	
1.452e-08	482	0.0545825	-0.0258526	0.998175	0.648736	0.656896	0.0922972	0.0813701	0.00357194	0.00303576	
1.458e-08	484	-0.0336083	0.109943	0.99337	0.655404	0.652295	0.0923904	0.122209	0.00254062	0.00180565	
1.464e-08	486	-0.111706	-0.14284	0.983422	0.650594	0.650509	0.142667	0.0802951	0.00332027	0.00349709	
1.47e-08	488	-0.0756023	-0.0755054	0.994275	0.629089	0.648287	0.0721713	0.0643436	0.00513956	0.00490975	
1.476e-08	490	0.0368751	0.0697833	0.99688	0.653202	0.64665	0.0767867	0.0979495	0.00384496	0.00333027	
1.482e-08	492	0.0282515	0.0637561	0.997566	0.63907	0.644576	0.042223	0.125742	0.00463844	0.00361579	
1.488e-08	494	-0.0557449	-0.0213399	0.998217	0.651156	0.639824	0.0634338	0.0781872	0.00477482	0.00425022	
1.494e-08	496	0.124551	0.0104198	0.992158	0.623455	0.639175	0.072497	0.0897494	0.00369438	0.0028891	
1.5e-08	498	0.0117904	0.0851312	0.9963	0.627458	0.636629	0.0868564	0.132851	0.00576972	0.00221755	
1.506e-08	500	-0.0344874	0.0478829	0.998257	0.637305	0.633678	0.0691698	0.124072	0.00525267	0.00462318	
1.512e-08	502	-0.0197079	-0.0957284	0.995212	0.637412	0.634823	0.071172	0.153647	0.0037646	0.00287429	
1.518e-08	504	-0.0424312	0.0243793	0.998802	0.63863	0.631479	0.081831	0.0773901	0.00520684	0.00452067	
1.524e-08	506	0.107877	-0.0661188	0.991963	0.624595	0.623971	0.117102	0.0817197	0.00478809	0.00411168	
1.53e-08	508	0.0385408	-0.00215987	0.999255	0.624847	0.623738	0.0862098	0.0502486	0.00482192	0.00332179	
1.536e-08	510	-0.140301	-0.0795733	0.986906	0.619186	0.620851	0.0722271	0.0989832	0.00371341	0.00304694	
1.542e-08	512	-0.121686	-0.0195571	0.992376	0.624815	0.62219	0.101009	0.0477404	0.00358545	0.00382708	
1.548e-08	514	0.107976	-0.0213199	0.993925	0.625828	0.613498	0.0934597	0.069669	0.00621296	0.00605444	
1.554e-08	516	0.0377205	-0.121734	0.991846	0.601899	0.614676	0.11746	0.0650643	0.00553838	0.00393041	
1.56e-08	518	0.0284187	0.124742	0.991782	0.624007	0.609332	0.0773547	0.0746717	0.00369472	0.00364537	
1.566e-08	520	-0.0560067	0.206376	0.976869	0.597651	0.612353	0.106148	0.0800593	0.00584108	0.00452984	
1.572e-08	522	-0.0443205	-0.166467	0.985051	0.604802	0.603828	0.0436944	0.0673013	0.00561939	0.00485369	
1.578e-08	524	0.0799648	0.0212782	0.996571	0.601959	0.603899	0.0769998	0.109492	0.00426291	0.00333629	
1.584e-08	526	0.0962214	-0.0215455	0.995127	0.59317	0.598504	0.0964391	0.0416983	0.00416732	0.00352558	
1.59e-08	528	-0.0322502	0.0628554	0.997501	0.578879	0.598896	0.0791804	0.0473987	0.00306778	0.00360912	
1.596e-08	530	-0.00364887	-0.193422	0.981109	0.587082	0.598439	0.0756331	0.0698881	0.00437247	0.00357582	
1.602e-08	532	-0.0399651	-0.0829829	0.995749	0.586651	0.591793	0.078387	0.119419	0.00557183	0.00454804	
1.608e-08	534	0.157325	-0.0101118	0.987495	0.584391	0.588766	0.0924591	0.0996081	0.00468045	0.00385449	
1.614e-08	536	0.0282056	-0.0619896	0.997678	0.58288	0.586199	0.0918664	0.0898724	0.00595098	0.00490391	
1.62e-08	538	0.00178965	-0.00483361	0.999987	0.590612	0.584973	0.0688658	0.111838	0.00360208	0.0033679	
1.626e-08	540	-0.0591838	0.0444731	0.997256	0.565794	0.581906	0.0484677	0.0583483	0.00452095	0.00424745	
1.632e-08	542	0.116539	-0.034583	0.992584	0.590793	0.580453	0.0811407	0.0684078	0.00444298	0.00432014	
1.638e-08	544	-0.18033	0.0306433	0.983129	0.577314	0.575804	0.0821565	0.0625748	0.00558461	0.00543498	
1.644e-08	546	0.0566172	-0.0585962	0.996675	0.569773	0.574733	0.091055	0.0675993	0.005591	0.00436725	
1.65e-08	548	0.162351	0.0402614	0.985911	0.552735	0.57029	0.0803927	0.0700443	0.00365855	0.00340956	
1.656e-08	550	0.0187569	-0.0162827	0.999691	0.582364	0.568128	0.125234	0.0754311	0.00430847	0.00325595	
1.662e-08	552	-0.0899751	-0.099601	0.990951	0.577265	0.564856	0.0694041	0.0979317	0.00554958	0.0051149	
1.668e-08	554	0.0472308	-0.0204062	0.998676	0.568402	0.562296	0.0553935	0.126601	0.00538022	0.00379432	
1.674e-08	556	-0.0546182	0.0696798	0.996073	0.570198	0.558151	0.0952784	0.0607333	0.00512787	0.00404866	
1.68e-08	558	-0.0286128	-0.00379199	0.999583	0.542314	0.553474	0.0920771	0.0968617	0.00501367	0.00488953	
1.686e-08	560	-0.0841054	-0.10878	0.990501	0.562441	0.55399	0.0626653	0.0676434	0.00345023	0.00301779	
1.692e-08	562	-0.0296283	0.015699	0.999438	0.552014	0.548731	0.0873995	0.0758734	0.00423318	0.00398219	
1.698e-08	564	0.120823	-0.0469751	0.991562	0.541243	0.540891	0.10561	0.048434	0.00475317	0.00413018	
1.704e-08	566	-0.0103391	-0.054721	0.998448	0.552516	0.545845	0.079608	0.116247	0.00515758	0.0032374	
1.71e-08	568	-0.138723	-0.16009	0.977306	0.535173	0.540383	0.116284	0.0864807	0.00628189	0.00603956	
1.716e-08	570	0.0690629	0.0495219	0.996382	0.534716	0.533988	0.0522428	0.0560411	0.00777395	0.00636736	
1.722e-08	572	-0.0831465	-0.0328119	0.995997	0.541492	0.536769	0.0961319	0.0725372	0.0039248	0.00313982	
1.728e-08	574	-0.138075	-0.0125937	0.990342	0.539981	0.532483	0.143126	0.114455	0.00887675	0.0066332	
1.734e-08	576	0.0549879	0.171137	0.983711	0.51493	0.52163	0.107002	0.0833893	0.00555783	0.00552426	
1.74e-08	578	0.020655	0.143241	0.989472	0.522351	0.521647	0.100823	0.101473	0.00439343	0.00344654	
1.746e-08	580	0.220371	0.00415693	0.975407	0.525343	0.517509	0.097502	0.0770428	0.00400736	0.00374281	
1.752e-08	582	0.0248663	0.0580952	0.998001	0.505678	0.512798	0.0356901	0.0608084	0.00398801	0.00410732	
1.758e-08	584	-0.014028	0.114652	0.993307	0.523862	0.508453	0.1249	0.0665318	0.011052	0.00732185	
1.764e-08	586	-0.0630063	-0.0285619	0.997604	0.48833	0.509003	0.0876631	0.0960516	0.00789582	0.00647181	
1.77e-08	588	0.0124328	0.0568241	0.998307	0.499358	0.504539	0.0656241	0.0989364	0.00819981	0.00589662	
1.776e-08	590	0.0170057	-0.00763114	0.999826	0.48932	0.496266	0.0949979	0.0772073	0.00769836	0.00672634	
1.782e-08	592	0.147654	-0.147819	0.97793	0.488539	0.497445	0.106379	0.111523	0.0105833	0.00804427	
1.788e-08	594	-0.117346	-0.0374467	0.992385	0.503578	0.491896	0.107613	0.0613516	0.0064195	0.00615285	
1.794e-08	596	-0.0322428	-0.0695588	0.997057	0.479005	0.48778	0.0655168	0.0397	0.00588192	0.00629463	
1.8e-08	598	-0.00119426	0.158661	0.987332	0.453036	0.481382	0.0633075	0.0605069	0.00824337	0.00861616	
1.806e-08	600	0.155734	0.00777057	0.987768	0.483037	0.48153	0.124659	0.107619	0.00810956	0.00749858	
1.812e-08	602	0.0034637	0.0440207	0.999025	0.461816	0.471853	0.0662256	0.0846691	0.0103491	0.0088373	
1.818e-08	604	-0.0615581	0.0912877	0.99392	0.452042	0.473031	0.0992123	0.0874056	0.00891098	0.00768928	
1.824e-08	606	0.0469621	-0.0809538	0.995611	0.47228	0.464461	0.106685	0.0898194	0.00947543	0.0071011	
1.83e-08	608	0.201314	-0.0469386	0.978402	0.453865	0.463635	0.0769759	0.075721	0.00643744	0.00550742	
1.836e-08	610	0.169116	-0.0249662	0.98528	0.475674	0.460025	0.0588328	0.116504	0.00934136	0.0080538	
1.842e-08	612	-0.0144403	0.0514761	0.99857	0.470287	0.454833	0.080603	0.0939299	0.0117539	0.0101969	
1.848e-08	614	-0.260281	-0.000273604	0.965533	0.471807	0.446392	0.101911	0.102994	0.00754524	0.00662648	
1.854e-08	616	-0.129944	0.02669	0.991162	0.442606	0.444126	0.121079	0.0847264	0.00658765	0.00608504	
1.86e-08	618	-0.0744599	-0.0882127	0.993315	0.415127	0.442342	0.0587588	0.0960589	0.0127229	0.00983138	
1.866e-08	620	-0.00104946	-0.0147523	0.999891	0.42939	0.442653	0.0908504	0.0974606	0.0118446	0.00986187	
1.872e-08	622	0.0173313	-0.185592	0.982474	0.44849	0.433025	0.115213	0.0974897	0.0147474	0.0136027	
1.878e-08	624	0.0336845	-0.192523	0.980714	0.45858	0.431749	0.0843565	0.100713	0.0167511	0.0143423	
1.884e-08	626	-0.00358565	-0.021046	0.999772	0.4407	0.423577	0.0754236	0.0929167	0.0157169	0.0141957	
1.89e-08	628	0.0353682	-0.0388509	0.998619	0.442588	0.418491	0.0707635	0.0593258	0.0164819	0.0150872	
1.896e-08	630	-0.0768441	-0.0750279	0.994216	0.393998	0.408541	0.0859262	0.0959045	0.0134829	0.0123908	
1.902e-08	632	0.014334	0.282943	0.95903	0.428111	0.407787	0.108818	0.101048	0.0129074	0.00941392	
1.908e-08	634	-0.17248	-0.0549276	0.98348	0.390811	0.403071	0.0986113	0.0830059	0.0101963	0.00923577	
1.914e-08	636	0.0605698	0.107255	0.992385	0.401612	0.398249	0.111179	0.107566	0.015373	0.0133754	
1.92e-08	638	-0.0196606	0.0857237	0.996125	0.411339	0.39415	0.123793	0.119036	0.0153338	0.0109516	
1.926e-08	640	0.0597649	0.0629937	0.996223	0.389853	0.386709	0.0844433	0.0703065	0.0191528	0.0136319	
1.932e-08	642	0.233814	-0.0351442	0.971646	0.417735	0.379634	0.111744	0.067285	0.0115019	0.0128539	
1.938e-08	644	-0.0463147	-0.0575183	0.99727	0.356415	0.379089	0.145947	0.0514194	0.0217601	0.0143166	
1.944e-08	646	-0.211769	0.00317408	0.977315	0.349425	0.368034	0.113032	0.101733	0.012471	0.0113479	
1.95e-08	648	0.232358	-0.0130425	0.972543	0.391579	0.363234	0.0685538	0.0783069	0.0144516	0.0136093	
1.956e-08	650	0.0225059	0.0508851	0.998451	0.360068	0.357976	0.123844	0.0854956	0.0153215	0.012733	
1.962e-08	652	0.193068	0.256987	0.946933	0.352743	0.356546	0.0793064	0.118981	0.0267569	0.0194485	
1.968e-08	654	0.14916	-0.046084	0.987739	0.351837	0.351101	0.156618	0.102044	0.0109841	0.0104373	
1.974e-08	656	0.0719449	-0.292339	0.953605	0.356563	0.335491	0.217267	0.0928617	0.0351423	0.0258396	
1.98e-08	658	-0.207084	0.243139	0.947628	0.340264	0.332693	0.117229	0.0714975	0.0260708	0.0242368	
1.986e-08	660	0.0498375	-0.482976	0.874214	0.292679	0.333984	0.102177	0.114236	0.0253419	0.0133283	
1.992e-08	662	0.168982	-0.193923	0.966354	0.317312	0.314833	0.113902	0.126764	0.0365325	0.0251698	
1.998e-08	664	-0.0865068	-0.126449	0.988194	0.287235	0.297339	0.1576	0.119551	0.0429065	0.0348728	
2.004e-08	666	0.14472	0.0454188	0.98843	0.327364	0.307355	0.0951324	0.11318	0.0302671	0.0247776	
2.01e-08	668	0.110007	0.237304	0.965187	0.295799	0.302106	0.0653803	0.111785	0.0231409	0.018857	
2.016e-08	670	-0.125618	0.0852088	0.988413	0.294026	0.283951	0.0860931	0.104459	0.0353843	0.0295343	
2.022e-08	672	-0.0799406	-0.00937265	0.996756	0.260794	0.264508	0.110554	0.0903512	0.0341171	0.0269924	
2.028e-08	674	-0.14795	-0.107699	0.983113	0.250031	0.26317	0.093459	0.129428	0.0337424	0.0267512	
2.034e-08	676	0.0498754	0.0927532	0.994439	0.267311	0.261978	0.100735	0.0728989	0.0612817	0.0455041	
2.04e-08	678	0.26301	0.128529	0.956193	0.252203	0.25452	0.110232	0.0907744	0.0301826	0.0278239	
2.046e-08	680	-0.440781	0.464832	0.767882	0.191293	0.240685	0.0931915	0.144504	0.0345537	0.0314816	
2.052e-08	682	0.400449	-0.243406	-0.883399	0.191473	0.233958	0.120165	0.191611	0.769446	0.0569388	
2.058e-08	684	0.18888	0.170248	-0.96713	0.268637	0.209038	0.149112	0.126233	0.082368	0.0473595	
2.064e-08	686	0.205487	0.091816	-0.974343	0.191489	0.209478	0.0734922	0.106832	0.0581554	0.0412442	
2.07e-08	688	-0.316251	-0.0949366	-0.943913	0.234997	0.198122	0.0740509	0.0737978	0.356297	0.0885316	
2.076e-08	690	0.391793	0.398572	0.82924	0.101558	0.186694	0.121238	0.0753036	0.806153	0.0392712	
2.082e-08	692	-0.00144258	-0.0611832	0.998126	0.182763	0.180929	0.103792	0.0724827	0.539024	0.0756554	
2.088e-08	694	-0.527998	-0.389871	-0.754466	0.210615	0.158768	0.0922397	0.0839164	0.747991	0.0762995	
2.094e-08	696	0.209161	0.961593	-0.177737	0.0882309	0.151626	0.102836	0.107873	0.369306	0.0655557	
2.1e-08	698	-0.995872	-0.0906449	-0.0048409	0.107147	0.144684	0.10887	0.0937778	0.551346	0.059072	
2.106e-08	700	0.435093	0.633593	0.63973	0.114349	0.120754	0.0889173	0.0824269	0.386832	0.0757646	
2.112e-08	702	-0.0781947	-0.270377	-0.959574	0.124945	0.118489	0.101783	0.113222	0.308156	0.0596115	
2.118e-08	704	-0.960657	-0.248711	-0.123618	0.0527191	0.0986915	0.0953971	0.0733357	0.169997	0.0396281	
2.124e-08	706	-0.331411	-0.59159	-0.734975	0.0802653	0.0968702	0.0716249	0.0566967	0.229171	0.0465157	
2.13e-08	708	-0.685953	-0.682952	-0.251088	0.0924705	0.0936477	0.115243	0.0631045	0.119239	0.0564484	
2.136e-08	710	0.574876	0.812231	0.098981	0.0653881	0.0991417	0.0638098	0.109878	0.170669	0.0393973	
2.142e-08	712	0.475334	0.282508	0.833215	0.0952289	0.0880704	0.0706089	0.0370073	0.167685	0.0343305	
2.148e-08	714	-0.0934011	-0.579209	0.809811	0.0902231	0.080077	0.0385959	0.034743	0.157914	0.037538	
2.154e-08	716	-0.40655	0.0689816	-0.911021	0.0616913	0.0761954	0.0574387	0.0581046	0.0996518	0.0254558	
2.16e-08	718	-0.347856	-0.853205	0.388636	0.057945	0.0773943	0.061629	0.0719254	0.0714728	0.0215929	
2.166e-08	720	0.967303	0.0405919	0.250355	0.0793249	0.0753872	0.053864	0.0358737	0.124549	0.0348014	
2.172e-08	722	0.525936	0.655929	-0.541432	0.0970228	0.0738894	0.0499463	0.0622584	0.0847211	0.0276812	
2.178e-08	724	0.548208	0.779635	0.302717	0.0545415	0.062148	0.0302541	0.0608273	0.0582162	0.0262659	
2.184e-08	726	0.658359	0.372792	-0.653903	0.114324	0.062191	0.032044	0.0497132	0.0648087	0.0244184	
2.19e-08	728	-0.554486	0.288534	0.780573	0.0421961	0.0593986	0.0492659	0.0305688	0.0560496	0.0226607	
2.196e-08	730	-0.112341	-0.979862	0.165077	0.0543092	0.0574137	0.0330172	0.0391	0.0564541	0.022525	
2.202e-08	732	0.915149	0.403095	-0.00418226	0.079354	0.0598086	0.0359903	0.0397729	0.0461786	0.0107277	
2.208e-08	734	0.108147	-0.993471	0.0363297	0.0667132	0.0640074	0.0347428	0.0458218	0.0706416	0.0223581	
2.214e-08	736	-0.060853	0.264771	-0.962389	0.0299161	0.0508978	0.0363191	0.0339873	0.0306058	0.0185482	
2.22e-08	738	0.768732	-0.619839	0.157644	0.06366	0.044983	0.0213102	0.0312837	0.0192002	0.0105974	
2.226e-08	740	-0.780394	0.443501	0.440786	0.0341892	0.0566251	0.0435023	0.0261978	0.0473999	0.0158064	
2.232e-08	742	0.623375	0.776073	0.095473	0.0438403	0.0560191	0.0289902	0.0311415	0.0491983	0.0122061	
2.238e-08	744	-0.80046	-0.404419	0.44239	0.0356834	0.0548593	0.0390823	0.0265182	0.0386938	0.0144659	
2.244e-08	746	-0.0461966	0.323724	-0.945023	0.0571801	0.0548666	0.0259944	0.0404299	0.0412421	0.013485	
2.25e-08	748	0.216732	-0.332007	0.918041	0.0744064	0.0507284	0.0265752	0.0273301	0.0343617	0.00939705	
2.256e-08	750	0.786012	0.183771	0.590266	0.0618449	0.0518161	0.0240227	0.0287192	0.035752	0.00818529	
2.262e-08	752	-0.437393	0.239559	-0.866775	0.0131153	0.0451606	0.0167392	0.0290054	0.0280847	0.010736	
2.268e-08	754	0.020464	-0.99433	0.104347	0.0389229	0.0531486	0.0289249	0.0297325	0.0412924	0.0122788	
2.274e-08	756	0.251578	0.950681	0.18142	0.0310963	0.0399749	0.0159868	0.0186226	0.020881	0.0118016	
2.28e-08	758	-0.208648	-0.0636687	0.975916	0.0514546	0.0456003	0.0188158	0.0101093	0.0449767	0.0102852	
2.286e-08	760	-0.656202	-0.668004	-0.350955	0.0321997	0.0374914	0.0180169	0.0114474	0.0213571	0.0096671	
2.292e-08	762	-0.391793	0.116313	0.912672	0.0656242	0.0519591	0.0253624	0.0243482	0.0348985	0.0108867	
2.298e-08	764	-0.0128187	0.627775	-0.778289	0.0330827	0.0390794	0.0182542	0.0159403	0.0193638	0.0075168	
2.304e-08	766	-0.097779	0.891813	0.441711	0.0227946	0.0428433	0.0266138	0.0220012	0.0164213	0.00905352	
2.31e-08	768	-0.201088	-0.457336	-0.866261	0.0378479	0.0404904	0.0198606	0.0133304	0.0245358	0.0104532	
2.316e-08	770	-0.358886	0.919124	0.162516	0.0381357	0.045488	0.0205544	0.0326549	0.0218816	0.0141115	
2.322e-08	772	0.854733	-0.358185	-0.375679	0.0138907	0.0356675	0.0198645	0.0175944	0.00945373	0.00938872	
2.328e-08	774	0.938487	-0.345129	0.0113379	0.0371244	0.0381969	0.0229382	0.0104802	0.0169111	0.00769043	
2.334e-08	776	-0.771594	-0.587105	0.244847	0.0282041	0.0419298	0.0130137	0.0211775	0.0306119	0.0133673	
2.34e-08	778	-0.428749	0.305446	0.850222	0.0739464	0.0359017	0.0103396	0.0167944	0.0170326	0.00713598	
2.346e-08	780	-0.657191	-0.523288	-0.542466	0.0146231	0.0360969	0.0151153	0.0171562	0.0121232	0.00538548	
2.352e-08	782	0.536882	0.839042	0.0881283	0.069306	0.0382091	0.0163831	0.0176923	0.018995	0.00951641	
2.358e-08	784	-0.688406	0.655054	-0.311452	0.0671433	0.0348463	0.0151539	0.0117173	0.0205316	0.0122164	
2.364e-08	786	-0.377359	0.677057	-0.631818	0.0257943	0.0373729	0.0132353	0.012737	0.0196318	0.00465929	
2.37e-08	788	-0.731441	0.367252	0.574561	0.0293353	0.0308449	0.0141903	0.0119994	0.00825719	0.00630539	
2.376e-08	790	-0.899174	0.307211	-0.311621	0.0309448	0.0338708	0.00703498	0.0150728	0.0157912	0.00538524	
2.382e-08	792	-0.669023	-0.338254	-0.66181	0.0318189	0.0341899	0.0107554	0.0111488	0.0202288	0.00863008	
2.388e-08	794	0.646932	0.762542	0.00276073	0.0295993	0.0339833	0.0111663	0.012754	0.014064	0.00509756	
2.394e-08	796	-0.520275	-0.451176	0.725089	0.0280774	0.0344479	0.00905964	0.0153323	0.0154791	0.0056635	
2.4e-08	798	-0.267875	0.878893	-0.394703	0.00980415	0.0319364	0.013269	0.0105162	0.0128211	0.00655583	
2.406e-08	800	-0.480025	-0.432251	-0.763371	0.0593588	0.0341048	0.0135448	0.009073	0.0171148	0.0063086	
2.412e-08	802	-0.392329	-0.86295	0.318425	0.021294	0.0334001	0.0154693	0.0136473	0.0082838	0.00647242	
2.418e-08	804	-0.336642	0.687471	-0.643471	0.0209355	0.0394269	0.0168034	0.0128313	0.0206663	0.00593744	
2.424e-08	806	0.493247	0.135627	-0.859251	0.0211036	0.0288674	0.00563665	0.0131008	0.00914748	0.00398264	
2.43e-08	808	-0.42738	-0.301842	0.852196	0.0255084	0.0284378	0.00848371	0.00780212	0.0116511	0.00458156	
2.436e-08	810	0.0742569	0.995451	0.0596851	0.0306649	0.027897	0.00481324	0.00942247	0.00847447	0.00235545	
2.442e-08	812	0.9427	-0.230393	0.241322	0.0385299	0.0338264	0.0148827	0.00750326	0.0167282	0.00633654	
2.448e-08	814	0.495133	-0.744425	-0.447967	0.0304039	0.028316	0.0111675	0.00730594	0.00832532	0.00367868	
2.454e-08	816	-0.981579	-0.0765217	-0.175062	0.0427419	0.0306998	0.0105984	0.0109026	0.00950194	0.00510757	
2.46e-08	818	-0.24705	-0.208718	0.946257	0.0375648	0.0330288	0.0108216	0.0120734	0.0136435	0.0057368	
2.466e-08	820	-0.948222	-0.284089	0.142019	0.0192827	0.0270957	0.00981713	0.00621976	0.00803941	0.00327886	
2.472e-08	822	-0.243895	-0.894559	0.374539	0.0340494	0.0305197	0.00827704	0.00957824	0.0126338	0.00599688	
2.478e-08	824	-0.314953	-0.173451	-0.933124	0.0388301	0.0275554	0.00671868	0.008774	0.00851827	0.00342212	
2.484e-08	826	0.552775	-0.833019	-0.0227969	0.00855813	0.02872	0.00477007	0.0100004	0.0118086	0.00451955	
2.49e-08	828	0.907261	-0.0756133	0.413716	0.0263554	0.0295603	0.00898833	0.00785119	0.0117004	0.00404444	
2.496e-08	830	-0.468839	0.882465	0.0380159	0.0339989	0.0277037	0.00724239	0.0095048	0.00832555	0.00356016	
2.502e-08	832	0.0174472	0.924505	-0.38077	0.052076	0.0332015	0.00930473	0.0162664	0.011863	0.00645355	
2.508e-08	834	0.182551	0.977974	0.101207	0.0196815	0.0303641	0.00712756	0.00993914	0.012224	0.00462253	
2.514e-08	836	-0.37304	-0.136495	0.91772	0.0347934	0.0272167	0.0084637	0.00853856	0.00637272	0.00280443	
2.52e-08	838	-0.656852	-0.601616	-0.454537	0.029193	0.0270131	0.00827861	0.00721524	0.00760985	0.00310212	
2.526e-08	840	-0.760651	-0.543509	-0.354976	0.0330379	0.0258293	0.00660011	0.00782233	0.00671297	0.00436194	
2.532e-08	842	0.595857	-0.565493	-0.570239	0.017279	0.0268819	0.00802493	0.00717178	0.00634523	0.00293799	
2.538e-08	844	-0.0367014	0.462836	0.885684	0.0154012	0.0270257	0.0079823	0.00663222	0.00752473	0.00278671	
2.544e-08	846	0.491788	-0.267844	0.828495	0.00753189	0.0238814	0.00708545	0.00507187	0.0065293	0.00318442	
2.55e-08	848	-0.944431	-0.32597	0.0423515	0.040023	0.0251972	0.0057599	0.00666784	0.00799526	0.00311603	
2.556e-08	850	0.146356	0.100003	-0.984164	0.051111	0.0296905	0.0101665	0.00672968	0.0105654	0.00348905	
2.562e-08	852	0.893802	-0.437712	-0.0975985	0.0196629	0.0248949	0.00630031	0.00569426	0.0057693	0.00200803	
2.568e-08	854	0.408342	-0.10572	-0.906686	0.0481746	0.02746	0.00806919	0.00690125	0.00824596	0.00419583	
2.574e-08	856	-0.626527	-0.771415	0.111277	0.0232555	0.0237335	0.00745346	0.00330001	0.00637944	0.00243334	
2.58e-08	858	-0.143295	0.0150367	0.989566	0.0342869	0.0241206	0.00563948	0.00469941	0.00836062	0.00391967	
2.586e-08	860	-0.633342	0.660412	-0.403404	0.0151111	0.0240556	0.00515671	0.00523042	0.00683495	0.00288935	
2.592e-08	862	0.983221	-0.165485	0.0767507	0.0181468	0.0257213	0.00498253	0.00846397	0.00668058	0.00286019	
2.598e-08	864	0.240293	0.603122	0.760594	0.0106892	0.0266406	0.00422227	0.00653413	0.0103192	0.00235096	
2.604e-08	866	0.336401	-0.708892	-0.619924	0.0187388	0.0282273	0.00892303	0.0067346	0.00810983	0.00370133	
2.61e-08	868	0.208871	0.456585	-0.864814	0.0110355	0.022202	0.00441354	0.00863237	0.0028941	0.00288868	
2.616e-08	870	-0.89111	-0.307439	-0.333773	0.0179919	0.0238861	0.00547213	0.00433287	0.00738131	0.00190994	
2.622e-08	872	0.0515278	-0.884713	-0.463278	0.0187826	0.0257491	0.00756437	0.00584684	0.00535213	0.00232865	
2.628e-08	874	0.952882	-0.247938	0.174764	0.012912	0.0221901	0.00477839	0.00314211	0.00663327	0.00187083	
2.634e-08	876	-0.696613	-0.111238	-0.708771	0.0296465	0.0246474	0.00857254	0.00653314	0.00379826	0.00277965	
2.64e-08	878	0.718393	-0.64708	-0.25534	0.0101308	0.0259441	0.00733927	0.00744931	0.00522232	0.00224824	
2.646e-08	880	-0.129468	0.241156	-0.961812	0.0186881	0.0229885	0.00531414	0.00456171	0.00591742	0.00259913	
2.652e-08	882	-0.616576	0.786969	0.0226647	0.0441644	0.0260569	0.00857401	0.00795197	0.0045119	0.00307407	
2.658e-08	884	0.462274	0.807369	0.366686	0.0203632	0.0254111	0.00624846	0.00566135	0.006943	0.00232667	
2.664e-08	886	-0.674142	0.356526	0.646855	0.0121477	0.0260209	0.00842893	0.0055614	0.00627221	0.00245974	
2.67e-08	888	-0.954009	-0.270518	0.129177	0.0202424	0.0263146	0.00759832	0.00603636	0.00748021	0.00295177	
2.676e-08	890	0.843185	0.532043	-0.0772582	0.041082	0.022184	0.00497415	0.00455949	0.00521414	0.00208783	
2.682e-08	892	-0.242153	0.970033	0.0199307	0.027796	0.0212716	0.00294791	0.00445267	0.00600556	0.00228834	
2.688e-08	894	-0.455202	0.765412	0.454901	0.0172691	0.0213719	0.00410095	0.0039184	0.00573801	0.00264686	
2.694e-08	896	-0.386015	0.754776	-0.530383	0.0114006	0.0228281	0.0045911	0.00581158	0.00597123	0.00293364	
2.7e-08	898	-0.741683	0.378902	0.55348	0.0146515	0.0223042	0.00318549	0.00764801	0.00555156	0.00353638	
2.706e-08	900	0.92096	0.389117	-0.0205289	0.0309109	0.0245551	0.00637814	0.00581846	0.00544668	0.00211573	
