#----------------------------------------------------------------------------------------------------------------------------------------------------------
# Output file for vampire simulation
#   time       : 2024-08-29 04:56:35     process id : 4009722
#   hostname   : node120.viking2.yor.alces.network
#   path       : /users/ky883/parameter/WS_dia5/AI_Dataset/size_8.0_8.0_8.0/Temp_900/random_1
#----------------------------------------------------------------------------------------------------------------------------------------------------------
6e-11	0	-0.00709754	0.011284	0.999911	0.999849	0.9998	0	0	0	0	
1.2e-10	2	0.000728812	-0.00195365	0.999998	0.999001	0.998964	0.0319215	0.0327224	3.98887e-06	3.89378e-06	
1.8e-10	4	0.000941795	0.00153283	0.999998	0.997888	0.997931	0.075163	0.0512769	1.26842e-05	1.31059e-05	
2.4e-10	6	4.90981e-05	0.00392849	0.999992	0.99688	0.996883	0.0456028	0.0509579	1.52008e-05	1.52106e-05	
3e-10	8	0.00310771	0.00718751	0.999969	0.995776	0.995852	0.0691669	0.0629484	1.28326e-05	1.41783e-05	
3.6e-10	10	0.00681009	-0.0034983	0.999971	0.994838	0.99482	0.0470627	0.0567567	1.08674e-05	1.07996e-05	
4.2e-10	12	-0.0046095	3.53088e-05	0.999989	0.99379	0.993788	0.0546218	0.0550767	1.25752e-05	1.24638e-05	
4.8e-10	14	0.0111377	-0.00424898	0.999929	0.992861	0.992717	0.0656461	0.0338749	2.88613e-05	2.93379e-05	
5.4e-10	16	-0.00691454	0.00170948	0.999975	0.99178	0.991649	0.0570537	0.0366636	4.12268e-05	3.63841e-05	
6e-10	18	0.00844958	0.00202481	0.999962	0.99055	0.990583	0.0452332	0.0499932	4.3583e-05	3.42819e-05	
6.6e-10	20	-0.00152221	-0.0043503	0.999989	0.989485	0.989526	0.067625	0.0516567	2.85123e-05	2.28313e-05	
7.2e-10	22	0.00533761	0.000551496	0.999986	0.988766	0.988533	0.0568334	0.0604053	3.93913e-05	3.39752e-05	
7.8e-10	24	-0.0140723	0.0079204	0.99987	0.987492	0.987407	0.0574492	0.0532939	5.31767e-05	5.01549e-05	
8.4e-10	26	-0.0110435	0.00389556	0.999931	0.986467	0.986432	0.0850069	0.0580587	5.23224e-05	4.69997e-05	
9e-10	28	-0.00586614	-0.0116951	0.999914	0.985332	0.98544	0.0581962	0.0776347	8.63292e-05	7.15644e-05	
9.6e-10	30	-0.00606483	0.00566813	0.999966	0.984237	0.984301	0.0308961	0.0396934	5.89772e-05	6.16151e-05	
1.02e-09	32	-0.00297447	-0.00250504	0.999992	0.983489	0.983165	0.0542657	0.0427811	6.32405e-05	6.4722e-05	
1.08e-09	34	-0.00954283	-0.00630607	0.999935	0.982605	0.982163	0.0584007	0.0304289	5.58873e-05	5.22133e-05	
1.14e-09	36	-0.00220933	-0.00362441	0.999991	0.981069	0.981096	0.0615922	0.029695	7.32126e-05	7.30735e-05	
1.2e-09	38	0.00738223	-0.00580053	0.999956	0.980484	0.980087	0.0770046	0.0606061	8.56375e-05	8.19586e-05	
1.26e-09	40	0.00113432	0.0121527	0.999926	0.979306	0.979086	0.0717239	0.0898773	7.8851e-05	5.881e-05	
1.32e-09	42	0.00532461	0.00598888	0.999968	0.978318	0.977947	0.0394194	0.0371924	9.60569e-05	0.000101386	
1.38e-09	44	-0.000231982	0.0111776	0.999938	0.977321	0.976917	0.0757614	0.0601821	9.29979e-05	9.07043e-05	
1.44e-09	46	0.0136064	0.0227487	0.999649	0.976271	0.975759	0.0593117	0.0679712	6.15296e-05	6.03613e-05	
1.5e-09	48	-0.0162157	-0.000652111	0.999868	0.974389	0.974705	0.0558029	0.0817445	9.77323e-05	9.15147e-05	
1.56e-09	50	0.00385728	-0.00232716	0.99999	0.973946	0.973715	0.0591828	0.06659	8.74557e-05	9.33415e-05	
1.62e-09	52	0.00358649	-0.0165928	0.999856	0.972371	0.972608	0.0848295	0.0628056	9.33799e-05	8.58498e-05	
1.68e-09	54	0.0132529	-0.00644842	0.999891	0.972131	0.971198	0.0578104	0.0571476	0.00014031	0.00013371	
1.74e-09	56	-0.0144	0.00254584	0.999893	0.970594	0.970408	0.0620445	0.0583954	0.00011653	0.000115526	
1.8e-09	58	-0.00413725	-0.00477105	0.99998	0.968737	0.969108	0.0534757	0.0487397	0.000155422	0.00015553	
1.86e-09	60	0.0156965	-0.0111644	0.999814	0.967905	0.968153	0.0402806	0.0754825	0.000143538	0.000141317	
1.92e-09	62	0.0120262	0.00370121	0.999921	0.967207	0.967284	0.0330171	0.0661036	7.85959e-05	7.30363e-05	
1.98e-09	64	0.00758994	-0.0149706	0.999859	0.965467	0.966094	0.04015	0.061775	0.00018728	0.000198709	
2.04e-09	66	-0.00498449	0.00636248	0.999967	0.964896	0.965065	0.0361426	0.0435432	8.65932e-05	9.25236e-05	
2.1e-09	68	0.011877	0.000955487	0.999929	0.964267	0.963819	0.0497454	0.0354713	0.000213187	0.000194966	
2.16e-09	70	0.010225	0.0101768	0.999896	0.962165	0.962784	0.0411744	0.0561711	0.000235386	0.000220389	
2.22e-09	72	0.00960723	-0.0103474	0.9999	0.962474	0.96172	0.0444393	0.055173	0.000153689	0.000150017	
2.28e-09	74	0.0123404	0.0101891	0.999872	0.961694	0.960545	0.0716395	0.0452211	0.000192921	0.000199568	
2.34e-09	76	0.000378837	-0.00315824	0.999995	0.95857	0.959398	0.0558047	0.0437771	0.000171885	0.000191456	
2.4e-09	78	0.0283013	0.0117135	0.999531	0.958533	0.958216	0.0722314	0.0552859	0.000142443	0.000123524	
2.46e-09	80	-0.0168592	0.00777621	0.999828	0.957855	0.957244	0.0461743	0.0317979	0.000219563	0.000201232	
2.52e-09	82	0.00969977	0.0311577	0.999467	0.955425	0.956198	0.0588383	0.0596428	0.000190466	0.000166044	
2.58e-09	84	-0.0128554	-0.00637645	0.999897	0.954869	0.954807	0.0526965	0.0505884	0.000237303	0.000223988	
2.64e-09	86	-0.00467491	-0.0133875	0.999899	0.953264	0.953733	0.0791722	0.0673542	0.000271885	0.000222805	
2.7e-09	88	0.0100913	-0.00915352	0.999907	0.952461	0.95281	0.0470373	0.032603	0.000190344	0.000198608	
2.76e-09	90	0.00892134	-0.017426	0.999808	0.951505	0.951613	0.0490293	0.0409833	0.000174184	0.000168946	
2.82e-09	92	0.0197929	0.00428934	0.999795	0.950181	0.950745	0.0419798	0.0472984	0.000175638	0.000171443	
2.88e-09	94	0.0123092	-0.00721994	0.999898	0.949641	0.949566	0.0434951	0.0814447	0.000175672	0.000154594	
2.94e-09	96	-0.0121614	0.0011048	0.999925	0.949435	0.948373	0.056693	0.0603198	0.00025756	0.000202552	
3e-09	98	-0.0128432	-0.0128263	0.999835	0.946273	0.947181	0.062383	0.0331758	0.000206549	0.000181214	
3.06e-09	100	0.0397518	0.00760609	0.999181	0.946401	0.946254	0.0695133	0.0869941	0.000190431	0.000171852	
3.12e-09	102	-0.020879	0.0178295	0.999623	0.945531	0.945163	0.0585006	0.0415289	0.000160423	0.000148999	
3.18e-09	104	0.0329634	0.0216353	0.999222	0.943622	0.944002	0.0548056	0.0400041	0.000241874	0.000225056	
3.24e-09	106	-0.0109729	0.0188903	0.999761	0.94314	0.942785	0.0465927	0.0677677	0.000152723	0.000175757	
3.3e-09	108	-0.0149874	-4.37764e-05	0.999888	0.941731	0.941268	0.048698	0.0489459	0.000234466	0.000197703	
3.36e-09	110	0.0116117	0.00337949	0.999927	0.940495	0.940378	0.027287	0.0638715	0.000319153	0.00029916	
3.42e-09	112	-0.0234209	0.00778686	0.999695	0.937589	0.939399	0.0808237	0.0574303	0.000347815	0.000292915	
3.48e-09	114	-4.33328e-05	0.00968315	0.999953	0.937005	0.938143	0.0558214	0.0814176	0.000205958	0.000222889	
3.54e-09	116	-0.0150342	0.0135317	0.999795	0.937819	0.936754	0.0560348	0.0349305	0.000334608	0.000340414	
3.6e-09	118	-0.0175681	0.0124149	0.999769	0.936578	0.936235	0.0488433	0.0570536	0.000262132	0.000240948	
3.66e-09	120	0.00904048	0.0222646	0.999711	0.935086	0.934851	0.0564612	0.029273	0.00023944	0.000245878	
3.72e-09	122	-0.0113987	0.00620088	0.999916	0.932124	0.933504	0.0490645	0.0434365	0.000444951	0.000437413	
3.78e-09	124	-0.0296121	-0.0202859	0.999356	0.931517	0.93218	0.066595	0.0610971	0.000344853	0.000347386	
3.84e-09	126	-0.00174112	-0.017287	0.999849	0.932833	0.931636	0.0525477	0.0519104	0.000426307	0.000410385	
3.9e-09	128	0.0253996	0.00839874	0.999642	0.929925	0.930179	0.0589257	0.0408261	0.000217058	0.000202596	
3.96e-09	130	-0.0266523	-0.00839349	0.99961	0.929961	0.929096	0.0647397	0.0433817	0.000318238	0.000293919	
4.02e-09	132	0.0165223	-0.0210876	0.999641	0.929249	0.927834	0.0515376	0.0773804	0.000439856	0.000343253	
4.08e-09	134	-0.0030829	-0.0246667	0.999691	0.927344	0.926131	0.0552824	0.0672964	0.000343203	0.000260059	
4.14e-09	136	-0.011946	-0.0150582	0.999815	0.926865	0.925875	0.0483146	0.0457903	0.000372591	0.000377772	
4.2e-09	138	-0.0200641	-0.0391002	0.999034	0.924386	0.924265	0.0698621	0.116075	0.000350616	0.000300471	
4.26e-09	140	-0.00472074	-0.00267205	0.999985	0.923225	0.923194	0.0673828	0.0914593	0.000285704	0.000208239	
4.32e-09	142	0.0237944	-0.0202966	0.999511	0.923048	0.921967	0.041278	0.0613539	0.000249381	0.000218279	
4.38e-09	144	0.020378	0.032064	0.999278	0.92217	0.920346	0.0653075	0.0805448	0.000300182	0.000347159	
4.44e-09	146	0.013954	-0.0389069	0.999145	0.918298	0.919177	0.0543877	0.0650855	0.000304431	0.00029142	
4.5e-09	148	-0.034833	-0.0171844	0.999245	0.919895	0.918484	0.0543026	0.0848373	0.000250264	0.000202686	
4.56e-09	150	0.0250156	-0.0011034	0.999686	0.918329	0.917242	0.059355	0.0427463	0.000377291	0.000349985	
4.62e-09	152	0.00169543	0.00216061	0.999996	0.913434	0.91595	0.0854293	0.0680315	0.000382196	0.000392144	
4.68e-09	154	-0.00468271	0.0307505	0.999516	0.913848	0.914974	0.0483433	0.0519795	0.000359961	0.0003237	
4.74e-09	156	-0.00712523	0.00141394	0.999974	0.913714	0.913325	0.0612898	0.0455715	0.000464621	0.000453276	
4.8e-09	158	0.00891984	0.0101192	0.999909	0.912155	0.912533	0.0596956	0.0446024	0.000251683	0.000236259	
4.86e-09	160	0.0132757	0.025622	0.999584	0.910799	0.911218	0.0643259	0.066836	0.000392174	0.000371261	
4.92e-09	162	0.0266018	-0.00739305	0.999619	0.910259	0.910382	0.0969191	0.0581373	0.000532239	0.000522535	
4.98e-09	164	-0.0344605	0.02284	0.999145	0.908421	0.908905	0.0639096	0.0492062	0.000572787	0.000483536	
5.04e-09	166	0.0336144	0.00209224	0.999433	0.908673	0.907803	0.0705751	0.0550949	0.000352964	0.000349986	
5.1e-09	168	0.00956446	-0.00911668	0.999913	0.907304	0.906684	0.0539404	0.0670542	0.000631954	0.000535586	
5.16e-09	170	-0.0180029	0.00151474	0.999837	0.90637	0.905734	0.0424745	0.0642962	0.000483402	0.000436023	
5.22e-09	172	-0.000144719	-0.0218195	0.999762	0.904515	0.904624	0.0701436	0.0643114	0.000275014	0.000290844	
5.28e-09	174	-0.0048579	-0.0331474	0.999439	0.902958	0.902736	0.0644506	0.0482856	0.000510104	0.000529924	
5.34e-09	176	0.0187086	0.0167963	0.999684	0.899487	0.90158	0.0795941	0.0386294	0.000697764	0.000631132	
5.4e-09	178	0.0215477	0.0200677	0.999566	0.900552	0.900097	0.0603536	0.0643533	0.000302744	0.000274069	
5.46e-09	180	0.0107219	0.030885	0.999465	0.899688	0.899149	0.0502549	0.0631612	0.000248233	0.000262423	
5.52e-09	182	0.00175914	-0.0209007	0.99978	0.896627	0.898098	0.0446412	0.0663702	0.000377434	0.000366333	
5.58e-09	184	-0.00970002	-0.00952731	0.999908	0.897505	0.896712	0.0565359	0.0875427	0.000336139	0.000340347	
5.64e-09	186	-0.0118976	0.00941427	0.999885	0.891267	0.895182	0.0657948	0.0380448	0.000564863	0.000533048	
5.7e-09	188	0.0177	0.0137423	0.999749	0.891942	0.894539	0.0693446	0.0733516	0.000529809	0.000473296	
5.76e-09	190	-0.0278269	0.0105852	0.999557	0.894339	0.893584	0.0611458	0.0732061	0.000403247	0.00036924	
5.82e-09	192	-0.00861311	0.00821849	0.999929	0.89065	0.891417	0.0459156	0.0686346	0.000402152	0.000328456	
5.88e-09	194	0.00276701	0.0219245	0.999756	0.893308	0.890433	0.0903257	0.0607564	0.000815574	0.000762328	
5.94e-09	196	-0.0113	-0.00633104	0.999916	0.888201	0.888886	0.0565495	0.0320922	0.000728124	0.000695201	
6e-09	198	-0.0242806	0.0145552	0.999599	0.887133	0.887737	0.0429579	0.0715731	0.000390474	0.000296733	
6.06e-09	200	-0.0139943	0.017999	0.99974	0.883538	0.886534	0.060729	0.0927239	0.0004956	0.000435666	
6.12e-09	202	0.0034425	0.0142307	0.999893	0.886714	0.885765	0.065233	0.0350036	0.000547925	0.000535849	
6.18e-09	204	0.0346979	0.0102039	0.999346	0.883089	0.884434	0.093614	0.0566953	0.000653672	0.000545584	
6.24e-09	206	0.00566558	-0.0267797	0.999625	0.884636	0.88366	0.0466881	0.071392	0.000506019	0.000450189	
6.3e-09	208	0.0359398	-0.0323609	0.99883	0.880132	0.881816	0.0481294	0.0441237	0.000483154	0.000448855	
6.36e-09	210	0.0226739	0.0218431	0.999504	0.881147	0.880077	0.0571707	0.0846708	0.000456045	0.000447133	
6.42e-09	212	0.0244021	0.0136443	0.999609	0.879386	0.878821	0.0663286	0.0386296	0.00074361	0.000704737	
6.48e-09	214	0.0182855	-0.0376225	0.999125	0.876594	0.877985	0.0637815	0.0624593	0.000600373	0.000639771	
6.54e-09	216	-0.0354164	-0.0186888	0.999198	0.875086	0.876398	0.0340996	0.047527	0.000594803	0.000563775	
6.6e-09	218	0.038816	0.00313226	0.999241	0.872637	0.875557	0.0504509	0.0661414	0.000411136	0.000391201	
6.66e-09	220	-0.0205088	-0.0251535	0.999473	0.876419	0.874292	0.0750122	0.0431888	0.000650394	0.000746776	
6.72e-09	222	-0.008794	0.0496649	0.998727	0.87524	0.872788	0.0488656	0.0394345	0.000631044	0.000670273	
6.78e-09	224	-0.0242464	0.00151622	0.999705	0.873655	0.870722	0.0588058	0.0430053	0.00065419	0.00061476	
6.84e-09	226	-0.0345029	-0.040538	0.998582	0.870838	0.869802	0.0534843	0.0756064	0.000570021	0.000483759	
6.9e-09	228	-0.018962	0.0108836	0.999761	0.868673	0.869465	0.056527	0.0534439	0.00073501	0.000729335	
6.96e-09	230	-0.0134134	0.035255	0.999288	0.86911	0.867145	0.0721747	0.0495619	0.000772822	0.000768198	
7.02e-09	232	-0.00542945	-0.0173194	0.999835	0.867463	0.866853	0.0245497	0.0622288	0.000624589	0.000543871	
7.08e-09	234	0.0125211	-0.0222477	0.999674	0.868475	0.865392	0.0677984	0.0577243	0.000693353	0.000652732	
7.14e-09	236	0.00597348	-0.0444242	0.998995	0.864146	0.863931	0.0682306	0.0757572	0.000628171	0.000544595	
7.2e-09	238	-0.0299803	-0.0186283	0.999377	0.863143	0.862204	0.0473789	0.0676392	0.000425515	0.000338321	
7.26e-09	240	0.0486485	0.0244696	0.998516	0.867247	0.861459	0.0468269	0.0537546	0.000577548	0.000585692	
7.32e-09	242	-0.000575093	-0.0446045	0.999005	0.86168	0.860318	0.0570398	0.0641456	0.000425698	0.000484598	
7.38e-09	244	0.0176891	0.0236638	0.999563	0.85472	0.858357	0.0570146	0.0413015	0.000911361	0.000983506	
7.44e-09	246	3.2585e-05	-0.0211078	0.999777	0.859349	0.856954	0.0582586	0.0612748	0.000971256	0.000989439	
7.5e-09	248	0.0275928	-0.0205164	0.999409	0.854416	0.856073	0.0434854	0.0536378	0.000381388	0.000364119	
7.56e-09	250	-0.0235663	-0.0354527	0.999093	0.856974	0.854874	0.120892	0.0466685	0.000727979	0.000697885	
7.62e-09	252	0.0146961	-0.0148485	0.999782	0.848441	0.853834	0.0969537	0.0414244	0.000950017	0.000810873	
7.68e-09	254	-0.0434452	0.00475547	0.999044	0.854308	0.852153	0.0649874	0.0709787	0.000480388	0.000478303	
7.74e-09	256	-0.0199201	0.0490799	0.998596	0.848317	0.849267	0.056726	0.0748202	0.000821966	0.000583639	
7.8e-09	258	-0.037616	0.00734927	0.999265	0.844685	0.849102	0.0618	0.0684913	0.000847954	0.000742979	
7.86e-09	260	-0.00330358	0.00204017	0.999992	0.85009	0.847217	0.0623199	0.0638346	0.000833775	0.000751486	
7.92e-09	262	-0.01372	-0.0473399	0.998785	0.845713	0.846965	0.0753777	0.0634429	0.000723624	0.000646775	
7.98e-09	264	-0.0372446	0.0516212	0.997972	0.845835	0.844495	0.0501658	0.0829272	0.000661386	0.000650806	
8.04e-09	266	0.00487933	-0.0242541	0.999694	0.845729	0.844574	0.0599123	0.0421619	0.000862484	0.000880026	
8.1e-09	268	-0.013468	-0.00903939	0.999868	0.838308	0.841237	0.0659567	0.101835	0.00081866	0.000778406	
8.16e-09	270	-0.0160072	-0.00432536	0.999863	0.839628	0.841425	0.0571389	0.0382839	0.000853964	0.000829575	
8.22e-09	272	-0.0283505	0.00187013	0.999596	0.840007	0.839383	0.0745976	0.0585051	0.00051072	0.000505409	
8.28e-09	274	0.0383847	-0.00618076	0.999244	0.831864	0.838437	0.0565953	0.0511661	0.000912725	0.000876337	
8.34e-09	276	-0.0170345	0.0273984	0.999479	0.839211	0.83727	0.0594382	0.0388556	0.00104897	0.000919678	
8.4e-09	278	0.0308495	0.0171505	0.999377	0.833289	0.835241	0.036715	0.120936	0.000953577	0.000834579	
8.46e-09	280	-0.0196701	-0.0135617	0.999715	0.83646	0.833579	0.0451171	0.0779152	0.00128774	0.00115151	
8.52e-09	282	0.0134005	0.0477616	0.998769	0.832921	0.832328	0.0644719	0.0455488	0.000737146	0.000801395	
8.58e-09	284	0.00877586	0.0254399	0.999638	0.829729	0.830575	0.0463577	0.0635298	0.000363512	0.000397727	
8.64e-09	286	-0.0272342	-0.000798067	0.999629	0.828952	0.82993	0.0549378	0.0489051	0.00100628	0.00107017	
8.7e-09	288	-0.0113278	-0.0124415	0.999858	0.832517	0.828862	0.0472736	0.0627588	0.00111749	0.00103155	
8.76e-09	290	-0.0632271	-0.0305926	0.99753	0.826399	0.827175	0.0730059	0.0702635	0.00125901	0.00128984	
8.82e-09	292	0.0145593	-0.0158152	0.999769	0.825503	0.824855	0.0486139	0.0488328	0.000985509	0.000909323	
8.88e-09	294	-0.00738569	0.0207092	0.999758	0.824426	0.823301	0.0506132	0.0756503	0.00100653	0.00088101	
8.94e-09	296	-0.00231435	0.00518514	0.999984	0.818175	0.821792	0.0620838	0.065072	0.00144242	0.00147018	
9e-09	298	-0.0554518	-0.0160422	0.998332	0.822705	0.821276	0.071798	0.0504705	0.000966474	0.000876608	
9.06e-09	300	0.0213703	0.0083381	0.999737	0.823876	0.819268	0.0683883	0.0379992	0.00151153	0.00128794	
9.12e-09	302	0.0393835	-0.023664	0.998944	0.816118	0.817844	0.0694136	0.0815161	0.000919242	0.000832653	
9.18e-09	304	0.0575325	-0.0004217	0.998344	0.816932	0.816147	0.0686623	0.0476493	0.00104122	0.00112832	
9.24e-09	306	-0.0333547	-0.0246243	0.99914	0.810975	0.814126	0.0546481	0.0555283	0.00110821	0.000953019	
9.3e-09	308	-0.0100021	-0.0604163	0.998123	0.813949	0.81375	0.0495826	0.106919	0.00154019	0.00132772	
9.36e-09	310	0.000437599	0.00277154	0.999996	0.816219	0.812235	0.0698702	0.0438586	0.000857136	0.000830508	
9.42e-09	312	-0.000378028	-0.00277325	0.999996	0.811985	0.811288	0.0847764	0.0356426	0.000781531	0.000768125	
9.48e-09	314	-0.0531197	-0.00451167	0.998578	0.808504	0.810237	0.0679947	0.0664842	0.00158062	0.00158203	
9.54e-09	316	0.0390281	0.0125898	0.999159	0.811185	0.808377	0.0628331	0.0431179	0.000555062	0.000508755	
9.6e-09	318	-0.00712521	-0.00268113	0.999971	0.806294	0.806724	0.069115	0.104622	0.000595907	0.000465382	
9.66e-09	320	-0.025914	0.00256684	0.999661	0.804457	0.804242	0.0766142	0.0643342	0.000739182	0.000637379	
9.72e-09	322	0.0278184	0.000738963	0.999613	0.808223	0.804003	0.0422124	0.0960985	0.0012763	0.00115108	
9.78e-09	324	0.0446586	0.0125803	0.998923	0.804616	0.802287	0.0809547	0.0493911	0.00108702	0.00101597	
9.84e-09	326	0.00782917	0.00231376	0.999967	0.805924	0.799972	0.0822988	0.0732815	0.00129876	0.00122288	
9.9e-09	328	0.00103529	0.0186566	0.999825	0.795365	0.799031	0.054086	0.0633621	0.0017813	0.00189736	
9.96e-09	330	-0.00908054	-0.0160273	0.99983	0.797845	0.79814	0.0591285	0.090534	0.00138092	0.00103827	
1.002e-08	332	-0.0629912	0.00807538	0.997981	0.794024	0.795448	0.0669564	0.0375756	0.000762541	0.000591871	
1.008e-08	334	-0.0100311	-0.10285	0.994646	0.798971	0.794301	0.0592327	0.0844229	0.000914259	0.00080907	
1.014e-08	336	0.0243174	-0.0670004	0.997457	0.788664	0.792421	0.047615	0.0653733	0.00151294	0.00139815	
1.02e-08	338	0.0527767	-0.0150841	0.998492	0.79096	0.791272	0.0677678	0.0756765	0.00125041	0.00116506	
1.026e-08	340	0.037919	0.0126191	0.999201	0.790704	0.789016	0.0394156	0.0729942	0.0010769	0.00102107	
1.032e-08	342	0.0221131	-0.0392419	0.998985	0.784048	0.787928	0.0781518	0.118806	0.000925302	0.000747195	
1.038e-08	344	-0.00465286	0.0207688	0.999773	0.780164	0.786412	0.0946636	0.0523018	0.00219424	0.00176815	
1.044e-08	346	-0.042544	-0.0013193	0.999094	0.786674	0.783818	0.0623709	0.0366006	0.00169843	0.00164955	
1.05e-08	348	0.0247573	0.0473986	0.998569	0.785924	0.783389	0.0962414	0.0766345	0.00135788	0.00105041	
1.056e-08	350	0.0512839	0.0287185	0.998271	0.779998	0.783511	0.0833371	0.05934	0.000610994	0.000586044	
1.062e-08	352	-0.0380264	0.0548379	0.997771	0.773743	0.781095	0.0683151	0.0557747	0.0017896	0.00171152	
1.068e-08	354	0.062043	0.0485252	0.996893	0.779294	0.778198	0.0504199	0.0501391	0.00168339	0.0014471	
1.074e-08	356	0.00964229	0.00307932	0.999949	0.774746	0.777224	0.06726	0.0668156	0.00148298	0.00122255	
1.08e-08	358	-0.0575892	0.0434396	0.997395	0.775295	0.776076	0.0647394	0.0806337	0.00133961	0.00117785	
1.086e-08	360	-0.0386024	0.0143248	0.999152	0.77739	0.774099	0.046385	0.0822164	0.00207981	0.00203663	
1.092e-08	362	-0.0477189	0.0720143	0.996261	0.773811	0.772412	0.0768844	0.0725868	0.00157712	0.00144101	
1.098e-08	364	-0.00405684	-0.0079426	0.99996	0.766628	0.772139	0.106087	0.0683936	0.00209371	0.00182086	
1.104e-08	366	0.0222688	0.00758367	0.999723	0.764605	0.768937	0.0703292	0.093683	0.00130584	0.00118083	
1.11e-08	368	0.0121081	0.0688269	0.997555	0.770095	0.767878	0.0651744	0.0622716	0.00114365	0.00110602	
1.116e-08	370	0.0197026	-0.0170466	0.999661	0.768492	0.765599	0.0773713	0.0651397	0.00186646	0.00158211	
1.122e-08	372	-0.0237873	-0.0578763	0.99804	0.760847	0.764568	0.0704395	0.0663704	0.000855549	0.000796705	
1.128e-08	374	-0.0144543	0.0385375	0.999153	0.76713	0.762	0.062239	0.0541826	0.00152988	0.00130953	
1.134e-08	376	-0.00990896	0.0831191	0.99649	0.770713	0.761082	0.0457129	0.0440146	0.00169221	0.00161583	
1.14e-08	378	0.0550483	-0.0185134	0.998312	0.762468	0.760842	0.0675367	0.0533352	0.000997771	0.000991744	
1.146e-08	380	0.0157409	0.0156522	0.999754	0.756368	0.756189	0.042755	0.0765808	0.00271801	0.00272993	
1.152e-08	382	0.127613	0.0227127	0.991564	0.748342	0.75551	0.0830449	0.0481609	0.00184091	0.00133098	
1.158e-08	384	0.0254247	0.0311907	0.99919	0.756712	0.753741	0.0865597	0.0503237	0.00175653	0.00166236	
1.164e-08	386	0.0427066	0.0645502	0.997	0.753473	0.752478	0.0752918	0.065007	0.00117886	0.00121892	
1.17e-08	388	-0.0489369	-0.0908098	0.994665	0.754917	0.750879	0.085265	0.0945898	0.00102225	0.000966082	
1.176e-08	390	0.0254012	-0.0817718	0.996327	0.750041	0.749182	0.0862307	0.0602448	0.001307	0.00121018	
1.182e-08	392	-0.00162059	-0.013651	0.999906	0.751745	0.747514	0.128449	0.0531398	0.00126306	0.00106922	
1.188e-08	394	-0.017551	0.0184196	0.999676	0.748709	0.745336	0.06981	0.0394395	0.00145753	0.00142136	
1.194e-08	396	0.000346698	0.00614127	0.999981	0.744783	0.743544	0.0625256	0.0434448	0.00176194	0.00151965	
1.2e-08	398	0.0135203	-0.0308947	0.999431	0.7448	0.741392	0.0450217	0.0546171	0.00260283	0.00230634	
1.206e-08	400	-0.0484478	0.0355675	0.998192	0.742414	0.740707	0.0847488	0.0283408	0.00181945	0.00176914	
1.212e-08	402	-0.0660435	-0.104199	0.992361	0.743949	0.738696	0.10865	0.0775908	0.00166937	0.00217957	
1.218e-08	404	0.00686109	-0.0303173	0.999517	0.741755	0.736372	0.0712057	0.083392	0.00184772	0.00157048	
1.224e-08	406	-0.00394603	-0.0403935	0.999176	0.74227	0.734974	0.0644809	0.0635123	0.00129717	0.00138468	
1.23e-08	408	0.00045075	-0.0585393	0.998285	0.716416	0.73369	0.0590656	0.0743142	0.00321217	0.00316711	
1.236e-08	410	0.01723	-0.060144	0.998041	0.730912	0.732225	0.060319	0.0698053	0.00230714	0.00201507	
1.242e-08	412	0.0630163	-0.0162573	0.99788	0.738553	0.729478	0.0546581	0.0490341	0.00215543	0.00194579	
1.248e-08	414	-0.106289	0.0298047	0.993889	0.724816	0.728879	0.137737	0.0839503	0.00138278	0.00122109	
1.254e-08	416	0.0296404	0.0198693	0.999363	0.727579	0.72466	0.0954354	0.0466	0.00259193	0.00238721	
1.26e-08	418	-0.0308475	0.0115098	0.999458	0.729708	0.724038	0.0561069	0.0574831	0.00149394	0.00142486	
1.266e-08	420	0.0219295	-0.13409	0.990726	0.714495	0.71986	0.113814	0.116567	0.00293435	0.00249193	
1.272e-08	422	0.0472219	0.0404932	0.998063	0.716722	0.719476	0.0634348	0.0549013	0.00169081	0.00184082	
1.278e-08	424	-0.0397582	-0.00550962	0.999194	0.712363	0.718939	0.0674794	0.0705605	0.00263631	0.00237197	
1.284e-08	426	-0.026207	0.0989374	0.994748	0.716909	0.715906	0.0776139	0.0777496	0.00215407	0.00166967	
1.29e-08	428	-0.0141242	0.0795512	0.996731	0.724536	0.715754	0.0714111	0.0940411	0.00267487	0.00258663	
1.296e-08	430	0.0691472	-0.0194359	0.997417	0.711862	0.713222	0.0715771	0.0520375	0.00314329	0.00280557	
1.302e-08	432	0.00361103	0.0305777	0.999526	0.708416	0.711066	0.0531101	0.0858628	0.00164381	0.00158345	
1.308e-08	434	-0.033241	0.0203454	0.99924	0.717263	0.710103	0.056959	0.075871	0.0019354	0.0015487	
1.314e-08	436	0.0187302	-0.00267467	0.999821	0.716585	0.708658	0.0892629	0.0870274	0.00139563	0.00101038	
1.32e-08	438	-0.00514596	0.0432973	0.999049	0.710473	0.706901	0.0426625	0.0791402	0.00186241	0.00211029	
1.326e-08	440	-0.0494525	0.0869997	0.99498	0.699676	0.701704	0.0835765	0.0700439	0.00110908	0.00120263	
1.332e-08	442	-0.0164533	-0.0521177	0.998505	0.694957	0.700917	0.0988254	0.100794	0.00240309	0.00209618	
1.338e-08	444	-0.0325138	0.0241409	0.99918	0.70679	0.701319	0.0320384	0.0866182	0.00305787	0.00270192	
1.344e-08	446	-0.0609831	-0.032647	0.997605	0.695751	0.69711	0.0688218	0.0968855	0.00259448	0.00194052	
1.35e-08	448	0.0508428	0.0334066	0.998148	0.693264	0.694415	0.0539329	0.0957161	0.0023827	0.00197382	
1.356e-08	450	-0.102582	0.0454832	0.993684	0.685534	0.693121	0.056153	0.0996667	0.00200968	0.00173534	
1.362e-08	452	-0.0191986	0.0135264	0.999724	0.680996	0.690812	0.0636599	0.0768753	0.00253401	0.00297319	
1.368e-08	454	-0.00662901	0.153544	0.98812	0.684519	0.689903	0.0461424	0.0882323	0.00225296	0.00191942	
1.374e-08	456	-0.0680137	0.075835	0.994798	0.680366	0.686699	0.0763519	0.0947576	0.00306958	0.00220552	
1.38e-08	458	0.106606	-0.085485	0.99062	0.679335	0.684887	0.080673	0.0878358	0.00223149	0.00186357	
1.386e-08	460	-0.0401033	-0.0474344	0.998069	0.688051	0.683968	0.0776885	0.0840735	0.00126392	0.00109078	
1.392e-08	462	0.071045	-0.0435512	0.996522	0.690717	0.679716	0.120854	0.0618498	0.00315815	0.00249652	
1.398e-08	464	0.0081331	0.0626485	0.998003	0.679171	0.678536	0.0535645	0.114972	0.00304942	0.00271238	
1.404e-08	466	0.0348598	0.0538661	0.997939	0.675399	0.67841	0.0696655	0.0791933	0.00308564	0.00257867	
1.41e-08	468	-0.01316	-0.0415276	0.999051	0.670502	0.674639	0.0340359	0.0764785	0.00322169	0.00264874	
1.416e-08	470	-0.0629581	-0.018819	0.997839	0.672038	0.673154	0.091743	0.0589142	0.00289192	0.00292635	
1.422e-08	472	0.0715107	0.00849749	0.997404	0.68117	0.671092	0.0745442	0.0494103	0.00321382	0.00334907	
1.428e-08	474	-0.0359362	-0.0609618	0.997493	0.667645	0.66604	0.0862003	0.0658573	0.00265658	0.00276363	
1.434e-08	476	0.0324557	0.0131656	0.999386	0.665576	0.665314	0.0509612	0.0339169	0.00274979	0.00285358	
1.44e-08	478	-0.101034	0.0113443	0.994818	0.663996	0.665124	0.148714	0.0558962	0.00169932	0.00176193	
1.446e-08	480	-0.0824907	-0.0179847	0.99643	0.661787	0.661297	0.072074	0.0636013	0.00297737	0.00255222	
1.452e-08	482	0.0729765	0.0135436	0.997242	0.661428	0.658549	0.068741	0.0967005	0.00343579	0.00331844	
1.458e-08	484	0.0613905	-0.0608704	0.996256	0.663766	0.657469	0.0491745	0.0648349	0.00316682	0.00340492	
1.464e-08	486	0.0667054	0.0258194	0.997439	0.659339	0.654917	0.0925382	0.0986331	0.00396407	0.00354208	
1.47e-08	488	-0.0659552	0.0091216	0.997781	0.651369	0.651728	0.0840291	0.0651917	0.00361044	0.00362581	
1.476e-08	490	-0.0863811	0.0978768	0.991443	0.639121	0.650408	0.0964718	0.0859621	0.00325171	0.00283529	
1.482e-08	492	0.0487487	0.00105894	0.998811	0.629397	0.649986	0.0940281	0.0747473	0.00366063	0.00357765	
1.488e-08	494	0.0877897	0.0331954	0.995586	0.632205	0.642833	0.077567	0.0697616	0.00392978	0.00330958	
1.494e-08	496	0.00241226	0.0957079	0.995407	0.636062	0.642212	0.0527465	0.0843395	0.00241477	0.00220106	
1.5e-08	498	0.0784011	-0.0442246	0.99594	0.638736	0.638499	0.0803606	0.0726508	0.00311543	0.00256717	
1.506e-08	500	0.0425661	-0.0281745	0.998696	0.636435	0.637595	0.064392	0.0640699	0.00281891	0.00255574	
1.512e-08	502	0.0260708	-0.0544207	0.998178	0.648383	0.633969	0.0537177	0.0332131	0.00634561	0.00606151	
1.518e-08	504	-0.0465115	-0.0657896	0.996749	0.625747	0.632647	0.116389	0.0487272	0.00294182	0.00192102	
1.524e-08	506	0.027562	0.0146758	0.999512	0.638916	0.631802	0.101439	0.0504535	0.0044127	0.00335421	
1.53e-08	508	-0.0087068	-0.0967287	0.995273	0.618711	0.627486	0.0859901	0.0898464	0.00425279	0.00417099	
1.536e-08	510	0.0599838	-0.0201709	0.997996	0.624261	0.62667	0.0522532	0.0698704	0.00388406	0.0035986	
1.542e-08	512	0.0125409	-0.0301346	0.999467	0.625998	0.627181	0.0641268	0.0750053	0.00198912	0.00169389	
1.548e-08	514	0.0605947	-0.0834413	0.994669	0.612238	0.619685	0.0565361	0.0666504	0.00305697	0.00289788	
1.554e-08	516	-0.0706029	-0.0479187	0.996353	0.617308	0.617691	0.0999564	0.038478	0.00365048	0.00352174	
1.56e-08	518	0.0177841	-0.0240147	0.999553	0.6142	0.615659	0.0714727	0.060969	0.00559856	0.00588915	
1.566e-08	520	0.0910971	0.0690632	0.993444	0.621416	0.615535	0.0844762	0.0850452	0.00427187	0.00450965	
1.572e-08	522	0.0173162	0.0582044	0.998154	0.624677	0.61196	0.0845993	0.0422478	0.00286998	0.00265182	
1.578e-08	524	-0.119512	0.0728295	0.990158	0.607772	0.609554	0.0943897	0.131934	0.00475607	0.00427107	
1.584e-08	526	-0.0553069	0.0402531	0.997658	0.588626	0.605621	0.0820344	0.137606	0.005172	0.00614943	
1.59e-08	528	0.0367549	-0.0280222	0.998931	0.604712	0.60386	0.0390118	0.0918203	0.00330477	0.00313723	
1.596e-08	530	-0.0261955	-0.0300342	0.999206	0.604163	0.600228	0.0829433	0.0471808	0.00377401	0.00381009	
1.602e-08	532	0.138186	-0.0279255	0.990012	0.597977	0.597501	0.0746429	0.084487	0.0056835	0.00499753	
1.608e-08	534	-0.0753152	-0.0302172	0.996702	0.596309	0.594579	0.073075	0.104324	0.00243158	0.00242415	
1.614e-08	536	0.141248	-0.0597477	0.98817	0.581171	0.591814	0.0973309	0.124776	0.00419928	0.0024733	
1.62e-08	538	-0.091805	0.148688	0.984614	0.582208	0.589471	0.103889	0.0824578	0.00479786	0.0033013	
1.626e-08	540	0.0717582	-0.0149946	0.997309	0.572403	0.586251	0.121667	0.07407	0.00523152	0.00550865	
1.632e-08	542	-0.0496678	0.126805	0.990683	0.591008	0.58446	0.0916191	0.0827671	0.00285522	0.00320425	
1.638e-08	544	0.0760195	0.176676	0.981329	0.584329	0.582482	0.086874	0.0714615	0.00715576	0.0060663	
1.644e-08	546	-0.128561	-0.0733001	0.988989	0.558171	0.576508	0.0646275	0.0691323	0.00510078	0.00490565	
1.65e-08	548	0.00216423	0.0309829	0.999518	0.568226	0.571431	0.0723346	0.0938718	0.00453971	0.00406172	
1.656e-08	550	0.0377372	-0.0426796	0.998376	0.570109	0.570032	0.052676	0.0363542	0.00364673	0.00352876	
1.662e-08	552	-0.0500058	-0.00340531	0.998743	0.570481	0.569658	0.0663872	0.0955981	0.00502574	0.00399079	
1.668e-08	554	-0.0689409	-0.103919	0.992194	0.558474	0.564736	0.107235	0.110566	0.00695003	0.00656729	
1.674e-08	556	0.029252	-0.0621913	0.997635	0.558365	0.564314	0.0822911	0.0761554	0.00776432	0.00723284	
1.68e-08	558	0.0168581	0.0262582	0.999513	0.56451	0.555738	0.0637904	0.0635235	0.0036492	0.00301422	
1.686e-08	560	0.0136298	-0.0727774	0.997255	0.535796	0.553365	0.110173	0.0913766	0.00546169	0.00567887	
1.692e-08	562	0.0710157	0.0819879	0.9941	0.558008	0.552937	0.123381	0.0764414	0.00663021	0.00545042	
1.698e-08	564	-0.0684851	0.00219631	0.99765	0.55275	0.550718	0.0616946	0.0716946	0.00448044	0.00453381	
1.704e-08	566	0.118083	-0.0507742	0.991705	0.533787	0.547509	0.069577	0.0777648	0.00541304	0.00494802	
1.71e-08	568	0.0816119	-0.144151	0.986185	0.553275	0.546105	0.083898	0.10398	0.00483905	0.00434652	
1.716e-08	570	0.0903985	-0.08889	0.991931	0.533886	0.541666	0.106586	0.0801521	0.00674695	0.00519298	
1.722e-08	572	-0.159422	0.123435	0.979463	0.528364	0.534249	0.114594	0.0633006	0.00412279	0.00346122	
1.728e-08	574	0.0892014	0.00799254	0.995982	0.531294	0.532614	0.0829378	0.0929542	0.00708227	0.0050457	
1.734e-08	576	0.0464145	0.131294	0.990256	0.506283	0.530767	0.106076	0.118293	0.00706982	0.00606599	
1.74e-08	578	0.0835992	0.00403835	0.996491	0.540398	0.527396	0.0901341	0.084252	0.00375876	0.00315281	
1.746e-08	580	-0.235154	0.00844274	0.971922	0.522961	0.522281	0.138114	0.0838454	0.00964945	0.00713418	
1.752e-08	582	-0.0870712	-0.123438	0.988525	0.507577	0.518848	0.0921292	0.0918056	0.00413788	0.00394523	
1.758e-08	584	-0.182557	0.00133956	0.983194	0.511363	0.518775	0.0776928	0.0580741	0.0058817	0.00572015	
1.764e-08	586	-0.00271622	-0.199288	0.979937	0.518709	0.51514	0.0468773	0.0756046	0.00480668	0.00490712	
1.77e-08	588	-0.0530539	-0.0519609	0.997239	0.522726	0.511148	0.10207	0.0906118	0.00690042	0.00628759	
1.776e-08	590	-0.145557	-0.0117562	0.98928	0.494905	0.508186	0.147515	0.073583	0.0105298	0.00784871	
1.782e-08	592	0.0961146	-0.075788	0.992481	0.498349	0.503825	0.0521368	0.119735	0.00677897	0.00596303	
1.788e-08	594	-0.026587	0.0208436	0.999429	0.499959	0.4974	0.0602014	0.0760977	0.00756459	0.00708692	
1.794e-08	596	0.0453476	0.151221	0.987459	0.486655	0.493251	0.0885984	0.0924673	0.00678052	0.00658352	
1.8e-08	598	0.0527453	-0.046034	0.997546	0.473912	0.487669	0.0921448	0.0595187	0.0113128	0.0099558	
1.806e-08	600	-0.0146308	-0.0760538	0.996996	0.490763	0.488837	0.0787686	0.0829293	0.00567767	0.00424161	
1.812e-08	602	-0.143867	0.0610398	0.987713	0.488713	0.479165	0.065528	0.0658156	0.0104957	0.0101431	
1.818e-08	604	0.0938918	0.0974912	0.990798	0.48034	0.476231	0.0769355	0.0904011	0.00774428	0.00625688	
1.824e-08	606	-0.0451752	-0.0113202	0.998915	0.479017	0.478586	0.0857909	0.0874548	0.0139786	0.0109946	
1.83e-08	608	-0.0734507	0.014344	0.997196	0.481364	0.473856	0.0751389	0.0722621	0.00912555	0.00881293	
1.836e-08	610	-0.0963948	-0.064614	0.993244	0.483938	0.469862	0.0616734	0.0755225	0.0112246	0.00975943	
1.842e-08	612	0.119433	0.112069	0.986497	0.485357	0.467848	0.0898194	0.104704	0.0162522	0.0143072	
1.848e-08	614	0.210465	0.0101806	0.977548	0.474336	0.459779	0.072437	0.0859386	0.010657	0.00991222	
1.854e-08	616	0.164471	-0.0378055	0.985657	0.47365	0.45526	0.0879135	0.0729203	0.00820292	0.00759915	
1.86e-08	618	-0.0613155	-0.165182	0.984355	0.442304	0.450439	0.0774447	0.0736737	0.0120327	0.0112197	
1.866e-08	620	-0.0144163	0.0493657	0.998677	0.436585	0.447207	0.0669616	0.0844957	0.0114758	0.0102736	
1.872e-08	622	0.078955	-0.106323	0.991192	0.456531	0.441053	0.0767673	0.0738864	0.00924835	0.00883498	
1.878e-08	624	-0.26903	-0.00604566	0.963113	0.450454	0.433721	0.0677519	0.0907287	0.0105823	0.00925131	
1.884e-08	626	0.0585281	0.0327331	0.997749	0.429631	0.426391	0.0662573	0.103667	0.0134043	0.0116302	
1.89e-08	628	-0.195966	-0.111899	0.974205	0.440176	0.425038	0.060604	0.121591	0.0129621	0.01085	
1.896e-08	630	0.0985657	0.199356	0.974957	0.423392	0.422477	0.0582233	0.142903	0.0116292	0.00954032	
1.902e-08	632	0.127782	0.157134	0.979276	0.46272	0.41701	0.0615617	0.0826779	0.0146617	0.0120825	
1.908e-08	634	-0.108358	-0.0361706	0.993454	0.406683	0.416849	0.12609	0.111511	0.0100623	0.00738683	
1.914e-08	636	0.198979	-0.0224678	0.979746	0.401531	0.410198	0.140883	0.0866068	0.0125769	0.0103442	
1.92e-08	638	-0.0606918	-0.148529	0.987044	0.398695	0.397893	0.0860673	0.0764256	0.0146825	0.0127785	
1.926e-08	640	-0.073116	-0.0155782	0.997202	0.40694	0.39982	0.0864415	0.0986836	0.010975	0.00772778	
1.932e-08	642	-0.129392	-0.0308463	0.991114	0.377936	0.382154	0.0908776	0.0957006	0.0178392	0.0154245	
1.938e-08	644	0.0137911	-0.0374687	0.999203	0.401125	0.382113	0.123527	0.0947448	0.025583	0.018049	
1.944e-08	646	0.119035	-0.0424778	0.991981	0.389213	0.383561	0.0764846	0.0843666	0.0184939	0.0145402	
1.95e-08	648	0.0097467	-0.149483	0.988716	0.324423	0.374062	0.103874	0.135557	0.018318	0.0170414	
1.956e-08	650	0.105027	-0.0643202	0.992387	0.348975	0.361198	0.0987636	0.0909263	0.0188029	0.017273	
1.962e-08	652	0.0854904	-0.0191725	0.996155	0.360633	0.367413	0.100024	0.0579223	0.00987714	0.0104838	
1.968e-08	654	0.0834876	-0.301898	0.949678	0.363888	0.355662	0.0920107	0.122183	0.0144266	0.0138886	
1.974e-08	656	0.00610103	0.109566	0.993961	0.358857	0.351041	0.109735	0.0931131	0.0285107	0.025257	
1.98e-08	658	0.110463	-0.0237566	0.993596	0.31903	0.341533	0.112158	0.104642	0.0319085	0.0272646	
1.986e-08	660	0.062743	-0.148436	0.98693	0.338375	0.343016	0.0781271	0.118211	0.0409889	0.0358092	
1.992e-08	662	0.0345298	0.0846126	0.995815	0.34261	0.325175	0.0599535	0.0889557	0.0215047	0.020736	
1.998e-08	664	0.134997	0.0908834	0.986669	0.356592	0.324435	0.127639	0.0827034	0.0171962	0.0110238	
2.004e-08	666	-0.113112	0.000773452	0.993582	0.332715	0.31636	0.0541972	0.066313	0.0108636	0.00889305	
2.01e-08	668	-0.181034	-0.0486531	0.982273	0.315857	0.303797	0.0661	0.0924856	0.0249531	0.0201224	
2.016e-08	670	0.0824855	-0.129483	0.988145	0.294136	0.302751	0.0906717	0.0696576	0.0208999	0.0204042	
2.022e-08	672	-0.101511	0.0334927	0.99427	0.317325	0.287838	0.10612	0.0939015	0.032177	0.0254642	
2.028e-08	674	-0.240362	0.0586389	0.96891	0.282327	0.284098	0.128985	0.0669869	0.0401918	0.0351	
2.034e-08	676	-0.0930349	-0.185818	0.97817	0.254382	0.281122	0.0919936	0.105982	0.0337402	0.0303683	
2.04e-08	678	-0.127365	0.0101041	0.991804	0.274322	0.251064	0.0599867	0.143653	0.154044	0.0920202	
2.046e-08	680	-0.148649	-0.152537	0.977055	0.230308	0.240954	0.128142	0.0613622	0.0661309	0.058312	
2.052e-08	682	-0.112707	0.186584	0.975953	0.270878	0.237784	0.140544	0.0846456	0.0810542	0.0456968	
2.058e-08	684	0.000896945	-0.309916	0.950764	0.256456	0.232274	0.149001	0.102867	0.0316725	0.017226	
2.064e-08	686	-0.826517	0.522571	0.209259	0.165207	0.221304	0.146573	0.1243	0.11623	0.060674	
2.07e-08	688	-0.236555	0.289681	0.92743	0.22018	0.203205	0.0655956	0.161533	0.12994	0.0793606	
2.076e-08	690	-0.669169	-0.0705495	-0.739754	0.164021	0.186605	0.110967	0.0867093	0.325546	0.0925275	
2.082e-08	692	-0.188546	0.272178	0.943594	0.239634	0.184663	0.112327	0.0668725	0.1141	0.0842748	
2.088e-08	694	-0.515548	0.200893	-0.832978	0.173197	0.171435	0.128888	0.119471	0.389447	0.0568413	
2.094e-08	696	0.105164	-0.0595201	-0.992672	0.159986	0.166624	0.0896657	0.0456527	0.10893	0.0885297	
2.1e-08	698	0.0468906	0.514482	0.856218	0.19637	0.157786	0.0884205	0.0713953	0.915446	0.0726514	
2.106e-08	700	-0.312664	-0.286939	0.905487	0.188273	0.134129	0.075993	0.0998266	0.675901	0.104125	
2.112e-08	702	-0.244314	-0.0777422	-0.966575	0.130747	0.113683	0.0823747	0.108047	0.415473	0.085469	
2.118e-08	704	-0.21141	-0.435736	-0.874894	0.0854335	0.106095	0.0784368	0.100384	0.382696	0.0853336	
2.124e-08	706	0.0143114	0.308301	-0.951181	0.198344	0.099939	0.102113	0.0834605	0.261155	0.0618052	
2.13e-08	708	0.804201	0.22228	-0.551228	0.0697784	0.0948458	0.0742897	0.067391	0.307047	0.0633294	
2.136e-08	710	0.172904	-0.619984	-0.765326	0.073406	0.0831267	0.0691242	0.0717055	0.203628	0.0521421	
2.142e-08	712	-0.44943	0.440704	-0.77704	0.0577902	0.0716913	0.0473115	0.0546581	0.140944	0.0366438	
2.148e-08	714	-0.179779	-0.411799	0.893365	0.0750172	0.0704762	0.0580811	0.0445501	0.14771	0.051351	
2.154e-08	716	-0.399191	0.810463	-0.428713	0.0422093	0.0784176	0.0608366	0.064486	0.15783	0.0375145	
2.16e-08	718	0.525904	0.258358	-0.810355	0.0794936	0.0793099	0.0753112	0.0721903	0.154258	0.0430015	
2.166e-08	720	0.134417	0.952087	-0.274704	0.0329566	0.0598433	0.0426651	0.0534887	0.0890005	0.0379391	
2.172e-08	722	0.940065	0.077692	0.332027	0.0571652	0.0644865	0.0731115	0.0574567	0.0608098	0.0260943	
2.178e-08	724	0.758087	-0.281233	-0.588398	0.0385298	0.0698299	0.0660445	0.0413215	0.12366	0.0265212	
2.184e-08	726	0.89619	0.14211	-0.420296	0.0761396	0.0667673	0.0666751	0.0456478	0.108353	0.0352222	
2.19e-08	728	-0.0541032	0.745216	-0.664624	0.025164	0.059577	0.032122	0.0525032	0.063207	0.028375	
2.196e-08	730	-0.705557	-0.701884	-0.0977131	0.046296	0.0618545	0.0421086	0.0392016	0.101891	0.0231496	
2.202e-08	732	0.0788661	-0.10858	0.990954	0.0913667	0.057519	0.0458486	0.0400667	0.0833127	0.0334603	
2.208e-08	734	-0.214721	-0.719349	-0.66063	0.100609	0.051998	0.0387255	0.0447161	0.0434825	0.0294504	
2.214e-08	736	-0.909084	-0.244452	0.337356	0.0262205	0.0544626	0.0498847	0.0351203	0.0497224	0.013817	
2.22e-08	738	0.60326	-0.231831	0.763106	0.0985055	0.0568246	0.0469933	0.0413632	0.0619263	0.0211421	
2.226e-08	740	0.00142101	-0.88366	0.468127	0.0306668	0.055124	0.0426046	0.0479211	0.052625	0.0242669	
2.232e-08	742	-0.113885	0.615491	0.779872	0.0435174	0.0445862	0.0326246	0.0291233	0.02912	0.0154607	
2.238e-08	744	-0.541261	0.228089	-0.809328	0.0476655	0.0477061	0.0390151	0.0228664	0.0505625	0.0214143	
2.244e-08	746	0.273193	0.250661	-0.928728	0.0454668	0.0423037	0.0245912	0.0256681	0.0367338	0.0153713	
2.25e-08	748	-0.23989	0.689094	-0.683814	0.0323201	0.0414108	0.0249349	0.0259315	0.0291246	0.0122403	
2.256e-08	750	0.835808	0.399735	0.376348	0.0399607	0.0475019	0.0454254	0.0271197	0.0419325	0.0241445	
2.262e-08	752	0.0831082	0.187004	0.978837	0.0211315	0.0369984	0.0208837	0.0155334	0.0326466	0.0142369	
2.268e-08	754	-0.416386	-0.225002	0.880907	0.0514646	0.0415202	0.0281509	0.0200944	0.0320309	0.0103537	
2.274e-08	756	0.093597	-0.323818	0.941478	0.079303	0.0393167	0.0223124	0.022492	0.0262096	0.0092439	
2.28e-08	758	0.92349	0.261083	0.281073	0.0194736	0.0410556	0.0265245	0.0245407	0.0286076	0.0118629	
2.286e-08	760	0.762455	-0.388185	-0.517663	0.0539794	0.0397969	0.0222821	0.0253753	0.0238983	0.0111467	
2.292e-08	762	-0.401827	-0.455962	0.794125	0.0728216	0.0383239	0.0148121	0.0269064	0.0251305	0.0101293	
2.298e-08	764	0.861645	0.383529	0.332377	0.0122021	0.0340301	0.0136973	0.0192035	0.0219245	0.0107591	
2.304e-08	766	0.740883	0.0510908	0.669688	0.0396757	0.0397845	0.0210766	0.0209763	0.0264494	0.00976407	
2.31e-08	768	-0.95325	-0.166527	-0.252156	0.0462147	0.0385206	0.0241406	0.0226642	0.0219435	0.0108581	
2.316e-08	770	-0.00890924	0.48647	0.873652	0.0278759	0.0323129	0.0116022	0.0217477	0.0136055	0.00578863	
2.322e-08	772	-0.208632	0.543014	0.813393	0.0350063	0.0316492	0.0131306	0.00761632	0.0260767	0.00775887	
2.328e-08	774	0.0662704	0.311479	-0.947939	0.0357717	0.0340742	0.0152633	0.0130928	0.0241588	0.00742054	
2.334e-08	776	-0.0389742	0.99915	0.013456	0.0262394	0.038412	0.0239983	0.0182638	0.0209281	0.00727786	
2.34e-08	778	0.914327	0.393716	-0.0948372	0.0289522	0.032813	0.0170554	0.0143005	0.0141547	0.00706115	
2.346e-08	780	-0.0123595	-0.470728	-0.882192	0.0423787	0.0326635	0.0120722	0.0152153	0.0187876	0.00417951	
2.352e-08	782	0.291386	-0.465494	0.835709	0.0516659	0.0287491	0.00886107	0.0092472	0.0184492	0.00738814	
2.358e-08	784	-0.210931	0.144097	-0.966822	0.00365413	0.0348788	0.0130723	0.0162404	0.0263203	0.00894562	
2.364e-08	786	-0.767758	-0.306481	-0.562687	0.0500193	0.0334452	0.0175812	0.0107496	0.0210648	0.00635092	
2.37e-08	788	-0.947819	0.0385732	0.316467	0.0353214	0.0323536	0.00889852	0.0171641	0.0179386	0.00876018	
2.376e-08	790	0.928367	0.354542	-0.111512	0.0141667	0.028594	0.0141935	0.0126845	0.00934931	0.00577884	
2.382e-08	792	0.58708	0.795502	0.150048	0.03676	0.033068	0.0136624	0.0172017	0.0173616	0.00890989	
2.388e-08	794	0.732129	-0.553922	0.39643	0.0414907	0.0320523	0.015083	0.0120475	0.0183981	0.00620936	
2.394e-08	796	0.873441	0.486929	-0.00102756	0.0458815	0.0305027	0.0176328	0.0105499	0.0116164	0.00581794	
2.4e-08	798	0.197229	-0.239105	0.950752	0.0265261	0.0270012	0.0100494	0.0098659	0.0112563	0.00485115	
2.406e-08	800	0.832844	0.545754	0.0923234	0.0144193	0.0278472	0.0145205	0.00922916	0.0107294	0.00738761	
2.412e-08	802	-0.970933	-0.23908	-0.0114091	0.0279145	0.0289295	0.0156408	0.0106774	0.0112872	0.00791714	
2.418e-08	804	0.120707	-0.991567	-0.0471638	0.0471907	0.0301538	0.00684799	0.0236521	0.0102763	0.00617023	
2.424e-08	806	0.729659	-0.495675	-0.471067	0.0125661	0.0259156	0.00988595	0.00675558	0.0128906	0.00401117	
2.43e-08	808	0.13053	-0.505392	-0.85296	0.0233734	0.0310574	0.0153713	0.0133926	0.0107326	0.00437106	
2.436e-08	810	-0.095501	-0.828224	-0.552199	0.0257368	0.0303477	0.00819181	0.0182848	0.0136006	0.00651689	
2.442e-08	812	-0.0307717	0.959152	0.281212	0.0177062	0.0288063	0.0112268	0.0113639	0.0125255	0.00532509	
2.448e-08	814	-0.478808	-0.359603	-0.800892	0.0263987	0.0274154	0.01081	0.0132219	0.00850978	0.00426121	
2.454e-08	816	0.90931	0.371643	0.187181	0.0140546	0.0267298	0.0107662	0.0100576	0.00959041	0.00522317	
2.46e-08	818	-0.73702	0.374367	0.562718	0.0330397	0.0271838	0.0108297	0.00748142	0.0131502	0.00387632	
2.466e-08	820	0.558122	0.669988	0.489507	0.00324763	0.0252893	0.00755365	0.0100888	0.00871152	0.00374448	
2.472e-08	822	0.152082	0.976205	-0.154578	0.0473332	0.0217539	0.00612266	0.00830227	0.0081421	0.00521281	
2.478e-08	824	0.198227	0.764419	-0.61349	0.0316742	0.0242964	0.00830061	0.0108906	0.00674458	0.00474953	
2.484e-08	826	0.88793	0.431346	-0.159754	0.0194751	0.0281849	0.00883863	0.011807	0.0135684	0.00620241	
2.49e-08	828	-0.525471	-0.519556	-0.673752	0.0305175	0.0238543	0.00915477	0.00575373	0.00897938	0.00285312	
2.496e-08	830	0.814947	-0.518612	-0.258657	0.0209886	0.0254388	0.00752641	0.005606	0.0130035	0.00378177	
2.502e-08	832	-0.966824	-0.219501	-0.130658	0.03525	0.022239	0.00739126	0.00510741	0.00853867	0.00328245	
2.508e-08	834	-0.494811	0.617713	-0.611222	0.0289175	0.0218653	0.00737408	0.00592633	0.00692432	0.00427537	
2.514e-08	836	0.683261	-0.664424	0.302811	0.010136	0.0245118	0.00671646	0.0109775	0.00572916	0.00253151	
2.52e-08	838	0.135925	0.696515	0.70455	0.0310293	0.0253158	0.00495287	0.00862451	0.0118845	0.00391692	
2.526e-08	840	0.246217	0.805543	0.538959	0.0384352	0.031016	0.00923662	0.0146329	0.0138396	0.00345105	
2.532e-08	842	0.218307	-0.846671	0.485273	0.0113182	0.0257752	0.00697364	0.00749629	0.0122575	0.00429866	
2.538e-08	844	0.671547	-0.422441	0.608743	0.0235597	0.0216374	0.00677673	0.00710878	0.00601882	0.003028	
2.544e-08	846	0.437463	0.649028	-0.622406	0.0154218	0.0262729	0.00965676	0.00651493	0.0122645	0.00422787	
2.55e-08	848	0.495895	-0.199039	0.845264	0.0109597	0.0212051	0.00611773	0.00545451	0.00513187	0.00231145	
2.556e-08	850	-0.00190392	-0.982413	0.18671	0.0271091	0.0203849	0.00562614	0.00528718	0.00639341	0.00298335	
2.562e-08	852	0.629621	-0.219045	0.745384	0.0292577	0.0234464	0.00968388	0.00605762	0.00716177	0.00368966	
2.568e-08	854	0.802944	-0.498961	-0.326067	0.0176868	0.0250442	0.00811257	0.0104356	0.00622963	0.00363777	
2.574e-08	856	-0.708172	-0.574944	0.409796	0.0140688	0.0233368	0.00918547	0.00663928	0.00645436	0.00308535	
2.58e-08	858	-0.379779	-0.877013	-0.294308	0.0247826	0.022968	0.00771339	0.00745924	0.00515919	0.00222387	
2.586e-08	860	0.399315	0.807493	0.43417	0.0268857	0.0243019	0.00688648	0.00795559	0.00965124	0.0037478	
2.592e-08	862	-0.621225	0.285919	-0.72961	0.028631	0.0242835	0.00928653	0.00867414	0.00823228	0.0054666	
2.598e-08	864	0.904388	-0.401557	0.144344	0.0215941	0.0229574	0.00878475	0.00536562	0.00730153	0.00339506	
2.604e-08	866	0.314791	0.613771	-0.724011	0.0141363	0.0248774	0.00726171	0.0099938	0.00668407	0.00223343	
2.61e-08	868	-0.284083	-0.245429	0.926856	0.022028	0.0205994	0.0069375	0.00489863	0.00551414	0.00311916	
2.616e-08	870	0.169461	-0.965655	0.196959	0.0332897	0.0210342	0.00496174	0.0057254	0.00765364	0.00333551	
2.622e-08	872	-0.756882	-0.0366225	0.652524	0.0301984	0.0198862	0.00520742	0.00734228	0.00431572	0.00297673	
2.628e-08	874	0.520732	0.843719	-0.130291	0.0254702	0.0224574	0.00628565	0.00563637	0.00761678	0.00283284	
2.634e-08	876	-0.228958	0.973232	-0.0199576	0.00682172	0.0234131	0.00722845	0.0079131	0.00698514	0.00370351	
2.64e-08	878	-0.823784	-0.152595	0.54598	0.0370767	0.0207796	0.0060197	0.00486656	0.00608175	0.00200017	
2.646e-08	880	-0.961179	0.160118	0.224717	0.023464	0.0233406	0.00681805	0.00814588	0.00628596	0.00235981	
2.652e-08	882	-0.28715	0.632871	0.719041	0.00531457	0.0200985	0.00424789	0.00565836	0.00605742	0.00218656	
2.658e-08	884	-0.592414	-0.771254	0.232837	0.014672	0.0200644	0.00428387	0.00704333	0.00471932	0.00283153	
2.664e-08	886	-0.872051	-0.431135	-0.231623	0.0177949	0.0210825	0.00531455	0.0053912	0.00708206	0.00270287	
2.67e-08	888	0.296635	0.784709	0.544279	0.0229868	0.0203735	0.00495673	0.00300661	0.00756979	0.00235404	
2.676e-08	890	-0.380398	0.656171	0.651719	0.0339772	0.0256416	0.00660273	0.00711452	0.0102718	0.00379236	
2.682e-08	892	0.681174	0.560727	0.470731	0.0366839	0.0222406	0.00653614	0.00742151	0.00679309	0.00410044	
2.688e-08	894	-0.10308	0.342972	-0.933673	0.0201679	0.0197998	0.00417526	0.0063851	0.00486475	0.00229835	
2.694e-08	896	0.679289	-0.11191	0.725288	0.0205564	0.0202123	0.00522886	0.00422333	0.00656873	0.00237288	
2.7e-08	898	0.396152	-0.894876	-0.205574	0.0300353	0.0224091	0.00455341	0.00848935	0.00530346	0.00217672	
2.706e-08	900	0.850118	0.523402	-0.0578768	0.022751	0.0209743	0.00485893	0.00713033	0.00661317	0.0037924	
