#----------------------------------------------------------------------------------------------------------------------------------------------------------
# Output file for vampire simulation
#   time       : 2024-08-29 04:57:43     process id : 4009300
#   hostname   : node120.viking2.yor.alces.network
#   path       : /users/ky883/parameter/WS_dia5/AI_Dataset/size_9.0_9.0_8.0/Temp_900/random_1
#----------------------------------------------------------------------------------------------------------------------------------------------------------
6e-11	0	0.00458094	-0.00582322	0.999973	0.999891	0.999858	0	0	0	0	
1.2e-10	2	-0.00258064	-0.0036035	0.99999	0.998983	0.998975	0.0515212	0.035391	3.63872e-06	3.27724e-06	
1.8e-10	4	-0.00116971	-0.00616413	0.99998	0.997878	0.997936	0.0729564	0.0715477	1.20338e-05	1.03655e-05	
2.4e-10	6	0.001323	-0.00364848	0.999992	0.996883	0.996897	0.0296767	0.041688	1.58212e-05	1.58083e-05	
3e-10	8	-0.00262696	-0.00455327	0.999986	0.995957	0.995884	0.0420192	0.0479043	1.50156e-05	1.4437e-05	
3.6e-10	10	0.00252361	-0.00120036	0.999996	0.994803	0.994835	0.0250734	0.0484506	1.54057e-05	1.39071e-05	
4.2e-10	12	-0.00313175	0.000669268	0.999995	0.9938	0.993822	0.0538835	0.0491479	2.57876e-05	2.45616e-05	
4.8e-10	14	-0.00164804	-0.00217562	0.999996	0.992575	0.992749	0.0627396	0.0432022	1.70287e-05	1.83901e-05	
5.4e-10	16	0.00494263	0.0100523	0.999937	0.991674	0.991725	0.0545314	0.0377916	2.8579e-05	3.29357e-05	
6e-10	18	0.0167681	-0.00415512	0.999851	0.990851	0.990675	0.0488332	0.0429645	3.71465e-05	3.81715e-05	
6.6e-10	20	-1.55647e-06	0.00169284	0.999999	0.989791	0.989674	0.0276728	0.0660033	5.66502e-05	5.50313e-05	
7.2e-10	22	-0.00147379	-0.000908778	0.999999	0.988901	0.988619	0.0358696	0.0511898	2.91136e-05	2.95756e-05	
7.8e-10	24	-0.0080831	0.00765438	0.999938	0.987373	0.987557	0.0490539	0.0333381	3.40003e-05	3.43511e-05	
8.4e-10	26	0.00108049	-0.00354634	0.999993	0.986915	0.986535	0.0507744	0.0481853	6.33214e-05	5.89031e-05	
9e-10	28	-0.00448438	0.000919762	0.99999	0.985488	0.985477	0.0353026	0.0740611	4.25842e-05	3.63302e-05	
9.6e-10	30	0.00320751	0.00408605	0.999987	0.984139	0.984399	0.0795244	0.0593501	6.91116e-05	6.38644e-05	
1.02e-09	32	0.0116109	-0.00708149	0.999908	0.983278	0.983403	0.034004	0.0426226	5.08427e-05	4.29296e-05	
1.08e-09	34	0.00803742	0.00195458	0.999966	0.982026	0.982303	0.0768153	0.0335179	5.08367e-05	5.18989e-05	
1.14e-09	36	-0.004287	-0.00345271	0.999985	0.98136	0.981244	0.0638454	0.0776417	4.89672e-05	5.59829e-05	
1.2e-09	38	0.000746982	0.00970194	0.999953	0.980468	0.980076	0.0622484	0.0592663	5.95419e-05	5.86539e-05	
1.26e-09	40	0.0107355	-0.0103138	0.999889	0.979046	0.979105	0.0566218	0.0708238	0.00010482	0.000118551	
1.32e-09	42	0.00584156	0.00339171	0.999977	0.978104	0.977973	0.0652851	0.0529582	0.000100959	8.61979e-05	
1.38e-09	44	-0.00342312	-0.000913248	0.999994	0.976993	0.977061	0.0387712	0.0437796	0.000121725	0.000121604	
1.44e-09	46	-0.00630185	-0.00665489	0.999958	0.975829	0.976069	0.080151	0.0410596	0.000119046	0.000105101	
1.5e-09	48	-0.0103349	0.00135266	0.999946	0.975089	0.974935	0.0373358	0.0329434	0.000150963	0.000154127	
1.56e-09	50	0.00233486	-0.00542161	0.999983	0.973917	0.973759	0.0380181	0.0673753	5.13225e-05	4.5011e-05	
1.62e-09	52	-0.0170852	-0.00967974	0.999807	0.972857	0.972746	0.0490192	0.0316153	5.94716e-05	5.8754e-05	
1.68e-09	54	-0.000118386	-0.0062936	0.99998	0.971466	0.971639	0.0484171	0.0508067	9.11518e-05	9.29976e-05	
1.74e-09	56	0.0125931	-0.00256653	0.999917	0.970191	0.970654	0.0700932	0.0599829	0.000105449	8.75183e-05	
1.8e-09	58	0.00607259	-0.00401184	0.999974	0.969929	0.969465	0.0410166	0.0346049	0.000101649	0.000105213	
1.86e-09	60	-0.00082355	-0.00843956	0.999964	0.968826	0.968423	0.0640294	0.0479633	0.000116751	0.000109747	
1.92e-09	62	0.00762256	0.0128682	0.999888	0.967063	0.967262	0.0551144	0.0664742	0.000125925	0.000103452	
1.98e-09	64	0.00681121	0.0125027	0.999899	0.966221	0.966219	0.0301503	0.0421887	0.000133102	0.000133914	
2.04e-09	66	-0.021206	0.019942	0.999576	0.964779	0.965199	0.0533138	0.087213	0.000163147	0.000135839	
2.1e-09	68	-0.0119445	-0.00162749	0.999927	0.964195	0.963973	0.0724939	0.0684616	0.000141176	0.00014419	
2.16e-09	70	-0.000914706	-0.000723051	0.999999	0.962407	0.962889	0.0413324	0.0528429	0.000145576	0.000153456	
2.22e-09	72	0.00271982	0.00346505	0.99999	0.960929	0.96181	0.044784	0.0435559	0.000235649	0.000243973	
2.28e-09	74	-0.0104921	-0.00113197	0.999944	0.961339	0.96071	0.0573033	0.0352962	0.000183835	0.000181202	
2.34e-09	76	-0.0117873	0.00570322	0.999914	0.960183	0.959557	0.0499694	0.0772231	8.54554e-05	7.16434e-05	
2.4e-09	78	0.0151231	0.00707168	0.999861	0.958982	0.958581	0.0186953	0.0631907	9.22762e-05	0.000100718	
2.46e-09	80	-0.0191686	-0.00169117	0.999815	0.958226	0.95757	0.0754306	0.0374935	0.00013742	0.000140214	
2.52e-09	82	-0.0042251	0.00194218	0.999989	0.955777	0.95641	0.0788333	0.0523164	0.000235445	0.000255111	
2.58e-09	84	0.00745131	0.011375	0.999908	0.955256	0.955262	0.0642685	0.0555869	0.000212676	0.000205359	
2.64e-09	86	-0.0113089	-0.00255814	0.999933	0.953178	0.954008	0.036846	0.0756295	0.000206829	0.000169928	
2.7e-09	88	0.0100817	-0.0136074	0.999857	0.954047	0.952914	0.0899878	0.0473198	0.000260961	0.000212703	
2.76e-09	90	-0.00958342	0.0210019	0.999734	0.952837	0.9522	0.0472767	0.0700896	0.000164789	0.000145864	
2.82e-09	92	0.00393165	0.0073382	0.999965	0.95032	0.950874	0.0565978	0.0502489	0.000189801	0.000161755	
2.88e-09	94	0.00798937	0.014041	0.99987	0.949099	0.949981	0.0540778	0.0404352	0.000214707	0.000194997	
2.94e-09	96	0.00451539	0.00501757	0.999977	0.949335	0.948562	0.0548137	0.0713113	0.000277883	0.000306998	
3e-09	98	-0.00687541	-0.00398318	0.999968	0.946683	0.947482	0.0321343	0.0530489	0.000197463	0.000184744	
3.06e-09	100	0.00696222	0.00903939	0.999935	0.946512	0.946421	0.0557498	0.0330317	0.000208138	0.000205807	
3.12e-09	102	0.0095898	0.000489256	0.999954	0.94672	0.945104	0.0862844	0.0585514	0.000253481	0.000259129	
3.18e-09	104	-0.006426	-0.00420016	0.999971	0.943028	0.943974	0.026337	0.050171	0.000240467	0.000246495	
3.24e-09	106	0.000259649	-0.0183759	0.999831	0.943735	0.943086	0.0557215	0.0521252	0.000295727	0.00028159	
3.3e-09	108	-0.00248132	0.00699513	0.999972	0.941197	0.94211	0.0630611	0.0296618	0.000203395	0.000189691	
3.36e-09	110	-0.004316	-0.0245779	0.999689	0.940757	0.940603	0.0551491	0.0431337	0.000280319	0.0002805	
3.42e-09	112	-0.011418	0.00690698	0.999911	0.939876	0.939792	0.0596692	0.0748721	0.000209897	0.000225472	
3.48e-09	114	-0.00257736	-5.8848e-05	0.999997	0.938265	0.938332	0.06675	0.0427113	0.000186078	0.000179762	
3.54e-09	116	0.0193784	0.0274974	0.999434	0.937426	0.937224	0.049543	0.0591318	0.000332409	0.000320625	
3.6e-09	118	-0.00838399	0.00897875	0.999925	0.936732	0.9364	0.0404044	0.039157	0.000344765	0.000336469	
3.66e-09	120	0.00119718	-0.0160757	0.99987	0.936375	0.93488	0.0582692	0.0423079	0.000264718	0.000267313	
3.72e-09	122	0.0167457	-0.0145057	0.999755	0.933608	0.933957	0.061831	0.0611391	0.000393881	0.000348387	
3.78e-09	124	-0.0161106	0.00676127	0.999847	0.935301	0.933096	0.0564604	0.0465399	0.000354395	0.000335112	
3.84e-09	126	0.0202035	0.0264352	0.999446	0.930865	0.9316	0.0718581	0.0475141	0.000349867	0.000282037	
3.9e-09	128	-0.000824423	0.00335692	0.999994	0.930105	0.930909	0.0447847	0.0501564	0.000257679	0.000265208	
3.96e-09	130	0.00707117	0.020993	0.999755	0.929063	0.929362	0.050083	0.0294906	0.000200269	0.000193325	
4.02e-09	132	-0.0121296	0.0041471	0.999918	0.92696	0.928278	0.0483496	0.0658735	0.000338836	0.000318695	
4.08e-09	134	-0.0081976	0.0211025	0.999744	0.926808	0.927265	0.0731566	0.0925771	0.000229817	0.000166553	
4.14e-09	136	0.021899	-0.0394186	0.998983	0.925833	0.925829	0.0839843	0.0633722	0.000258933	0.000232322	
4.2e-09	138	0.0187686	-0.00450145	0.999814	0.924045	0.924926	0.0662198	0.0660088	0.000312389	0.000278458	
4.26e-09	140	-0.00852525	0.0113955	0.999899	0.925989	0.923623	0.0418426	0.0744583	0.00055811	0.000557668	
4.32e-09	142	-0.00454769	-0.0472174	0.998874	0.919058	0.922591	0.0778995	0.0598159	0.00052193	0.000387513	
4.38e-09	144	0.0143875	-0.01259	0.999817	0.922107	0.921847	0.0734572	0.0354688	0.000253115	0.000274824	
4.44e-09	146	-0.0057113	0.0172612	0.999835	0.920207	0.920051	0.0295929	0.0618519	0.000432709	0.000415167	
4.5e-09	148	0.0234982	0.0137974	0.999629	0.92025	0.918789	0.0512599	0.0266065	0.000361774	0.000354367	
4.56e-09	150	0.00344989	-0.0202874	0.999788	0.919182	0.917874	0.045326	0.0334456	0.000405422	0.000407458	
4.62e-09	152	0.00170631	-0.00630308	0.999979	0.916855	0.916604	0.0367818	0.0717267	0.000411017	0.000376599	
4.68e-09	154	0.00724968	0.00928016	0.999931	0.912794	0.915053	0.060285	0.0959081	0.000295554	0.000295502	
4.74e-09	156	0.00561446	-0.0243167	0.999689	0.916503	0.91431	0.0569069	0.0409496	0.000346541	0.000377872	
4.8e-09	158	-0.0196108	-0.00562119	0.999792	0.911142	0.912811	0.0464839	0.0656729	0.000275102	0.000260648	
4.86e-09	160	0.0113698	0.0139494	0.999838	0.91109	0.911403	0.0620602	0.0656864	0.000349535	0.000326547	
4.92e-09	162	0.0415373	-0.00271149	0.999133	0.910515	0.910293	0.0737227	0.0599357	0.000608766	0.000522858	
4.98e-09	164	0.00529967	-0.0138787	0.99989	0.911205	0.909195	0.0434141	0.0333998	0.000623972	0.000625265	
5.04e-09	166	-0.0153326	-0.0138179	0.999787	0.909484	0.908388	0.0371766	0.0581204	0.00038145	0.000393528	
5.1e-09	168	-0.0234413	-0.0229541	0.999462	0.907992	0.907386	0.0479457	0.0693885	0.000227928	0.000240355	
5.16e-09	170	0.000118801	0.00514126	0.999987	0.902321	0.905804	0.052751	0.0364696	0.000512771	0.000523375	
5.22e-09	172	-0.0011535	0.0256712	0.99967	0.904602	0.904708	0.0362981	0.0467279	0.000450718	0.000445345	
5.28e-09	174	-0.00597354	-0.0181606	0.999817	0.90412	0.903729	0.0519175	0.0473739	0.000498253	0.00051724	
5.34e-09	176	0.0212245	-0.0010841	0.999774	0.901524	0.902745	0.0668808	0.0954823	0.000357405	0.000377007	
5.4e-09	178	0.000477719	0.00589731	0.999982	0.901212	0.901175	0.0364415	0.0553918	0.000548375	0.000502478	
5.46e-09	180	0.011441	-0.0045548	0.999924	0.899045	0.899518	0.0610857	0.0357289	0.000322838	0.000360447	
5.52e-09	182	-0.00333126	-0.0282938	0.999594	0.899065	0.898487	0.0507587	0.0801951	0.000442504	0.000471062	
5.58e-09	184	-0.0206652	0.0202473	0.999581	0.897583	0.897685	0.0833376	0.0986917	0.000567753	0.000461615	
5.64e-09	186	-0.0260964	-0.00297992	0.999655	0.897743	0.896596	0.0460231	0.0356729	0.000397136	0.000368245	
5.7e-09	188	-0.0108722	-0.00460724	0.99993	0.893513	0.894699	0.0520993	0.0359023	0.000431863	0.00042821	
5.76e-09	190	0.0273356	-0.00988943	0.999577	0.894854	0.893599	0.0785717	0.0557454	0.000332637	0.00031969	
5.82e-09	192	-0.0256157	-0.0240078	0.999384	0.889558	0.89273	0.0416561	0.0477986	0.000634575	0.000588745	
5.88e-09	194	0.013076	0.0178139	0.999756	0.891764	0.891005	0.0667816	0.0515409	0.000488182	0.000503077	
5.94e-09	196	-0.0273831	-0.0136603	0.999532	0.888313	0.890108	0.053815	0.0404435	0.000579357	0.000523337	
6e-09	198	-0.0168889	-0.00654435	0.999836	0.890646	0.888707	0.0750818	0.0503957	0.000396918	0.000419927	
6.06e-09	200	0.024208	0.0120632	0.999634	0.886921	0.887543	0.0548965	0.0607561	0.000273828	0.000334459	
6.12e-09	202	0.00743489	-0.000352762	0.999972	0.885147	0.886585	0.0354761	0.0648129	0.000901631	0.000904071	
6.18e-09	204	0.0065788	-0.0361965	0.999323	0.883702	0.885196	0.0517246	0.0995223	0.000463991	0.000499794	
6.24e-09	206	-0.00317303	0.0116879	0.999927	0.885411	0.883822	0.0661884	0.0605967	0.000528952	0.000592544	
6.3e-09	208	-0.00419661	-0.00410784	0.999983	0.884821	0.882652	0.0279529	0.0835042	0.000463582	0.000425425	
6.36e-09	210	0.019684	0.0355371	0.999174	0.881573	0.881124	0.0620752	0.0585927	0.000644564	0.000616849	
6.42e-09	212	-0.00444709	-0.00266822	0.999987	0.881135	0.879942	0.0769603	0.0623688	0.000636668	0.000503506	
6.48e-09	214	0.0481758	-0.014182	0.998738	0.878247	0.87852	0.0655808	0.0619995	0.000359504	0.000271618	
6.54e-09	216	0.0158273	-0.0164963	0.999739	0.881145	0.877497	0.0743018	0.0597619	0.000607769	0.0005872	
6.6e-09	218	0.0424154	-0.00719781	0.999074	0.876303	0.876583	0.0740803	0.0413268	0.000582183	0.00059098	
6.66e-09	220	0.0145318	-0.056158	0.998316	0.875098	0.875183	0.0332255	0.0496536	0.000753598	0.000702031	
6.72e-09	222	-0.0127808	-0.00312497	0.999913	0.873779	0.873605	0.082515	0.0503482	0.000536673	0.000508078	
6.78e-09	224	-0.00963401	-0.0098868	0.999905	0.873093	0.872387	0.042166	0.0489008	0.00058005	0.000538795	
6.84e-09	226	-0.0146523	0.0203459	0.999686	0.870188	0.870695	0.0582057	0.0829976	0.000639851	0.000657621	
6.9e-09	228	-0.0369693	0.0254918	0.998991	0.869633	0.869818	0.06961	0.05746	0.000286954	0.000290548	
6.96e-09	230	-0.0477579	-0.0230468	0.998593	0.863794	0.868289	0.0703484	0.0472151	0.000581424	0.000534616	
7.02e-09	232	-0.00813263	-0.00752286	0.999939	0.865542	0.867197	0.0769097	0.0761111	0.000946957	0.000944259	
7.08e-09	234	0.0289471	-0.0155747	0.99946	0.866863	0.865837	0.0798511	0.0474167	0.000810913	0.000737099	
7.14e-09	236	0.000270458	-0.0512571	0.998685	0.866499	0.864545	0.0523355	0.0572762	0.000559955	0.000571507	
7.2e-09	238	-0.0233976	0.0152762	0.99961	0.863531	0.863406	0.0482836	0.039923	0.000647666	0.000586397	
7.26e-09	240	-0.0203227	-0.00374705	0.999786	0.858428	0.861827	0.0680458	0.0386539	0.000812403	0.000768333	
7.32e-09	242	-0.00276126	-0.0114939	0.99993	0.858511	0.86022	0.103426	0.0478486	0.000686563	0.000706503	
7.38e-09	244	-0.0331461	0.0118273	0.999381	0.856741	0.85952	0.0629111	0.0485415	0.000551839	0.000533621	
7.44e-09	246	0.0344648	0.0112997	0.999342	0.857791	0.858425	0.0553284	0.0466964	0.000868486	0.000848624	
7.5e-09	248	0.00370811	-0.013432	0.999903	0.855299	0.856682	0.0472758	0.0722368	0.000579748	0.000516301	
7.56e-09	250	-0.00890482	-0.00881821	0.999921	0.853084	0.854791	0.0760321	0.0655311	0.000467375	0.000432716	
7.62e-09	252	-0.0380748	0.0387996	0.998521	0.856343	0.854259	0.0622601	0.0623414	0.000678223	0.000742689	
7.68e-09	254	0.00170663	0.0381467	0.999271	0.851372	0.852744	0.0707826	0.0492783	0.000813573	0.000822242	
7.74e-09	256	-0.0197418	-0.0108578	0.999746	0.851752	0.850843	0.0626553	0.0506903	0.000732999	0.000745395	
7.8e-09	258	0.000718924	0.0361957	0.999344	0.849133	0.85036	0.0761294	0.0455021	0.000614909	0.000651171	
7.86e-09	260	-0.0124719	-0.00932417	0.999879	0.848406	0.849275	0.0623288	0.0710867	0.00098458	0.000877234	
7.92e-09	262	-0.0251105	-0.000538247	0.999685	0.85163	0.847912	0.0415252	0.0743639	0.000914279	0.000874526	
7.98e-09	264	-0.0233439	-0.0159228	0.999601	0.847939	0.845942	0.0789673	0.0622948	0.000536349	0.000511001	
8.04e-09	266	0.0162596	-0.00146747	0.999867	0.84382	0.844959	0.052519	0.0674382	0.00118977	0.00103663	
8.1e-09	268	-0.049148	0.0430404	0.997864	0.840615	0.84308	0.064599	0.0613799	0.00110544	0.000870858	
8.16e-09	270	0.0121903	0.0258677	0.999591	0.840773	0.841928	0.0897537	0.0405034	0.00082788	0.000705953	
8.22e-09	272	0.00628856	0.0260433	0.999641	0.838943	0.840487	0.0528172	0.0710239	0.000640486	0.00063507	
8.28e-09	274	-0.0422925	0.0359899	0.998457	0.842427	0.839264	0.0455439	0.0452539	0.000830879	0.000845088	
8.34e-09	276	-0.0217909	0.00967528	0.999716	0.836031	0.838222	0.0605436	0.09711	0.000894156	0.000821888	
8.4e-09	278	0.0360245	0.00288115	0.999347	0.83687	0.83593	0.0711383	0.0644739	0.00142981	0.0014561	
8.46e-09	280	0.00382303	0.00231657	0.99999	0.833513	0.834926	0.0309611	0.0932798	0.000716678	0.000689707	
8.52e-09	282	-0.02925	0.0327347	0.999036	0.835764	0.833597	0.0719326	0.0625346	0.000551591	0.000496801	
8.58e-09	284	0.0176589	0.029987	0.999394	0.833111	0.831771	0.0463215	0.0798363	0.000888912	0.000762717	
8.64e-09	286	-0.0290742	-0.0196909	0.999383	0.832962	0.831039	0.071919	0.0565853	0.000586615	0.000566567	
8.7e-09	288	0.0012342	-0.00499569	0.999987	0.82916	0.829329	0.0575145	0.0528142	0.000652411	0.000704617	
8.76e-09	290	0.0286108	0.00401292	0.999583	0.829992	0.827717	0.0500061	0.065307	0.000963814	0.000938438	
8.82e-09	292	-0.0600465	0.000512081	0.998195	0.827915	0.826546	0.122754	0.0486483	0.00127053	0.000903176	
8.88e-09	294	-0.0368198	-0.00895014	0.999282	0.825709	0.825869	0.0480701	0.0493459	0.000772605	0.000710863	
8.94e-09	296	-0.0398922	0.000409769	0.999204	0.826362	0.824402	0.0336559	0.0319264	0.000962041	0.000870151	
9e-09	298	0.00358638	0.0272354	0.999623	0.821997	0.823234	0.0321957	0.0901809	0.00105127	0.000983407	
9.06e-09	300	0.0245852	0.0469344	0.998595	0.81556	0.821552	0.0676724	0.0573039	0.000775651	0.000686083	
9.12e-09	302	0.028082	0.0431139	0.998675	0.820553	0.819303	0.123223	0.0603919	0.00140786	0.00136908	
9.18e-09	304	0.00690069	-0.0244914	0.999676	0.816896	0.817554	0.0598039	0.0770651	0.000913945	0.000792386	
9.24e-09	306	-0.043101	0.0175842	0.998916	0.819291	0.81732	0.0612796	0.110975	0.00082631	0.000760536	
9.3e-09	308	-0.00916548	0.0194974	0.999768	0.815963	0.815114	0.0448857	0.0675985	0.00147219	0.00121481	
9.36e-09	310	0.0288252	-0.0446133	0.998588	0.813774	0.814178	0.0410387	0.080686	0.000614995	0.000734657	
9.42e-09	312	0.016428	-0.0257537	0.999533	0.810155	0.811781	0.0570008	0.047012	0.000639934	0.000669559	
9.48e-09	314	0.00452603	-0.000953084	0.999989	0.816732	0.810772	0.0673512	0.0241238	0.00134182	0.00147023	
9.54e-09	316	-0.0141152	0.0513701	0.99858	0.805604	0.808593	0.0894925	0.0678182	0.000856613	0.000846232	
9.6e-09	318	0.011072	-0.0354384	0.999311	0.811085	0.808352	0.0693877	0.125798	0.00108215	0.000864592	
9.66e-09	320	-0.0307102	-0.0164179	0.999393	0.809829	0.806007	0.0519023	0.0505651	0.00132586	0.00132302	
9.72e-09	322	0.00100307	-0.0345745	0.999402	0.805486	0.804101	0.0543306	0.0463872	0.000682895	0.000641353	
9.78e-09	324	-0.0333891	-0.0295919	0.999004	0.802907	0.803591	0.0771332	0.103194	0.00144235	0.00156832	
9.84e-09	326	-0.00907268	0.0126726	0.999879	0.804332	0.802735	0.0942305	0.0804985	0.00109899	0.00109378	
9.9e-09	328	-0.063954	-0.0221564	0.997707	0.794071	0.80058	0.0951905	0.0851668	0.00102235	0.00083541	
9.96e-09	330	-0.0191558	0.0153524	0.999699	0.800073	0.798932	0.0407114	0.0381465	0.000982722	0.000853553	
1.002e-08	332	0.0150878	-0.0110948	0.999825	0.797782	0.79686	0.0436539	0.0733101	0.00143232	0.00132369	
1.008e-08	334	-0.0130677	-0.0342838	0.999327	0.790839	0.794964	0.0837038	0.0661962	0.000983236	0.000942724	
1.014e-08	336	0.00833037	0.00143388	0.999964	0.788105	0.794493	0.0686224	0.0722301	0.000885532	0.000796203	
1.02e-08	338	0.0369415	0.00236074	0.999315	0.790081	0.79283	0.0612779	0.0734412	0.00150763	0.00141341	
1.026e-08	340	0.00463114	0.00822501	0.999955	0.787914	0.790875	0.0517563	0.0767131	0.00147153	0.00138485	
1.032e-08	342	0.0269334	0.010482	0.999582	0.788504	0.790098	0.070996	0.0489946	0.000820519	0.000898824	
1.038e-08	344	-0.0552441	-0.0310139	0.997991	0.788192	0.788797	0.0478824	0.0551391	0.000930348	0.000897641	
1.044e-08	346	-0.0457533	-0.00920179	0.99891	0.787968	0.786561	0.0852906	0.0392526	0.00122226	0.00134173	
1.05e-08	348	-0.0403558	-0.00217936	0.999183	0.77872	0.78515	0.0786194	0.0479399	0.00116032	0.0011593	
1.056e-08	350	-0.0207118	-0.0207273	0.999571	0.78572	0.78402	0.0527759	0.0520145	0.00207441	0.0018877	
1.062e-08	352	-0.0226458	0.0277534	0.999358	0.772101	0.781277	0.0538566	0.0553691	0.00252583	0.00225407	
1.068e-08	354	0.0500879	-0.0373741	0.998045	0.779525	0.779571	0.0646686	0.0613886	0.00198585	0.00191564	
1.074e-08	356	-0.0218294	-0.0179688	0.9996	0.772865	0.77838	0.0675038	0.0667265	0.00146792	0.00145091	
1.08e-08	358	-0.0121427	0.0149985	0.999814	0.771604	0.77679	0.080563	0.0572499	0.000620683	0.000586561	
1.086e-08	360	-0.0159079	0.0587599	0.998145	0.776186	0.775334	0.0643136	0.0803871	0.00166476	0.00156649	
1.092e-08	362	-0.0374242	-0.0753452	0.996455	0.774789	0.774008	0.0639598	0.0763537	0.00179965	0.00161469	
1.098e-08	364	0.000452347	-0.0195826	0.999808	0.767445	0.772512	0.0655867	0.044765	0.00147197	0.00142686	
1.104e-08	366	0.0384708	0.0278021	0.998873	0.767499	0.770845	0.0637742	0.0652932	0.00147538	0.001419	
1.11e-08	368	0.0129374	-0.0131735	0.99983	0.768194	0.768914	0.0520964	0.051403	0.000880188	0.00090815	
1.116e-08	370	0.00630803	0.0486168	0.998798	0.776151	0.766469	0.0565277	0.0531642	0.00191882	0.00189024	
1.122e-08	372	0.036009	0.0616737	0.997447	0.765025	0.765304	0.0968934	0.0678128	0.00124251	0.00116114	
1.128e-08	374	-0.0878025	0.0159829	0.99601	0.760014	0.763781	0.0587475	0.0598569	0.0015254	0.00128288	
1.134e-08	376	-0.00231574	0.0431616	0.999065	0.762562	0.764053	0.0531238	0.100907	0.0015224	0.00148123	
1.14e-08	378	-0.0282132	0.0493931	0.998381	0.762411	0.761758	0.0980222	0.0602469	0.0019223	0.00180763	
1.146e-08	380	-0.0413407	-0.0165894	0.999007	0.761264	0.759525	0.0653953	0.0808355	0.00155163	0.00157754	
1.152e-08	382	-0.0188049	0.0415957	0.998958	0.757444	0.757323	0.0490181	0.0346193	0.00142926	0.00134878	
1.158e-08	384	-0.0299027	-0.0607306	0.997706	0.757622	0.756255	0.0682093	0.0755683	0.00119452	0.000922704	
1.164e-08	386	-0.0129711	0.0388121	0.999162	0.751014	0.755051	0.0724096	0.0705131	0.00178614	0.00175507	
1.17e-08	388	0.0330779	-0.0294349	0.999019	0.753939	0.753675	0.0703922	0.0453379	0.000650111	0.000715849	
1.176e-08	390	0.0139631	-0.0245145	0.999602	0.743602	0.750694	0.0873162	0.0351424	0.00138503	0.00122389	
1.182e-08	392	-0.00781035	-0.0245572	0.999668	0.748238	0.749624	0.0778162	0.0581838	0.00139172	0.00120155	
1.188e-08	394	-0.0643312	0.0149934	0.997816	0.754831	0.747143	0.078032	0.10538	0.00226449	0.00186664	
1.194e-08	396	-0.00389379	0.00680481	0.999969	0.747935	0.744873	0.0760091	0.0423584	0.00167228	0.00159662	
1.2e-08	398	0.01702	-0.0106148	0.999799	0.746426	0.744385	0.0686035	0.0629217	0.00108109	0.00114764	
1.206e-08	400	0.0870829	0.052623	0.99481	0.740631	0.741494	0.0850456	0.117258	0.00220917	0.00195487	
1.212e-08	402	0.000444556	0.00250281	0.999997	0.735375	0.740715	0.0411229	0.035775	0.00151892	0.00148866	
1.218e-08	404	-0.0287518	0.0229633	0.999323	0.748201	0.738454	0.0816266	0.0414554	0.00210417	0.00186578	
1.224e-08	406	-0.0216393	0.0142	0.999665	0.741443	0.73722	0.0644063	0.0523362	0.00125481	0.00126862	
1.23e-08	408	-0.0449624	-0.0195784	0.998797	0.730769	0.734227	0.0653422	0.0704724	0.00202368	0.00190992	
1.236e-08	410	-0.0358464	0.0131312	0.999271	0.732561	0.731708	0.0889199	0.0566672	0.00214265	0.00195445	
1.242e-08	412	0.040465	0.027589	0.9988	0.737074	0.731007	0.0577113	0.0526729	0.00171686	0.00152231	
1.248e-08	414	0.00608258	-0.0821153	0.996604	0.727837	0.730385	0.0516876	0.0506393	0.00249183	0.00208072	
1.254e-08	416	0.0180833	-0.0162849	0.999704	0.738932	0.728802	0.111301	0.102969	0.00193992	0.00171074	
1.26e-08	418	-0.0116007	-0.0092692	0.99989	0.724257	0.726834	0.0412477	0.0710629	0.00149109	0.00134494	
1.266e-08	420	-0.0621712	-0.0125359	0.997987	0.723083	0.723873	0.0740372	0.109147	0.00263686	0.0019872	
1.272e-08	422	-0.0165766	0.00113043	0.999862	0.724821	0.721914	0.0909444	0.0881062	0.00383469	0.00310415	
1.278e-08	424	-0.110037	0.03782	0.993208	0.721553	0.719593	0.0765642	0.0660166	0.00268081	0.00277347	
1.284e-08	426	0.0425591	0.0507207	0.997806	0.712653	0.716842	0.0470163	0.0930414	0.00399517	0.00375343	
1.29e-08	428	0.0075171	0.0338824	0.999398	0.72436	0.718194	0.0502193	0.0637951	0.00202051	0.00162238	
1.296e-08	430	-0.0245966	0.0460739	0.998635	0.714923	0.715184	0.119133	0.0762322	0.000843573	0.00075673	
1.302e-08	432	-0.0422681	-0.0283843	0.998703	0.713471	0.713693	0.0870918	0.0906587	0.00212414	0.00198902	
1.308e-08	434	-0.0180457	-0.0116877	0.999769	0.717072	0.71118	0.103224	0.0620213	0.0023446	0.00247892	
1.314e-08	436	-0.0592053	0.0472807	0.997126	0.704121	0.709139	0.0463588	0.0665584	0.00249043	0.0021307	
1.32e-08	438	-0.0245577	-0.0813156	0.996386	0.714325	0.708859	0.0857511	0.0810261	0.00264114	0.00214992	
1.326e-08	440	-0.00146362	-0.00221194	0.999996	0.708367	0.705344	0.0715198	0.0707304	0.00265425	0.002394	
1.332e-08	442	0.106825	-0.0181979	0.994111	0.700144	0.70354	0.115875	0.0425092	0.00280987	0.00227047	
1.338e-08	444	-0.00533886	-0.00924409	0.999943	0.700872	0.703125	0.110612	0.0586433	0.0036567	0.00233255	
1.344e-08	446	-0.0320279	-0.0612209	0.99761	0.697216	0.699322	0.0769134	0.0914636	0.00167424	0.00138668	
1.35e-08	448	0.0591171	0.0436225	0.997297	0.70761	0.697501	0.106506	0.0630649	0.00382081	0.0033262	
1.356e-08	450	0.0360433	0.0192423	0.999165	0.693928	0.69463	0.0407234	0.0913787	0.00249992	0.00267454	
1.362e-08	452	0.0284967	0.011146	0.999532	0.686985	0.693348	0.0960225	0.0810448	0.00290236	0.0028009	
1.368e-08	454	0.0525288	-0.0302848	0.99816	0.690329	0.691048	0.0712669	0.0269361	0.00209216	0.00181537	
1.374e-08	456	-0.0504969	0.0172146	0.998576	0.684162	0.690854	0.0994942	0.0642397	0.00202031	0.00167737	
1.38e-08	458	0.040867	0.0273952	0.998789	0.692961	0.686525	0.0404038	0.0785998	0.00162259	0.00152206	
1.386e-08	460	0.102798	0.0136409	0.994609	0.697199	0.686831	0.120705	0.0707046	0.0020347	0.00237778	
1.392e-08	462	0.0533421	0.0137752	0.998481	0.679804	0.68374	0.0937221	0.0864207	0.00354972	0.00300163	
1.398e-08	464	-0.0131861	-0.0363474	0.999252	0.678532	0.680987	0.0408905	0.0460074	0.0023767	0.00224476	
1.404e-08	466	0.134593	0.0332507	0.990343	0.683008	0.680388	0.0707727	0.0806827	0.00210265	0.00178013	
1.41e-08	468	-0.035065	0.000445183	0.999385	0.680586	0.678073	0.0482281	0.0890531	0.00331346	0.00330007	
1.416e-08	470	0.0624701	-0.00288575	0.998043	0.676847	0.673122	0.100432	0.10985	0.00377564	0.00301472	
1.422e-08	472	-0.00950785	-0.017428	0.999803	0.672321	0.673351	0.0552498	0.0983076	0.00262265	0.00226101	
1.428e-08	474	0.0380201	0.00685874	0.999253	0.668165	0.671004	0.0899563	0.130595	0.00313617	0.00325629	
1.434e-08	476	-0.018773	-0.0889908	0.995856	0.671931	0.668951	0.0697243	0.0691573	0.00161657	0.00181165	
1.44e-08	478	-0.0327394	-0.0844228	0.995892	0.653525	0.667399	0.0407289	0.104449	0.00398976	0.00401551	
1.446e-08	480	0.0250161	0.016783	0.999546	0.660051	0.664713	0.0705012	0.0412418	0.00267254	0.00261032	
1.452e-08	482	-0.00561236	-0.0119176	0.999913	0.655969	0.662366	0.079038	0.0984539	0.00247954	0.00206635	
1.458e-08	484	0.0150521	0.0634253	0.997873	0.658861	0.659343	0.0566007	0.0726824	0.00155582	0.00143736	
1.464e-08	486	0.0197735	0.0251478	0.999488	0.671054	0.656683	0.0593133	0.0822917	0.00344209	0.00323021	
1.47e-08	488	0.0344926	0.0965592	0.994729	0.652703	0.656804	0.0778597	0.0744308	0.00272749	0.00260845	
1.476e-08	490	-0.0403684	-0.0140952	0.999085	0.66183	0.653004	0.0831915	0.142326	0.00258353	0.00231282	
1.482e-08	492	0.00225012	0.00237836	0.999995	0.657109	0.651571	0.0897398	0.0767898	0.00180291	0.0015019	
1.488e-08	494	-0.0119981	0.0403471	0.999114	0.654811	0.649741	0.0517381	0.0527907	0.00304419	0.00280593	
1.494e-08	496	0.100949	0.0298849	0.994443	0.643887	0.646605	0.0718961	0.0743371	0.00276811	0.00267978	
1.5e-08	498	0.0667029	0.0191061	0.99759	0.63886	0.644131	0.0620397	0.100751	0.00236073	0.00201953	
1.506e-08	500	0.00421161	-0.0483789	0.99882	0.631821	0.640693	0.0579181	0.102497	0.00260847	0.00254879	
1.512e-08	502	-0.00775489	-0.0396317	0.999184	0.632208	0.637936	0.0654628	0.0374202	0.00372551	0.00385371	
1.518e-08	504	-0.119996	-0.0262381	0.992428	0.629448	0.635038	0.0806211	0.05716	0.00393226	0.00357809	
1.524e-08	506	-0.0109201	-0.0447717	0.998938	0.64859	0.634127	0.0984806	0.0581094	0.00446068	0.00405606	
1.53e-08	508	0.00894001	-0.0249038	0.99965	0.644348	0.632131	0.0511	0.0804582	0.00243959	0.00223954	
1.536e-08	510	0.131228	-0.0592399	0.989581	0.633354	0.63007	0.0920147	0.0830417	0.00480875	0.00442917	
1.542e-08	512	-0.0252614	-0.0782874	0.996611	0.625057	0.628559	0.0505688	0.0490466	0.00230572	0.00251482	
1.548e-08	514	0.0180645	-0.137441	0.990345	0.628244	0.623946	0.115039	0.115368	0.00368718	0.0025372	
1.554e-08	516	-0.0699852	-0.053048	0.996137	0.624546	0.622233	0.0759923	0.0783824	0.00308205	0.00283263	
1.56e-08	518	0.00182238	0.0381765	0.999269	0.608168	0.62038	0.0723938	0.0559514	0.0059142	0.00582645	
1.566e-08	520	-0.0749844	0.00616784	0.997166	0.619129	0.614371	0.066301	0.0440388	0.00388558	0.00356341	
1.572e-08	522	0.0560918	-0.00348231	0.99842	0.606438	0.614746	0.104725	0.106858	0.00438979	0.0034273	
1.578e-08	524	-0.0760442	-0.0118958	0.997033	0.614183	0.611866	0.0713674	0.0919096	0.00382968	0.00347955	
1.584e-08	526	0.0297444	-0.0790426	0.996427	0.603778	0.607957	0.077038	0.0886947	0.00295443	0.00286876	
1.59e-08	528	0.0571332	0.0604006	0.996538	0.598951	0.607308	0.0891101	0.0935937	0.00604502	0.00519143	
1.596e-08	530	-0.0468163	-0.00261205	0.9989	0.600724	0.603381	0.0836332	0.121007	0.00381761	0.0027886	
1.602e-08	532	-0.0413295	-0.133709	0.990158	0.600909	0.600025	0.0875337	0.0824456	0.00373651	0.00377736	
1.608e-08	534	0.0192977	-0.0230384	0.999548	0.579989	0.597355	0.0464857	0.0941008	0.00458263	0.00426749	
1.614e-08	536	0.0432069	0.0451187	0.998047	0.589834	0.597929	0.0678437	0.0938027	0.0026739	0.00257826	
1.62e-08	538	-0.0345807	-0.0870693	0.995602	0.584203	0.591878	0.0686393	0.0873426	0.00300146	0.00263454	
1.626e-08	540	-0.0558082	0.0918111	0.994211	0.597883	0.589882	0.0657016	0.0866878	0.00698061	0.00593818	
1.632e-08	542	-0.114247	0.00336929	0.993447	0.581782	0.587991	0.183634	0.103171	0.00523055	0.00383677	
1.638e-08	544	-0.000360299	0.0697962	0.997561	0.557989	0.584226	0.164816	0.0825469	0.00677512	0.00611534	
1.644e-08	546	0.056247	-0.00677606	0.998394	0.586763	0.579797	0.0779857	0.0960837	0.00513955	0.00411231	
1.65e-08	548	-0.0548803	0.113532	0.992017	0.579737	0.581348	0.075331	0.0473214	0.00376151	0.0039197	
1.656e-08	550	-0.0612884	-0.154617	0.986072	0.582522	0.577246	0.0839802	0.103222	0.00504648	0.00469846	
1.662e-08	552	-0.0289939	0.0142939	0.999477	0.563614	0.575324	0.0492769	0.0739719	0.0049425	0.00482358	
1.668e-08	554	-0.0246334	-0.00219475	0.999694	0.553755	0.57065	0.0578241	0.0809026	0.00488698	0.00491824	
1.674e-08	556	-0.0432287	-0.0688315	0.996691	0.561573	0.567897	0.105892	0.0520179	0.00452829	0.00403491	
1.68e-08	558	0.0420544	-0.0940912	0.994675	0.553357	0.564785	0.0691802	0.102211	0.00350012	0.00335263	
1.686e-08	560	-0.124573	-0.0963984	0.987517	0.555622	0.560707	0.115566	0.0499008	0.00433011	0.00332101	
1.692e-08	562	-0.0594333	-0.0929838	0.993892	0.562126	0.558713	0.0874083	0.102613	0.00627863	0.00557737	
1.698e-08	564	-0.0235794	-0.0313811	0.999229	0.5643	0.556868	0.108539	0.150941	0.00473278	0.0038263	
1.704e-08	566	0.00916423	0.0751703	0.997129	0.545584	0.547885	0.0705664	0.095961	0.00521573	0.0045389	
1.71e-08	568	-0.00894041	-0.0107003	0.999903	0.554731	0.550087	0.0707554	0.0915835	0.00486379	0.00427908	
1.716e-08	570	0.0899176	0.100078	0.990908	0.537776	0.545947	0.0923536	0.0687444	0.00688257	0.00547916	
1.722e-08	572	0.13511	0.0232871	0.990557	0.549454	0.546404	0.0861149	0.0516319	0.00602698	0.0055699	
1.728e-08	574	-0.0848244	-0.0409306	0.995555	0.536421	0.537568	0.117936	0.0843272	0.00761495	0.00751704	
1.734e-08	576	0.104119	0.105018	0.989005	0.527959	0.536809	0.070765	0.106456	0.00447794	0.0036506	
1.74e-08	578	-0.0116762	-0.17504	0.984492	0.536144	0.53208	0.104668	0.13802	0.00669295	0.00592916	
1.746e-08	580	0.0173762	0.0912315	0.995678	0.533825	0.529606	0.122263	0.0884251	0.00612538	0.00562033	
1.752e-08	582	0.00545575	0.0777542	0.996958	0.529958	0.523476	0.0835674	0.0927144	0.00546995	0.0043261	
1.758e-08	584	-0.00556685	0.0628481	0.998008	0.523377	0.520081	0.0933798	0.0695336	0.00550514	0.00532083	
1.764e-08	586	0.0443674	-0.0912436	0.99484	0.513899	0.518846	0.0663906	0.153394	0.00620389	0.00545379	
1.77e-08	588	0.108722	0.0232649	0.9938	0.5117	0.514888	0.0911583	0.0755074	0.00685402	0.00696747	
1.776e-08	590	-0.0120099	0.107598	0.994122	0.519844	0.509881	0.105319	0.174049	0.006265	0.0044862	
1.782e-08	592	0.104616	-0.00811155	0.99448	0.516324	0.508269	0.0876472	0.138125	0.00763414	0.0082207	
1.788e-08	594	0.0092328	-0.0454877	0.998922	0.506171	0.504904	0.0738382	0.0969874	0.00515963	0.00573663	
1.794e-08	596	0.0528018	-0.0382017	0.997874	0.490344	0.502386	0.102269	0.0814085	0.005952	0.00640188	
1.8e-08	598	-0.0714206	0.0542083	0.995972	0.497199	0.496207	0.0875284	0.08177	0.00754566	0.00673079	
1.806e-08	600	0.0848553	0.0370538	0.995704	0.492871	0.495063	0.0841289	0.103191	0.00605733	0.0064387	
1.812e-08	602	0.0272505	-0.232931	0.972111	0.493867	0.487998	0.0826793	0.109326	0.00728062	0.00647186	
1.818e-08	604	-0.023997	-0.0587242	0.997986	0.470232	0.484242	0.0820051	0.0971674	0.0100933	0.00989995	
1.824e-08	606	0.00293942	0.0343451	0.999406	0.499935	0.482611	0.0653796	0.0507488	0.00855861	0.00736027	
1.83e-08	608	-0.0216558	0.172467	0.984777	0.482073	0.4753	0.0946715	0.113078	0.0115057	0.00989166	
1.836e-08	610	-0.0842935	0.0795808	0.993258	0.479631	0.475024	0.0520144	0.0952572	0.0102249	0.00921803	
1.842e-08	612	-0.041428	0.0735898	0.996428	0.482139	0.468583	0.0562976	0.117875	0.00987531	0.00880623	
1.848e-08	614	0.0709504	0.171224	0.982674	0.457965	0.46869	0.06684	0.130347	0.00790521	0.00642684	
1.854e-08	616	0.0696465	0.187679	0.979758	0.462003	0.4587	0.101982	0.0896507	0.00730118	0.00725104	
1.86e-08	618	-0.0404948	0.0649471	0.997067	0.450418	0.456163	0.115024	0.0843397	0.0156817	0.0151057	
1.866e-08	620	-0.0305612	-0.0609258	0.997674	0.452053	0.452328	0.0804641	0.130315	0.00884904	0.00981984	
1.872e-08	622	0.0989451	-0.0203104	0.994886	0.476918	0.449228	0.100538	0.108147	0.0140806	0.0112064	
1.878e-08	624	-0.0428734	-0.254523	0.966116	0.421487	0.44349	0.0844741	0.0915516	0.0147484	0.0131445	
1.884e-08	626	-0.0273663	-0.0457618	0.998577	0.454542	0.441467	0.0918007	0.0926324	0.0105276	0.00836795	
1.89e-08	628	0.0639569	-0.0860333	0.994237	0.428992	0.434919	0.100972	0.0565833	0.0112993	0.0107221	
1.896e-08	630	0.0104418	0.0687633	0.997578	0.426447	0.429487	0.0849185	0.0813191	0.0120169	0.0103229	
1.902e-08	632	-0.0861683	-0.0308844	0.995802	0.402371	0.42311	0.116922	0.0775653	0.009134	0.00814476	
1.908e-08	634	-0.106002	0.0716165	0.991784	0.410358	0.417368	0.0803399	0.0907006	0.0139072	0.0153212	
1.914e-08	636	0.0439395	-0.0396763	0.998246	0.406743	0.410787	0.0792173	0.070156	0.0148835	0.00982597	
1.92e-08	638	-0.121019	-0.100401	0.98756	0.414954	0.410635	0.0957424	0.0866756	0.0143636	0.013284	
1.926e-08	640	-0.164442	-0.218104	0.961972	0.383119	0.404588	0.102234	0.129299	0.0164962	0.0133834	
1.932e-08	642	0.0552276	-6.71996e-05	0.998474	0.400406	0.400756	0.102309	0.0995527	0.0159811	0.0122474	
1.938e-08	644	-0.0615009	0.122952	0.990505	0.39021	0.391139	0.145423	0.118687	0.0175889	0.013804	
1.944e-08	646	0.088483	-0.0549664	0.99456	0.374072	0.38362	0.0602283	0.0736047	0.0140649	0.014898	
1.95e-08	648	0.0448338	0.030488	0.998529	0.37599	0.379234	0.132869	0.0753661	0.0149639	0.0100166	
1.956e-08	650	0.157733	0.0252224	0.98716	0.328947	0.371977	0.0964893	0.110745	0.0227817	0.0193677	
1.962e-08	652	-0.163676	-0.114745	0.979818	0.367941	0.368751	0.147272	0.0831569	0.0280831	0.0213562	
1.968e-08	654	-0.0433608	-0.00782512	0.999029	0.382634	0.364895	0.137492	0.12632	0.0176046	0.0144062	
1.974e-08	656	0.0437964	-0.117522	0.992104	0.378199	0.35481	0.0756343	0.11296	0.0192115	0.0197601	
1.98e-08	658	0.169187	-0.0140446	0.985484	0.329332	0.349567	0.138343	0.125051	0.0273079	0.0214722	
1.986e-08	660	0.0577647	0.0191039	0.998147	0.31931	0.34482	0.0920257	0.140404	0.0150743	0.0129659	
1.992e-08	662	-0.183381	0.154256	0.970864	0.348386	0.333059	0.0993718	0.121052	0.0253984	0.0217513	
1.998e-08	664	-0.0240264	0.0674427	0.997434	0.33139	0.328442	0.0823443	0.0646501	0.0126908	0.0111569	
2.004e-08	666	-0.173953	0.104568	0.979186	0.320626	0.319064	0.0965696	0.104393	0.0212143	0.0216372	
2.01e-08	668	-0.22852	0.0998204	0.968408	0.290588	0.31585	0.0916614	0.118028	0.0282845	0.0265963	
2.016e-08	670	0.0580263	-0.18263	0.981468	0.32811	0.312671	0.0643748	0.106564	0.0419334	0.0347502	
2.022e-08	672	0.152143	0.130334	0.979727	0.304407	0.29678	0.0938407	0.0932944	0.0210069	0.0180586	
2.028e-08	674	-0.00945326	0.145845	0.989262	0.191666	0.290301	0.142423	0.0466498	0.0582336	0.0534572	
2.034e-08	676	-0.254338	-0.0932179	0.962612	0.279428	0.281931	0.0878502	0.15408	0.0705923	0.0507576	
2.04e-08	678	0.174388	-0.153438	0.972649	0.297921	0.276767	0.140275	0.115379	0.0268548	0.0232427	
2.046e-08	680	-0.17289	-0.00267479	0.984938	0.229355	0.263492	0.126801	0.116721	0.0432632	0.0299201	
2.052e-08	682	-0.289513	-0.219057	0.931771	0.298704	0.25689	0.0991461	0.133219	0.0626071	0.0507053	
2.058e-08	684	-0.00452827	-0.309581	0.950862	0.234406	0.235417	0.0897816	0.0861175	0.0589801	0.0527515	
2.064e-08	686	-0.0778082	0.388832	0.918017	0.211513	0.23155	0.104562	0.110895	0.0588302	0.0511736	
2.07e-08	688	-0.00775455	-0.313518	0.949551	0.21949	0.218904	0.106633	0.140912	0.0760685	0.0638027	
2.076e-08	690	-0.154528	0.0992283	0.982993	0.238238	0.212709	0.0748871	0.0942287	0.0523709	0.0450917	
2.082e-08	692	-0.119777	-0.351629	0.928445	0.212484	0.187202	0.116803	0.120329	0.115004	0.0921292	
2.088e-08	694	0.123269	-0.0101402	0.992322	0.212557	0.205245	0.089631	0.132911	0.0377477	0.0295779	
2.094e-08	696	0.01343	-0.102811	0.99461	0.160613	0.12333	0.097368	0.0660545	0.682659	0.144295	
2.1e-08	698	0.763532	0.457972	-0.455281	0.146596	0.155844	0.104055	0.119378	0.135365	0.0959034	
2.106e-08	700	-0.317434	-0.279836	0.906051	0.102778	0.134936	0.118721	0.088277	0.249278	0.137594	
2.112e-08	702	-0.291695	0.269556	0.917744	0.16551	0.127054	0.0962088	0.103823	0.21259	0.0993325	
2.118e-08	704	-0.511497	0.261527	0.818519	0.190064	0.106007	0.0877439	0.0836229	0.184704	0.0951068	
2.124e-08	706	-0.370632	-0.0625189	-0.926673	0.159334	0.113708	0.0694349	0.0990769	0.572972	0.098406	
2.13e-08	708	-0.877231	-0.311096	0.365629	0.0279258	0.0859211	0.0908303	0.112706	0.25741	0.0806696	
2.136e-08	710	0.124801	0.147208	-0.981201	0.0991467	0.0964784	0.0893143	0.100597	0.374736	0.0762683	
2.142e-08	712	0.21619	0.259641	-0.941195	0.0427784	0.0807895	0.0854357	0.0928177	0.148927	0.0425541	
2.148e-08	714	-0.95278	0.210518	0.218841	0.0635648	0.0735166	0.0658404	0.0852301	0.176763	0.0437479	
2.154e-08	716	-0.694039	-0.320541	0.644642	0.0654389	0.0737928	0.107046	0.0791535	0.175691	0.070449	
2.16e-08	718	0.416258	-0.073296	-0.906287	0.0733424	0.0734309	0.0639032	0.112562	0.165057	0.0527188	
2.166e-08	720	-0.608797	0.655453	0.446932	0.0552411	0.0695794	0.0682861	0.0492797	0.172178	0.0362647	
2.172e-08	722	-0.667208	0.597566	0.444689	0.0126806	0.0629427	0.0557379	0.0516802	0.142541	0.0425771	
2.178e-08	724	-0.964346	0.123324	0.234154	0.0291716	0.0629427	0.0634449	0.0647478	0.114102	0.0362855	
2.184e-08	726	-0.672489	-0.204514	-0.711289	0.0958443	0.0564924	0.0357566	0.0505904	0.0989627	0.0213968	
2.19e-08	728	0.806896	-0.578568	0.119072	0.0530044	0.0542632	0.0493709	0.0342174	0.0842023	0.0158848	
2.196e-08	730	0.411791	-0.883077	-0.224952	0.0299158	0.0492555	0.0268332	0.048032	0.0723737	0.0212744	
2.202e-08	732	0.7994	0.309059	-0.515212	0.040339	0.0452714	0.0274428	0.0237636	0.0750964	0.0226044	
2.208e-08	734	-0.660917	0.356056	-0.660615	0.0786864	0.0418651	0.0374892	0.0229651	0.0413867	0.0145152	
2.214e-08	736	0.533328	0.250005	-0.80812	0.0822195	0.0430695	0.0464354	0.0357349	0.0311874	0.018049	
2.22e-08	738	-0.626018	0.634887	0.452793	0.072187	0.0457128	0.0374978	0.0314188	0.0528446	0.0198458	
2.226e-08	740	-0.841742	-0.308628	-0.442967	0.042562	0.037792	0.0231862	0.0318978	0.0387933	0.0191196	
2.232e-08	742	0.221485	0.381972	0.897241	0.068262	0.0448841	0.0295328	0.0324048	0.0629239	0.0202259	
2.238e-08	744	0.3685	-0.203394	0.907105	0.0792982	0.0407286	0.0228379	0.031436	0.0491496	0.0181234	
2.244e-08	746	-0.923317	-0.0840051	0.374737	0.0478954	0.0407908	0.0355859	0.0310954	0.0292117	0.0139208	
2.25e-08	748	-0.446698	0.477775	0.756434	0.0472557	0.0395732	0.0217605	0.0240261	0.0412231	0.010981	
2.256e-08	750	0.380888	0.88116	0.280145	0.031608	0.037424	0.0193593	0.0302788	0.0325653	0.0129829	
2.262e-08	752	0.0179369	0.925945	-0.377233	0.0392503	0.038345	0.0314993	0.0216952	0.0297258	0.0127267	
2.268e-08	754	0.637841	0.376727	-0.671741	0.0188258	0.0373975	0.0308449	0.0258732	0.0240344	0.0120011	
2.274e-08	756	0.411113	0.830454	-0.375942	0.0440595	0.0393667	0.0166409	0.0351916	0.0358529	0.00971077	
2.28e-08	758	0.432255	-0.750334	0.500154	0.0150357	0.0335235	0.0145034	0.0200557	0.0322413	0.0112835	
2.286e-08	760	-0.945887	0.232091	-0.226786	0.0354505	0.0329763	0.0201551	0.0188756	0.0226381	0.00802795	
2.292e-08	762	0.377972	-0.411073	0.829552	0.0536637	0.036336	0.0278363	0.0218121	0.0272271	0.0102311	
2.298e-08	764	0.661135	0.158556	-0.733322	0.0275263	0.0349879	0.0203915	0.0309149	0.0210958	0.0139328	
2.304e-08	766	0.243243	-0.220262	-0.944626	0.0253267	0.0336992	0.0205382	0.0179033	0.0242495	0.0064328	
2.31e-08	768	-0.0786188	0.499848	0.862537	0.0528968	0.0299855	0.00839411	0.0152691	0.0280972	0.00656848	
2.316e-08	770	0.680934	-0.726506	0.0922908	0.0314853	0.0290937	0.0171286	0.0125721	0.0182491	0.00878542	
2.322e-08	772	-0.256604	0.857407	0.446103	0.0345721	0.0340212	0.0147303	0.0253232	0.0253867	0.00836715	
2.328e-08	774	0.839355	-0.216734	-0.498507	0.0539003	0.0297467	0.0158702	0.0152309	0.0220075	0.00996152	
2.334e-08	776	0.000599915	0.905174	-0.42504	0.0380176	0.0275836	0.0138119	0.0197903	0.0114038	0.00805995	
2.34e-08	778	-0.627441	-0.772791	0.0954571	0.0140768	0.0312333	0.018353	0.0159731	0.019106	0.00762006	
2.346e-08	780	0.11877	0.427937	0.895971	0.0328034	0.0322139	0.0166117	0.0172843	0.0246079	0.00712722	
2.352e-08	782	0.331511	-0.0257737	0.943099	0.0420103	0.0273356	0.017521	0.0149814	0.0125943	0.00890768	
2.358e-08	784	-0.850908	0.434215	-0.295656	0.0159752	0.0315143	0.0231873	0.0155183	0.0182049	0.00956536	
2.364e-08	786	-0.462415	-0.579632	-0.670968	0.0234993	0.0274811	0.00971526	0.014986	0.0168236	0.00793932	
2.37e-08	788	0.504993	0.485386	-0.71371	0.0255165	0.0265172	0.0117994	0.0136204	0.0149324	0.00856517	
2.376e-08	790	-0.745478	0.662803	-0.0703875	0.0273098	0.0269653	0.0175064	0.0124369	0.01272	0.00709522	
2.382e-08	792	-0.192127	0.767338	0.611784	0.0141168	0.0268532	0.0108531	0.0140307	0.0115868	0.00299341	
2.388e-08	794	0.32368	0.567667	0.756958	0.0158672	0.0302495	0.0134892	0.0134699	0.0211493	0.0048249	
2.394e-08	796	0.562749	-0.133722	-0.81574	0.0368416	0.0296419	0.0148103	0.0155384	0.0180103	0.00574839	
2.4e-08	798	-0.186869	0.689427	0.699836	0.0294113	0.0259487	0.00950625	0.015094	0.0100891	0.00461242	
2.406e-08	800	0.969298	-0.0261621	-0.244494	0.0318233	0.025553	0.0127235	0.0121756	0.0100929	0.00529469	
2.412e-08	802	-0.423946	0.264968	0.866061	0.0253981	0.0241192	0.0123137	0.0132691	0.00804983	0.00547803	
2.418e-08	804	-0.714971	-0.285401	0.63825	0.0277045	0.0240602	0.00820611	0.00975419	0.0146889	0.00479776	
2.424e-08	806	0.0965939	0.835882	0.540343	0.0157021	0.0265572	0.00720902	0.0158338	0.0150389	0.00553177	
2.43e-08	808	-0.854516	-0.390989	-0.341951	0.0413762	0.025176	0.0115503	0.0115959	0.0118787	0.00607091	
2.436e-08	810	-0.337423	-0.164668	-0.926839	0.0420663	0.0251881	0.00955775	0.0141989	0.0098417	0.00372608	
2.442e-08	812	-0.492299	-0.658128	-0.569657	0.0311343	0.0220884	0.00775602	0.0127803	0.00779254	0.00530819	
2.448e-08	814	0.170839	0.815449	0.553044	0.0283202	0.0249134	0.0119664	0.00907191	0.0117971	0.00423221	
2.454e-08	816	0.0738101	-0.211184	0.974656	0.0349067	0.0240473	0.0128462	0.00625267	0.0120091	0.00535025	
2.46e-08	818	-0.767859	-0.639856	0.0312448	0.0198165	0.0227214	0.00916934	0.0099268	0.00770438	0.00418044	
2.466e-08	820	-0.14299	0.580896	0.80132	0.0296539	0.0261425	0.00779124	0.0135023	0.0106234	0.00359017	
2.472e-08	822	0.121211	-0.587589	-0.800029	0.0259579	0.0249327	0.00716	0.00886388	0.0160648	0.00473438	
2.478e-08	824	-0.547111	-0.688866	0.475534	0.0247614	0.0243009	0.00898837	0.0122169	0.0111286	0.00482635	
2.484e-08	826	0.642546	-0.685088	-0.343202	0.00778414	0.0233295	0.00842856	0.0122101	0.00804958	0.00404588	
2.49e-08	828	-0.773097	0.047786	-0.632485	0.0254396	0.025133	0.00849994	0.0130435	0.0141766	0.00642967	
2.496e-08	830	0.0432009	-0.809521	-0.585499	0.010401	0.0211372	0.00870478	0.0062053	0.0080681	0.00305736	
2.502e-08	832	-0.491654	-0.169407	0.854153	0.0104861	0.0239446	0.00815852	0.0112865	0.00848731	0.00359738	
2.508e-08	834	-0.202132	-0.622467	0.756093	0.0235653	0.022725	0.00657249	0.00871646	0.0115035	0.00398744	
2.514e-08	836	-0.290957	0.798171	-0.52751	0.0259886	0.022579	0.00788864	0.0106151	0.0068765	0.00273796	
2.52e-08	838	-0.546536	-0.808257	-0.219134	0.0386726	0.0221298	0.0104588	0.00943914	0.00598275	0.00347184	
2.526e-08	840	-0.534576	0.108192	-0.838166	0.0262709	0.0216053	0.0111645	0.00626559	0.00869872	0.00462011	
2.532e-08	842	0.945608	0.269378	-0.182375	0.00668638	0.0224962	0.00764927	0.00929967	0.00948744	0.00366075	
2.538e-08	844	-0.0783283	-0.985301	0.151813	0.014672	0.0222684	0.00821979	0.00798675	0.0118342	0.00533832	
2.544e-08	846	-0.656054	-0.557684	0.508509	0.0105983	0.0210728	0.00853781	0.00673956	0.00679878	0.00241922	
2.55e-08	848	0.729901	0.0695381	-0.680006	0.0227776	0.0192361	0.0086537	0.00522005	0.00584884	0.00321258	
2.556e-08	850	0.389477	-0.887781	-0.245259	0.0254624	0.0262635	0.012619	0.0103128	0.0116004	0.0032179	
2.562e-08	852	0.722882	-0.62426	0.29621	0.034575	0.0241297	0.0138042	0.00691845	0.00877443	0.00308823	
2.568e-08	854	-0.34728	-0.603057	0.718136	0.0179335	0.0211313	0.00980651	0.00641766	0.00765321	0.00376996	
2.574e-08	856	0.682422	0.637566	0.357505	0.029613	0.0203977	0.00542044	0.0083049	0.00574475	0.00246922	
2.58e-08	858	-0.349441	-0.801783	-0.484803	0.00749034	0.0188061	0.00515477	0.00606768	0.00738801	0.00329866	
2.586e-08	860	-0.353203	0.398242	0.846552	0.0207961	0.0187714	0.00459202	0.00559995	0.00791247	0.00288718	
2.592e-08	862	-0.184807	-0.110497	0.976543	0.0255275	0.0201167	0.00460869	0.00795716	0.00804055	0.0027549	
2.598e-08	864	0.937711	0.238719	0.25241	0.0162444	0.0191896	0.00672489	0.00671083	0.00500592	0.00353361	
2.604e-08	866	-0.76133	0.647965	-0.0227599	0.0165384	0.0206243	0.00851725	0.00908829	0.00488214	0.003834	
2.61e-08	868	-0.290758	-0.318648	0.902177	0.0358776	0.0194932	0.00611746	0.00608402	0.00729689	0.00308224	
2.616e-08	870	0.252524	-0.854759	-0.453451	0.0302535	0.0194133	0.00408694	0.00773317	0.00704002	0.00284862	
2.622e-08	872	0.63387	-0.0453182	-0.772111	0.0366999	0.0226899	0.00634721	0.0106333	0.00941593	0.00426792	
2.628e-08	874	0.245031	0.832209	-0.497382	0.0213602	0.0178605	0.00575975	0.00377945	0.00638348	0.00295084	
2.634e-08	876	0.903835	0.406718	-0.132899	0.0236877	0.0205832	0.008276	0.0060182	0.00724239	0.00358898	
2.64e-08	878	-0.846019	-0.336838	0.41327	0.00902774	0.0183257	0.00595075	0.00480615	0.00563498	0.00165855	
2.646e-08	880	-0.594627	0.689811	-0.413012	0.0172869	0.0207801	0.00680781	0.00902492	0.00651407	0.00415423	
2.652e-08	882	-0.00032491	-0.0863657	-0.996263	0.0207182	0.0188095	0.0045714	0.00478031	0.00778998	0.00203458	
2.658e-08	884	0.05691	0.691157	0.720461	0.014682	0.0195682	0.00487169	0.00740643	0.00773032	0.00353892	
2.664e-08	886	0.0599709	-0.88058	-0.470088	0.0185908	0.0180944	0.00564679	0.00583613	0.00490635	0.00217886	
2.67e-08	888	-0.401691	-0.118783	-0.908039	0.028313	0.0202817	0.00650158	0.00496455	0.0082875	0.00361854	
2.676e-08	890	-0.198849	-0.97992	-0.0147265	0.01577	0.0181998	0.00369228	0.00635502	0.00663825	0.00243566	
2.682e-08	892	0.142701	0.864041	-0.482773	0.0123678	0.018588	0.00300994	0.00673772	0.00658971	0.00262236	
2.688e-08	894	0.689766	0.394497	-0.60712	0.0154717	0.0197047	0.00521603	0.0062746	0.00715678	0.0018711	
2.694e-08	896	-0.120123	-0.291672	0.948946	0.0185229	0.0161511	0.00276765	0.00339561	0.0062915	0.00159509	
2.7e-08	898	0.565195	0.402405	-0.720156	0.0315977	0.0193635	0.00571191	0.00337096	0.00685563	0.00255077	
2.706e-08	900	0.776154	0.620399	0.112652	0.0209029	0.018657	0.00629657	0.00756004	0.00333461	0.00257867	
