#----------------------------------------------------------------------------------------------------------------------------------------------------------
# Output file for vampire simulation
#   time       : 2024-08-29 05:00:16     process id : 4009716
#   hostname   : node120.viking2.yor.alces.network
#   path       : /users/ky883/parameter/WS_dia5/AI_Dataset/size_10.0_10.0_9.0/Temp_900/random_1
#----------------------------------------------------------------------------------------------------------------------------------------------------------
6e-11	0	0.00786877	0.003437	0.999963	0.999883	0.999851	0	0	0	0	
1.2e-10	2	-0.00187813	0.00244525	0.999995	0.99896	0.998986	0.0482461	0.0585019	3.70488e-06	3.66186e-06	
1.8e-10	4	-0.00228991	0.000630326	0.999997	0.997959	0.997953	0.0611025	0.0434819	7.25795e-06	6.93917e-06	
2.4e-10	6	0.00284373	-0.000830916	0.999996	0.996891	0.99693	0.0635739	0.0396132	1.03315e-05	1.0506e-05	
3e-10	8	-0.0030258	0.000526799	0.999995	0.995959	0.99592	0.0463305	0.0501278	1.67827e-05	1.4745e-05	
3.6e-10	10	-0.0015886	-0.00646855	0.999978	0.994992	0.994895	0.065228	0.0953041	2.60564e-05	1.99236e-05	
4.2e-10	12	-0.0110525	-0.00408341	0.999931	0.993827	0.993857	0.0475502	0.0743566	2.93212e-05	2.65993e-05	
4.8e-10	14	-0.00491579	-0.000652615	0.999988	0.992853	0.992816	0.0650923	0.0733468	3.19183e-05	2.98114e-05	
5.4e-10	16	0.00239629	0.00276666	0.999993	0.991915	0.991806	0.092065	0.0531609	4.00557e-05	3.86037e-05	
6e-10	18	-0.00167442	0.000140567	0.999999	0.990815	0.990783	0.0587149	0.0679291	2.44497e-05	2.57186e-05	
6.6e-10	20	0.00115401	0.000332245	0.999999	0.989707	0.989768	0.0375686	0.0617103	2.74489e-05	2.48756e-05	
7.2e-10	22	0.000403932	0.00226991	0.999997	0.988596	0.988739	0.0607945	0.0181441	3.36709e-05	3.30478e-05	
7.8e-10	24	-0.00152192	0.0064826	0.999978	0.987819	0.987696	0.0449743	0.0681285	5.78477e-05	5.79143e-05	
8.4e-10	26	-0.00281844	0.00348539	0.99999	0.986471	0.986635	0.0527443	0.117737	3.69139e-05	4.04216e-05	
9e-10	28	-0.000692515	0.00543885	0.999985	0.985724	0.985632	0.0554631	0.0497951	5.00138e-05	4.75932e-05	
9.6e-10	30	-0.00246475	-0.0033074	0.999991	0.984455	0.984532	0.0300113	0.0395161	4.05802e-05	4.13564e-05	
1.02e-09	32	0.00559595	-0.0041499	0.999976	0.983659	0.983554	0.0709612	0.0488845	9.05527e-05	8.6478e-05	
1.08e-09	34	-0.00110811	0.00258733	0.999996	0.98234	0.982439	0.0576847	0.0545917	4.9409e-05	5.19476e-05	
1.14e-09	36	-0.0105209	-0.0070643	0.99992	0.981252	0.981435	0.0808843	0.0584812	7.52279e-05	6.97392e-05	
1.2e-09	38	-0.00526175	-0.00388104	0.999979	0.980401	0.980241	0.0730841	0.0413102	7.22847e-05	7.05666e-05	
1.26e-09	40	0.00705995	0.0046946	0.999964	0.979219	0.979241	0.0651803	0.0303037	7.14316e-05	7.53375e-05	
1.32e-09	42	-0.00776995	-0.00384168	0.999962	0.978187	0.978331	0.0623718	0.055884	9.43809e-05	7.66971e-05	
1.38e-09	44	0.00514971	-0.000269383	0.999987	0.976635	0.977226	0.0758524	0.0920492	8.40653e-05	8.0516e-05	
1.44e-09	46	-0.00209202	-0.00507252	0.999985	0.97622	0.976094	0.0468291	0.081805	9.15079e-05	8.3303e-05	
1.5e-09	48	-0.0080265	0.00537142	0.999953	0.97517	0.97514	0.0490844	0.0479434	5.983e-05	6.21015e-05	
1.56e-09	50	-0.0129616	-0.00430974	0.999907	0.974271	0.97399	0.0792363	0.035865	0.000115579	0.00011142	
1.62e-09	52	-0.00762362	-0.00194153	0.999969	0.973505	0.972996	0.0674346	0.0535784	0.000102683	0.000106365	
1.68e-09	54	0.00474563	-0.00405592	0.999981	0.971911	0.971973	0.0521918	0.0567605	9.08755e-05	8.13696e-05	
1.74e-09	56	0.00408493	0.00721554	0.999966	0.970983	0.970833	0.0525426	0.0403654	9.15237e-05	8.97543e-05	
1.8e-09	58	0.010918	-0.0104993	0.999885	0.969757	0.969872	0.0346475	0.0795719	0.000116243	0.000106253	
1.86e-09	60	-0.0163451	0.00994039	0.999817	0.96901	0.968747	0.0679273	0.0562686	0.000122625	0.000137444	
1.92e-09	62	-0.0105506	-0.00551688	0.999929	0.968264	0.967636	0.029894	0.0586504	0.000107303	0.000111377	
1.98e-09	64	-0.00788948	0.00313678	0.999964	0.966538	0.966522	0.062447	0.0809637	0.000101784	9.44759e-05	
2.04e-09	66	-0.00993024	0.00699694	0.999926	0.965785	0.96552	0.0698012	0.0368504	0.000123038	0.000128748	
2.1e-09	68	0.00334935	0.00148281	0.999993	0.964164	0.9643	0.0445939	0.0375781	0.000163609	0.000158243	
2.16e-09	70	0.0169208	0.0121035	0.999784	0.964345	0.96342	0.0404627	0.0722676	0.000118877	0.000132778	
2.22e-09	72	0.00410827	-0.00506289	0.999979	0.962303	0.96219	0.0614401	0.0628636	0.000169743	0.000162764	
2.28e-09	74	0.0112002	-0.000812972	0.999937	0.961443	0.961156	0.0380328	0.0579007	0.000131051	0.000132096	
2.34e-09	76	0.019784	-0.0204905	0.999594	0.959247	0.959843	0.0485822	0.0775499	0.000154646	0.000133844	
2.4e-09	78	0.00569707	-0.0156312	0.999862	0.958875	0.958918	0.0566561	0.0251435	0.000230499	0.000240157	
2.46e-09	80	0.00987219	0.0013485	0.99995	0.958099	0.957993	0.0530959	0.0405338	0.000147596	0.00014264	
2.52e-09	82	-0.0229928	-0.0267328	0.999378	0.956334	0.956979	0.0413486	0.073384	0.000141806	0.000116696	
2.58e-09	84	-0.00680796	0.00508301	0.999964	0.955482	0.955888	0.0438155	0.0668249	0.00018791	0.000162756	
2.64e-09	86	0.00733087	0.00271569	0.999969	0.954364	0.954772	0.0392812	0.04333	0.000128285	0.000135648	
2.7e-09	88	-0.0147184	0.0185851	0.999719	0.953182	0.953602	0.0635692	0.0511561	0.000298174	0.000249036	
2.76e-09	90	-0.0121921	0.00509119	0.999913	0.951264	0.952378	0.0503811	0.0740171	0.000288836	0.000271036	
2.82e-09	92	-0.0178603	-0.00253156	0.999837	0.951212	0.951336	0.0589426	0.0619971	0.000244573	0.000236302	
2.88e-09	94	-0.000538497	0.00673945	0.999977	0.950149	0.950385	0.0417443	0.044184	0.000150242	0.000148517	
2.94e-09	96	0.000980509	0.00498659	0.999987	0.949307	0.949212	0.0494254	0.02734	0.000222479	0.0002128	
3e-09	98	-0.00735225	0.00508355	0.99996	0.948096	0.948038	0.063265	0.0321021	0.000211585	0.000193002	
3.06e-09	100	0.00648754	0.000688376	0.999979	0.946327	0.946936	0.0545681	0.0540464	0.000204381	0.000192212	
3.12e-09	102	-0.0044966	-0.000383522	0.99999	0.946213	0.945838	0.0398836	0.0625424	0.000239584	0.000244027	
3.18e-09	104	-0.00314059	-0.0135956	0.999903	0.944923	0.944665	0.0405202	0.0600567	0.00025426	0.000263696	
3.24e-09	106	0.00465262	0.00309758	0.999984	0.943313	0.943647	0.0358636	0.069357	0.000190141	0.000188722	
3.3e-09	108	0.0204846	-0.0117764	0.999721	0.940409	0.942355	0.0732222	0.0506667	0.000473086	0.000474689	
3.36e-09	110	-0.00389827	0.00383282	0.999985	0.94145	0.941053	0.0376811	0.109016	0.000234198	0.000235241	
3.42e-09	112	0.0187506	-0.0101187	0.999773	0.940273	0.940293	0.0657565	0.0740527	0.000234148	0.000256859	
3.48e-09	114	-0.0214544	-0.0145924	0.999663	0.939202	0.939029	0.0831867	0.03472	0.00030591	0.000283812	
3.54e-09	116	0.022873	-0.00956589	0.999693	0.938136	0.938016	0.0785472	0.0748353	0.00012484	0.00013371	
3.6e-09	118	0.0320214	-0.00530047	0.999473	0.937423	0.937055	0.0655528	0.0429258	0.000294468	0.000291219	
3.66e-09	120	-0.0331223	-0.0119565	0.99938	0.934708	0.935666	0.057513	0.0329278	0.000221894	0.000211086	
3.72e-09	122	-0.015074	0.0176531	0.999731	0.933119	0.934492	0.0532491	0.0445264	0.000297898	0.000304196	
3.78e-09	124	0.00759555	0.000312309	0.999971	0.934715	0.933448	0.0360311	0.0520514	0.000307796	0.000340155	
3.84e-09	126	-0.00588319	-0.00532559	0.999969	0.931632	0.932372	0.0738866	0.052678	0.000273613	0.000256009	
3.9e-09	128	0.0129715	0.0013474	0.999915	0.931335	0.9314	0.0576635	0.0764156	0.000242235	0.000214654	
3.96e-09	130	0.0137325	-0.00242444	0.999903	0.930686	0.930391	0.0636893	0.0275385	0.000551601	0.00055616	
4.02e-09	132	0.0213355	-0.00824471	0.999738	0.92931	0.929002	0.0532306	0.0564157	0.00022091	0.000213817	
4.08e-09	134	0.0155482	-0.0271877	0.999509	0.927367	0.92791	0.0264926	0.060852	0.000167989	0.000155371	
4.14e-09	136	-0.0124062	-0.00675869	0.9999	0.924954	0.926516	0.0944413	0.0753904	0.000248873	0.000257201	
4.2e-09	138	-0.025762	0.0121547	0.999594	0.926021	0.925153	0.0796685	0.0688226	0.000376702	0.000366929	
4.26e-09	140	0.00465698	-0.0238551	0.999705	0.923881	0.924541	0.0582946	0.0564546	0.000462139	0.000414338	
4.32e-09	142	0.0045599	-0.0116181	0.999922	0.922454	0.922994	0.0570398	0.0569746	0.000376395	0.000344433	
4.38e-09	144	0.0226759	-0.0175447	0.999589	0.921541	0.922046	0.0621542	0.04805	0.000339267	0.000314496	
4.44e-09	146	-0.00201386	0.000772003	0.999998	0.919964	0.920926	0.0431911	0.0357402	0.000261468	0.000305987	
4.5e-09	148	0.0128923	0.00951734	0.999872	0.919658	0.919991	0.0440429	0.071346	0.00034307	0.000310756	
4.56e-09	150	-0.00774338	-0.00859524	0.999933	0.918912	0.918286	0.072006	0.0531789	0.000333722	0.000297582	
4.62e-09	152	-0.0217795	-0.0168942	0.99962	0.918761	0.917041	0.0962955	0.049507	0.000436251	0.00040776	
4.68e-09	154	-0.00726637	-0.0139443	0.999876	0.917562	0.916199	0.0562055	0.0611686	0.00039623	0.000358039	
4.74e-09	156	-0.0216758	-0.00377042	0.999758	0.915937	0.915263	0.0578246	0.039562	0.00044944	0.000433036	
4.8e-09	158	-0.00106725	-0.0135371	0.999908	0.91468	0.914095	0.0608425	0.057431	0.000321325	0.000328629	
4.86e-09	160	-0.00421039	-0.0205436	0.99978	0.912103	0.912812	0.0800962	0.0367531	0.000427419	0.000353417	
4.92e-09	162	0.018417	-0.0287363	0.999417	0.911901	0.911561	0.0360798	0.0640928	0.000689266	0.000668152	
4.98e-09	164	0.0140196	-0.0179747	0.99974	0.909538	0.910434	0.053591	0.0232211	0.000428728	0.000384803	
5.04e-09	166	-0.00435049	0.0162411	0.999859	0.908166	0.909175	0.0684874	0.0867965	0.000403843	0.00031793	
5.1e-09	168	-0.00558369	0.00251861	0.999981	0.908218	0.907462	0.0894403	0.078437	0.000358969	0.000342993	
5.16e-09	170	0.0113342	-0.0109416	0.999876	0.907241	0.906798	0.0975189	0.0458153	0.000228268	0.000266702	
5.22e-09	172	0.019007	0.00902273	0.999779	0.906727	0.905639	0.05411	0.037354	0.000293378	0.000262742	
5.28e-09	174	-0.0207098	-0.00489902	0.999774	0.904747	0.904069	0.0489907	0.0602196	0.000452722	0.000515668	
5.34e-09	176	0.0236384	0.00701823	0.999696	0.902073	0.903028	0.0597857	0.0691548	0.000324712	0.000322773	
5.4e-09	178	-0.0189475	0.00958256	0.999775	0.901891	0.901713	0.0491048	0.0527612	0.000421095	0.0004203	
5.46e-09	180	0.00537074	-0.0144927	0.999881	0.900971	0.900457	0.0303013	0.0571913	0.000542872	0.000498092	
5.52e-09	182	0.0175678	-0.00835195	0.999811	0.898977	0.899824	0.0782414	0.0778158	0.00049977	0.000456394	
5.58e-09	184	0.00281716	0.00552398	0.999981	0.898192	0.898752	0.0529121	0.0411084	0.000310516	0.000302722	
5.64e-09	186	0.000261127	-0.00273821	0.999996	0.898176	0.897358	0.0582169	0.0680007	0.000407827	0.000373529	
5.7e-09	188	-0.00396717	0.0116134	0.999925	0.894894	0.896072	0.054289	0.0604373	0.000319624	0.00032611	
5.76e-09	190	0.00293447	-0.00454848	0.999985	0.893997	0.895194	0.0630951	0.0479353	0.000589708	0.000588963	
5.82e-09	192	0.0108689	0.0233867	0.999667	0.894188	0.893369	0.0414539	0.0596791	0.000366171	0.000358835	
5.88e-09	194	0.023049	0.0017031	0.999733	0.891256	0.892435	0.0599259	0.037134	0.000484802	0.000487431	
5.94e-09	196	-0.0132016	0.02622	0.999569	0.894427	0.891799	0.073795	0.0580248	0.000530794	0.000465771	
6e-09	198	-0.0165843	-0.015276	0.999746	0.890284	0.890276	0.0914484	0.0879008	0.000516331	0.000339124	
6.06e-09	200	0.00879111	-0.00332517	0.999956	0.888781	0.888719	0.0492282	0.0646382	0.000351461	0.00034651	
6.12e-09	202	0.0226447	0.0126949	0.999663	0.887201	0.887262	0.0426793	0.0573818	0.000576266	0.000552834	
6.18e-09	204	0.00700846	0.0131248	0.999889	0.885394	0.886425	0.0657588	0.0591704	0.000554399	0.000526244	
6.24e-09	206	0.0153004	0.00388473	0.999875	0.887783	0.885201	0.0387788	0.0603716	0.000644024	0.000623127	
6.3e-09	208	-0.0107499	0.00912074	0.999901	0.883707	0.883706	0.0451822	0.0758578	0.000388094	0.000399441	
6.36e-09	210	0.00851769	-0.0141057	0.999864	0.882173	0.882384	0.0464668	0.0638812	0.000653697	0.000621305	
6.42e-09	212	0.021497	0.00201207	0.999767	0.8801	0.8809	0.0642665	0.0588997	0.000588306	0.000539699	
6.48e-09	214	0.0229492	0.00455341	0.999726	0.881525	0.879331	0.0827095	0.0318015	0.000566491	0.00052824	
6.54e-09	216	-0.00755442	0.0121411	0.999898	0.878597	0.878802	0.0589413	0.0444487	0.000394324	0.00043568	
6.6e-09	218	-0.0205386	0.0158187	0.999664	0.876287	0.877321	0.0436353	0.0690245	0.000682806	0.000666862	
6.66e-09	220	0.0030214	-0.0450063	0.998982	0.873453	0.876036	0.0527252	0.0502671	0.000586079	0.000509752	
6.72e-09	222	0.00964385	-0.0147617	0.999845	0.877427	0.874323	0.0450932	0.0884758	0.000647024	0.00056285	
6.78e-09	224	-0.00762534	0.0156989	0.999848	0.871675	0.873301	0.116723	0.0458613	0.000744179	0.000631557	
6.84e-09	226	-0.00800834	-0.0062531	0.999948	0.873041	0.872439	0.0855587	0.0535349	0.000441529	0.00050038	
6.9e-09	228	0.00909702	-0.012372	0.999882	0.868667	0.870207	0.0573869	0.0462656	0.000621456	0.000622127	
6.96e-09	230	0.0017322	-0.0196304	0.999806	0.868422	0.869737	0.0591358	0.065851	0.000657983	0.000660999	
7.02e-09	232	-0.00795101	-0.00436185	0.999959	0.86672	0.86853	0.0564888	0.0483024	0.000397673	0.000391298	
7.08e-09	234	-0.0224265	-0.00490977	0.999736	0.862876	0.866895	0.0532032	0.0688942	0.000856408	0.000876528	
7.14e-09	236	-0.0142657	0.00285052	0.999894	0.863905	0.866035	0.0798374	0.0296352	0.000626742	0.000611159	
7.2e-09	238	0.025311	-0.0276519	0.999297	0.865026	0.864259	0.0373201	0.0948219	0.000371486	0.000366759	
7.26e-09	240	0.0417555	0.0146212	0.999021	0.86385	0.862904	0.0760107	0.0597078	0.000634513	0.000678199	
7.32e-09	242	-0.00454379	0.00113213	0.999989	0.865034	0.861566	0.103534	0.0514543	0.000430846	0.000532646	
7.38e-09	244	-0.0511547	0.025771	0.998358	0.859894	0.86026	0.0975989	0.0617445	0.000767473	0.000659812	
7.44e-09	246	0.00492641	0.012891	0.999905	0.858364	0.85954	0.0625698	0.0580325	0.00072216	0.000747535	
7.5e-09	248	-0.0210843	-0.042969	0.998854	0.858518	0.857996	0.0483284	0.0929798	0.000484892	0.000390527	
7.56e-09	250	0.0119978	-0.00627036	0.999908	0.857477	0.857008	0.0446866	0.0354786	0.000843832	0.000860783	
7.62e-09	252	0.0265949	-0.0196606	0.999453	0.853868	0.855417	0.0778665	0.0521392	0.00103517	0.000902651	
7.68e-09	254	-0.0270724	0.00173204	0.999632	0.853568	0.853922	0.0904548	0.0405457	0.000837239	0.000834784	
7.74e-09	256	-0.00152794	-0.0115853	0.999932	0.85248	0.853476	0.033423	0.0614589	0.000430612	0.000373412	
7.8e-09	258	0.025451	0.0152482	0.99956	0.853775	0.851621	0.0761753	0.0613634	0.000357889	0.000311504	
7.86e-09	260	-0.0104172	-0.00680208	0.999923	0.852499	0.850985	0.0268701	0.0456634	0.000713979	0.000706593	
7.92e-09	262	-0.0151333	-0.0218854	0.999646	0.850122	0.848525	0.0729137	0.0361344	0.000870644	0.000799329	
7.98e-09	264	0.0372023	0.00529443	0.999294	0.848356	0.847885	0.0563986	0.0671019	0.000430936	0.000443412	
8.04e-09	266	-0.0335636	-0.00659027	0.999415	0.843936	0.846566	0.0605193	0.0559539	0.000490942	0.000449524	
8.1e-09	268	-0.006048	0.02427	0.999687	0.847004	0.845725	0.086194	0.125917	0.000806971	0.000748626	
8.16e-09	270	0.00808909	-0.0272763	0.999595	0.841311	0.843906	0.0545463	0.0471953	0.000659659	0.000644592	
8.22e-09	272	0.0195853	-0.00739654	0.999781	0.842063	0.841786	0.0342385	0.0674833	0.000643698	0.00064086	
8.28e-09	274	0.0276753	0.0126647	0.999537	0.840912	0.840805	0.0602514	0.127317	0.000503424	0.00040004	
8.34e-09	276	0.00251178	-0.0125609	0.999918	0.841992	0.839155	0.0212035	0.0598962	0.000853199	0.000833548	
8.4e-09	278	-0.0232187	-0.0163495	0.999597	0.83975	0.837926	0.0771639	0.0658972	0.000983826	0.000833272	
8.46e-09	280	0.0028027	-0.0430665	0.999068	0.838632	0.837119	0.0511398	0.0732386	0.000869332	0.000844536	
8.52e-09	282	0.0409885	0.0170877	0.999013	0.833852	0.834844	0.0675219	0.0767722	0.000864061	0.000815587	
8.58e-09	284	-0.0240552	0.0277961	0.999324	0.835081	0.833631	0.0431084	0.0717216	0.00125163	0.00126422	
8.64e-09	286	0.00180856	-0.024773	0.999691	0.834168	0.832594	0.111682	0.0605795	0.000911443	0.000821162	
8.7e-09	288	-0.0142013	0.00191838	0.999897	0.831651	0.831378	0.0684869	0.0557204	0.00125137	0.00124095	
8.76e-09	290	0.0124005	-0.00510503	0.99991	0.826431	0.829777	0.0465678	0.073369	0.00116588	0.0011035	
8.82e-09	292	0.00443475	-0.035858	0.999347	0.825147	0.829251	0.0800646	0.0614238	0.000683279	0.000699286	
8.88e-09	294	-0.0272613	0.000577578	0.999628	0.826123	0.826784	0.0476358	0.0616963	0.000751616	0.000696286	
8.94e-09	296	0.0171395	0.0163535	0.999719	0.824023	0.825616	0.0614071	0.0504314	0.00116248	0.00123989	
9e-09	298	0.0257619	-0.00864552	0.999631	0.824107	0.824008	0.0783181	0.0536655	0.00104729	0.00100251	
9.06e-09	300	-0.0237568	0.00676575	0.999695	0.821888	0.822603	0.0390928	0.0575578	0.000929598	0.000860942	
9.12e-09	302	-0.0565394	-0.0267696	0.998041	0.824782	0.821425	0.103307	0.0486272	0.00104413	0.00107911	
9.18e-09	304	-0.00769946	0.00317414	0.999965	0.822664	0.819954	0.0759258	0.0778538	0.000988772	0.000920011	
9.24e-09	306	-0.0510385	-0.00492642	0.998685	0.816105	0.817931	0.0614218	0.0536418	0.000648832	0.000570863	
9.3e-09	308	-0.029324	0.018253	0.999403	0.816644	0.817029	0.0559664	0.0943513	0.000913783	0.000882251	
9.36e-09	310	-0.00639789	0.0250908	0.999665	0.820947	0.815375	0.0673097	0.0784454	0.00107337	0.00103431	
9.42e-09	312	0.044482	0.0520287	0.997654	0.813716	0.814278	0.0380722	0.0632477	0.000823204	0.000851698	
9.48e-09	314	0.0079771	0.0136824	0.999875	0.816445	0.812627	0.0604811	0.0569641	0.00111211	0.00116097	
9.54e-09	316	-0.000669884	-0.0205863	0.999788	0.810035	0.810428	0.0742352	0.0651901	0.0014314	0.00136554	
9.6e-09	318	-0.0565953	0.0606009	0.996556	0.812879	0.810538	0.0626288	0.120015	0.0011529	0.00109657	
9.66e-09	320	0.0212209	-0.0358067	0.999133	0.806871	0.807704	0.0539005	0.0571284	0.00114026	0.00110531	
9.72e-09	322	0.0406371	-0.0264534	0.998824	0.807922	0.807163	0.0923	0.077726	0.000322218	0.00032784	
9.78e-09	324	0.033472	0.0491401	0.998231	0.808181	0.805446	0.0381338	0.0804994	0.000997809	0.000854681	
9.84e-09	326	-0.0161715	0.0431977	0.998936	0.804877	0.803604	0.0709405	0.0646024	0.00138883	0.0014906	
9.9e-09	328	0.000241734	-0.0125391	0.999921	0.800294	0.801826	0.0566019	0.0807661	0.0013761	0.00134076	
9.96e-09	330	0.037969	0.0489568	0.998079	0.80015	0.801336	0.0587697	0.0796235	0.000697523	0.00067842	
1.002e-08	332	0.00655535	0.0104293	0.999924	0.800239	0.79909	0.106657	0.0821689	0.00153293	0.0011288	
1.008e-08	334	-0.0153377	-0.017661	0.999726	0.798358	0.79928	0.0673822	0.0405559	0.000812225	0.000855391	
1.014e-08	336	-0.00517962	0.0690768	0.997598	0.796621	0.796024	0.0429791	0.131856	0.000972292	0.000979665	
1.02e-08	338	-0.0105391	0.0145566	0.999839	0.790554	0.794427	0.060514	0.0629204	0.00118786	0.00124677	
1.026e-08	340	-0.0635019	-0.032496	0.997453	0.793801	0.794118	0.0949612	0.0465972	0.00115022	0.00120274	
1.032e-08	342	-0.0123953	0.00370095	0.999916	0.788126	0.792435	0.0481169	0.0356777	0.000756731	0.000768852	
1.038e-08	344	0.00793619	0.0135984	0.999876	0.78888	0.790287	0.0608413	0.048543	0.000850444	0.000839284	
1.044e-08	346	0.0482117	0.0278049	0.99845	0.787684	0.788373	0.0622547	0.0501995	0.00119468	0.0011669	
1.05e-08	348	0.031126	-0.00453663	0.999505	0.787275	0.786545	0.0666536	0.0417643	0.000710891	0.00069179	
1.056e-08	350	0.00258852	-0.00457584	0.999986	0.785495	0.785557	0.0694965	0.0522849	0.00120806	0.00120937	
1.062e-08	352	-0.0147472	-0.0469734	0.998787	0.781561	0.783697	0.0788527	0.053805	0.00173045	0.00156144	
1.068e-08	354	0.0514671	-0.0379934	0.997952	0.784725	0.783128	0.0442538	0.0345406	0.00106554	0.00102832	
1.074e-08	356	0.0159643	0.00898743	0.999832	0.785029	0.780885	0.0630073	0.0744722	0.00121727	0.00111403	
1.08e-08	358	-0.0069609	-0.0472891	0.998857	0.782235	0.779962	0.054444	0.0634495	0.000961193	0.000949361	
1.086e-08	360	-0.00958531	0.0156942	0.999831	0.776846	0.777798	0.0592734	0.0531594	0.00132158	0.00129798	
1.092e-08	362	-0.0180973	-0.0227137	0.999578	0.777571	0.777405	0.0731951	0.065008	0.000785768	0.000794198	
1.098e-08	364	-0.00662698	-0.0161745	0.999847	0.768412	0.77433	0.0522823	0.051763	0.00110952	0.00102343	
1.104e-08	366	-0.025612	-0.0310164	0.999191	0.778726	0.77338	0.0645909	0.0638876	0.00119204	0.00114812	
1.11e-08	368	-0.0478681	0.0471458	0.99774	0.768395	0.771538	0.0583073	0.0494914	0.00129645	0.00114426	
1.116e-08	370	-0.0435284	-0.00451968	0.999042	0.774783	0.770205	0.089262	0.0658295	0.00137286	0.00129246	
1.122e-08	372	-0.00902227	-0.00347479	0.999953	0.765379	0.767325	0.0729541	0.0497761	0.00139357	0.00136938	
1.128e-08	374	0.0198833	0.0568765	0.998183	0.766406	0.766268	0.0595817	0.0685185	0.00162131	0.00153098	
1.134e-08	376	-0.0278162	-0.0259335	0.999277	0.774887	0.765524	0.0819789	0.0601095	0.00228445	0.0021467	
1.14e-08	378	0.0119766	0.0230607	0.999662	0.766148	0.764025	0.0803745	0.0420711	0.00174854	0.00169656	
1.146e-08	380	-0.0207584	0.028474	0.999379	0.764998	0.76227	0.086067	0.049848	0.00152478	0.00150311	
1.152e-08	382	0.0216406	-0.0736575	0.997049	0.765825	0.760404	0.0382628	0.0779147	0.00161123	0.00160023	
1.158e-08	384	0.005079	-0.0012021	0.999986	0.759485	0.75933	0.0567531	0.0756572	0.00160445	0.00135725	
1.164e-08	386	-0.0305898	0.00475992	0.999521	0.752849	0.757045	0.0529686	0.0757173	0.00131671	0.00120046	
1.17e-08	388	-0.0290337	0.0650191	0.997462	0.755849	0.754902	0.0534912	0.0614658	0.00205047	0.00200617	
1.176e-08	390	0.0512803	0.048035	0.997528	0.750697	0.753854	0.128081	0.066503	0.00148601	0.000981378	
1.182e-08	392	0.00688952	0.00809724	0.999943	0.755193	0.751889	0.0931542	0.0902072	0.00180187	0.00157388	
1.188e-08	394	0.00933582	-0.00859594	0.999919	0.740904	0.750754	0.0592738	0.0567624	0.00170247	0.00188039	
1.194e-08	396	-0.0026335	-0.020707	0.999782	0.749134	0.748662	0.0880446	0.0643609	0.00171799	0.00195995	
1.2e-08	398	0.0432561	-0.0237599	0.998781	0.74292	0.746931	0.0760734	0.0418857	0.00174616	0.00166242	
1.206e-08	400	0.0131703	0.0296178	0.999475	0.746509	0.744329	0.0602904	0.0972307	0.00229222	0.00191971	
1.212e-08	402	0.0109575	-0.0103051	0.999887	0.745159	0.744372	0.0495181	0.066431	0.00168151	0.0015604	
1.218e-08	404	0.0270823	0.067542	0.997349	0.73354	0.740866	0.0515569	0.101034	0.00158378	0.00128099	
1.224e-08	406	-0.0148174	0.0018231	0.999889	0.732489	0.740658	0.0773279	0.0894674	0.00112493	0.00124463	
1.23e-08	408	0.000584662	-0.0274352	0.999623	0.737845	0.737678	0.0868904	0.0618296	0.000990174	0.00113101	
1.236e-08	410	-0.0454674	0.00825363	0.998932	0.737907	0.737139	0.128735	0.0619609	0.00157158	0.00152681	
1.242e-08	412	0.0336888	-0.0228743	0.999171	0.729529	0.735073	0.0561348	0.0715937	0.00288466	0.00278745	
1.248e-08	414	-0.0405669	-0.0277935	0.99879	0.729577	0.733105	0.0916401	0.0853986	0.00104176	0.000881102	
1.254e-08	416	0.0182621	-0.00872	0.999795	0.731717	0.73263	0.0437149	0.0553659	0.00193955	0.00188332	
1.26e-08	418	-0.0422556	-0.00152092	0.999106	0.731731	0.729125	0.0989773	0.0693616	0.00183865	0.00195227	
1.266e-08	420	-0.00135491	-0.0276263	0.999617	0.728937	0.728009	0.0834413	0.0885956	0.00130088	0.00134834	
1.272e-08	422	-0.00610344	-0.0787657	0.996874	0.725628	0.726021	0.0587055	0.0819299	0.00216301	0.00184291	
1.278e-08	424	-0.0245456	-0.0232081	0.999429	0.725954	0.72439	0.0707694	0.0652629	0.00115132	0.00118264	
1.284e-08	426	0.0279948	-0.0142008	0.999507	0.721748	0.723187	0.064946	0.0694842	0.00134917	0.00134886	
1.29e-08	428	-0.0197215	-0.0274585	0.999428	0.716091	0.720464	0.0593245	0.0560405	0.00221575	0.00223274	
1.296e-08	430	0.0194887	0.0011955	0.999809	0.717985	0.718588	0.0595871	0.0697275	0.00170156	0.00159928	
1.302e-08	432	-0.0318453	-0.0421094	0.998605	0.720567	0.717713	0.0678059	0.106672	0.00169495	0.00166716	
1.308e-08	434	-0.0349857	0.0317785	0.998882	0.712152	0.713434	0.0757104	0.0668337	0.00157157	0.00159238	
1.314e-08	436	-0.0318212	-0.0446624	0.998495	0.709564	0.712896	0.0604388	0.0435772	0.00162824	0.00152756	
1.32e-08	438	0.0055204	-0.0834094	0.9965	0.709659	0.711349	0.0885294	0.0599776	0.00188968	0.0019947	
1.326e-08	440	0.0302163	-0.0385483	0.9988	0.70747	0.709731	0.0586815	0.0643246	0.00142031	0.00136106	
1.332e-08	442	0.0274458	-0.0191384	0.99944	0.707046	0.706907	0.0614084	0.0951943	0.00264976	0.00213451	
1.338e-08	444	0.00645203	-0.00689571	0.999955	0.69636	0.705466	0.0524136	0.0747476	0.00349103	0.00338536	
1.344e-08	446	0.0183857	0.0104031	0.999777	0.692375	0.703916	0.07383	0.162036	0.00139906	0.00139944	
1.35e-08	448	0.0407437	-0.0161816	0.999039	0.701891	0.701753	0.0733621	0.105204	0.00224366	0.00222798	
1.356e-08	450	0.00858492	0.025345	0.999642	0.70468	0.700619	0.062057	0.0953173	0.00180596	0.00166403	
1.362e-08	452	0.041802	-0.0706168	0.996627	0.695294	0.697358	0.109738	0.0585984	0.00176999	0.00175571	
1.368e-08	454	-0.0131524	0.0261432	0.999572	0.691971	0.695247	0.0748556	0.0633622	0.00230342	0.00205554	
1.374e-08	456	0.0240475	-0.0981352	0.994883	0.69384	0.694031	0.0822255	0.0639164	0.0017868	0.0016559	
1.38e-08	458	0.0318756	-0.0203817	0.999284	0.690168	0.691648	0.0620594	0.083338	0.00261754	0.00238034	
1.386e-08	460	-0.0225572	0.00772306	0.999716	0.691019	0.688663	0.0668733	0.0599177	0.00258582	0.00276556	
1.392e-08	462	0.0207346	0.00666085	0.999763	0.677872	0.68466	0.0880982	0.0616743	0.00212275	0.00210519	
1.398e-08	464	-0.00119259	0.0586261	0.998279	0.683323	0.686063	0.0822137	0.0552449	0.00264266	0.00272121	
1.404e-08	466	0.0403609	0.00245223	0.999182	0.685786	0.68402	0.0402253	0.0886047	0.00219664	0.00202708	
1.41e-08	468	-0.0567021	-0.0149785	0.998279	0.679728	0.6808	0.0305605	0.100082	0.00229116	0.00216031	
1.416e-08	470	0.0614966	0.00322644	0.998102	0.679713	0.680246	0.0813788	0.0684487	0.00279551	0.00252275	
1.422e-08	472	-0.0460076	0.0144518	0.998837	0.680907	0.677126	0.094147	0.0539046	0.00220623	0.00219613	
1.428e-08	474	-0.0220959	0.0325027	0.999227	0.683317	0.674364	0.0971986	0.0678838	0.00327499	0.00291702	
1.434e-08	476	-0.0195601	0.0328938	0.999267	0.662356	0.674024	0.0781011	0.0692071	0.00323029	0.00312366	
1.44e-08	478	0.029245	0.0542865	0.998097	0.671298	0.670858	0.0806532	0.0671127	0.00274086	0.00251431	
1.446e-08	480	-0.0670707	0.0496161	0.996514	0.677167	0.668888	0.0695043	0.068303	0.00258684	0.00284006	
1.452e-08	482	-0.00143654	0.0080431	0.999967	0.665862	0.667562	0.0529186	0.0831823	0.00239399	0.00248668	
1.458e-08	484	0.00379778	0.0068686	0.999969	0.661318	0.665016	0.059194	0.0573838	0.0033476	0.00301662	
1.464e-08	486	-0.0275124	-0.00255027	0.999618	0.653374	0.661898	0.0740273	0.126412	0.0033756	0.00296505	
1.47e-08	488	0.0192963	-0.0115684	0.999747	0.664736	0.660499	0.0583556	0.0376333	0.00327889	0.0032623	
1.476e-08	490	0.065392	0.0348447	0.997251	0.660696	0.65947	0.0720247	0.0663091	0.00454763	0.00429298	
1.482e-08	492	-0.0238938	0.0572995	0.998071	0.649147	0.655028	0.0519303	0.0540629	0.0033347	0.00331039	
1.488e-08	494	-0.0418486	0.042739	0.998209	0.656149	0.653656	0.0743155	0.0788228	0.00283282	0.00295219	
1.494e-08	496	-0.0325008	0.0170247	0.999327	0.653484	0.651787	0.0389106	0.0700195	0.00200053	0.00214027	
1.5e-08	498	0.010126	0.00414835	0.99994	0.647701	0.648298	0.0507829	0.0896604	0.00396236	0.00360874	
1.506e-08	500	-0.0182838	0.0715121	0.997272	0.650425	0.645962	0.141555	0.0896024	0.00264756	0.00206387	
1.512e-08	502	0.0383054	0.00136791	0.999265	0.635815	0.643901	0.0848959	0.10873	0.00394552	0.00336821	
1.518e-08	504	0.0114545	-0.062967	0.99795	0.646614	0.642084	0.0660465	0.0855098	0.00245974	0.00245047	
1.524e-08	506	0.0431434	-0.0095776	0.999023	0.645353	0.637818	0.0601489	0.0674821	0.00304428	0.00262722	
1.53e-08	508	0.0994084	-0.0254594	0.994721	0.636259	0.636934	0.0809412	0.0442633	0.00260092	0.00253218	
1.536e-08	510	-0.0412204	0.114129	0.99261	0.619005	0.636057	0.0851728	0.0940613	0.00506988	0.00431559	
1.542e-08	512	-0.0142667	-0.0340064	0.99932	0.629462	0.634262	0.0598523	0.0656113	0.00320673	0.00332011	
1.548e-08	514	0.010457	0.0218026	0.999708	0.625902	0.629333	0.084926	0.0609827	0.00420377	0.00418867	
1.554e-08	516	0.020686	-0.0265192	0.999434	0.619472	0.626523	0.0767592	0.0810708	0.00288701	0.00290163	
1.56e-08	518	-0.0495531	-0.0495935	0.997539	0.635287	0.623506	0.0901431	0.0999495	0.00374519	0.00354377	
1.566e-08	520	0.0508506	0.0429384	0.997783	0.610437	0.621597	0.0713909	0.0589141	0.00376676	0.00352237	
1.572e-08	522	0.0140649	0.0126356	0.999821	0.63388	0.620531	0.0928429	0.036108	0.0055862	0.00523005	
1.578e-08	524	0.00884935	0.0170843	0.999815	0.615769	0.617411	0.04779	0.105016	0.00205127	0.00196875	
1.584e-08	526	0.0344123	-0.0587872	0.997677	0.61739	0.61555	0.106501	0.0829638	0.00302326	0.00280781	
1.59e-08	528	0.010965	-0.00390316	0.999932	0.615825	0.615086	0.0784818	0.0888057	0.00167379	0.00180132	
1.596e-08	530	0.000410852	0.10009	0.994978	0.600205	0.607769	0.0848581	0.0893338	0.00412008	0.00405333	
1.602e-08	532	0.0824787	-0.0496098	0.995357	0.609944	0.607136	0.0606255	0.0754041	0.0034039	0.00314785	
1.608e-08	534	0.00089843	-0.0542776	0.998525	0.608236	0.606108	0.0979368	0.0753168	0.00256398	0.00240556	
1.614e-08	536	-0.0423862	0.0949135	0.994583	0.600844	0.599806	0.0710725	0.110224	0.00453975	0.00412086	
1.62e-08	538	-0.0318911	-0.0113883	0.999426	0.597133	0.599129	0.0766941	0.0615822	0.00382509	0.00383101	
1.626e-08	540	-0.0167467	-0.0177581	0.999702	0.594688	0.597698	0.0849337	0.0880705	0.00477279	0.00390785	
1.632e-08	542	0.0159307	-0.146382	0.9891	0.591086	0.594164	0.106098	0.0835217	0.00228877	0.00214833	
1.638e-08	544	0.0526999	-0.0558888	0.997045	0.589753	0.590168	0.0585451	0.0659632	0.00221593	0.00235624	
1.644e-08	546	-0.00395142	0.0126494	0.999912	0.582389	0.589222	0.13787	0.0851332	0.00381139	0.00381208	
1.65e-08	548	0.0483204	-0.0732476	0.996143	0.584617	0.58622	0.0618421	0.100786	0.00429796	0.00383424	
1.656e-08	550	-0.00796601	0.0129316	0.999885	0.57656	0.582911	0.065741	0.0845555	0.00667949	0.00644573	
1.662e-08	552	0.041309	-0.0346788	0.998544	0.580498	0.579857	0.0743153	0.0689742	0.0045957	0.00413439	
1.668e-08	554	-0.0232954	0.0837759	0.996212	0.574341	0.575121	0.0718174	0.078369	0.00512236	0.00503142	
1.674e-08	556	0.0419968	0.0664939	0.996903	0.568954	0.572677	0.0878905	0.066002	0.00450653	0.00389005	
1.68e-08	558	-0.000668485	0.0386398	0.999253	0.563692	0.569979	0.0840188	0.0573513	0.00512981	0.00464005	
1.686e-08	560	0.0344204	-0.0537594	0.997961	0.568823	0.566661	0.0701374	0.0956322	0.00569012	0.00394155	
1.692e-08	562	-0.0103839	-0.0197984	0.99975	0.573848	0.565856	0.112142	0.0953133	0.00735868	0.00519482	
1.698e-08	564	-0.00826991	0.0300189	0.999515	0.559354	0.563292	0.131025	0.0463964	0.0054261	0.00504583	
1.704e-08	566	-0.015893	0.0851272	0.996243	0.563113	0.558369	0.0902145	0.0770831	0.00569459	0.00482846	
1.71e-08	568	-0.0372449	-0.0321076	0.99879	0.564239	0.555535	0.0444808	0.0460773	0.00503713	0.00475664	
1.716e-08	570	0.110649	0.00551125	0.993844	0.558162	0.552134	0.154452	0.0494226	0.00608371	0.00547698	
1.722e-08	572	-0.0945555	-0.0706234	0.993011	0.544297	0.551911	0.0464189	0.0664635	0.00825122	0.0083216	
1.728e-08	574	-0.0162492	0.00717464	0.999842	0.536661	0.546895	0.112605	0.0868895	0.00519478	0.00512614	
1.734e-08	576	-0.0709431	0.0645811	0.995388	0.536302	0.544392	0.0980434	0.0892108	0.00588038	0.00546562	
1.74e-08	578	0.00141009	-0.028344	0.999597	0.553296	0.5399	0.0705995	0.0745693	0.00597074	0.00567127	
1.746e-08	580	-0.0851716	0.036777	0.995687	0.549369	0.535422	0.0724999	0.147089	0.00547325	0.00530363	
1.752e-08	582	0.164096	0.00733442	0.986417	0.531558	0.532862	0.137058	0.108999	0.00296783	0.00254769	
1.758e-08	584	0.0714396	-0.032649	0.99691	0.531331	0.528512	0.11483	0.0889315	0.00433026	0.00361525	
1.764e-08	586	-0.0195533	-0.0197462	0.999614	0.525491	0.524858	0.0958961	0.0507324	0.00804695	0.00626358	
1.77e-08	588	0.0348171	0.0455324	0.998356	0.518553	0.524758	0.0717033	0.0670764	0.00463967	0.00508907	
1.776e-08	590	-0.0148718	0.015817	0.999764	0.527357	0.520628	0.116331	0.130126	0.00497757	0.00416287	
1.782e-08	592	0.0237118	0.0559362	0.998153	0.519914	0.517317	0.0874288	0.112258	0.00663947	0.00681924	
1.788e-08	594	-0.00924647	-0.0358089	0.999316	0.518799	0.51326	0.0362271	0.120159	0.00737044	0.00790649	
1.794e-08	596	0.00701817	0.0335488	0.999412	0.500851	0.50773	0.107169	0.0432322	0.00645683	0.00629999	
1.8e-08	598	-0.0760945	0.014395	0.996997	0.5077	0.505684	0.0767091	0.0923013	0.00865935	0.00875939	
1.806e-08	600	-0.016612	0.0636697	0.997833	0.510712	0.501192	0.0698967	0.0567581	0.00836632	0.00837838	
1.812e-08	602	-0.0760544	0.0767542	0.994145	0.50542	0.498884	0.137443	0.0389083	0.00614625	0.00573915	
1.818e-08	604	-0.0406921	0.0906194	0.995054	0.493254	0.492612	0.0823835	0.0962534	0.00864958	0.0075762	
1.824e-08	606	-0.104983	-0.0275884	0.994091	0.500238	0.490885	0.0677703	0.0708427	0.00650181	0.00659751	
1.83e-08	608	0.0167096	-0.00368292	0.999854	0.491104	0.484092	0.0509211	0.0783941	0.00927713	0.00898423	
1.836e-08	610	0.0614476	-0.0132467	0.998022	0.486566	0.478147	0.100472	0.0836974	0.00747378	0.00680442	
1.842e-08	612	0.10982	0.0038237	0.993944	0.478519	0.477565	0.10254	0.0625698	0.0089484	0.00782052	
1.848e-08	614	-0.0864395	0.0507377	0.994964	0.467974	0.472951	0.0975004	0.116802	0.00580264	0.00566926	
1.854e-08	616	0.0940391	-0.0269167	0.995205	0.47062	0.472256	0.0620869	0.0671269	0.0101923	0.0102907	
1.86e-08	618	0.0202725	-0.0302278	0.999337	0.472152	0.46467	0.0843708	0.0831461	0.00513681	0.0052827	
1.866e-08	620	-0.00845009	0.00282075	0.99996	0.460738	0.459076	0.0824678	0.11303	0.00675137	0.00525911	
1.872e-08	622	0.0416458	0.104341	0.993669	0.461099	0.453752	0.135515	0.0881218	0.00914461	0.00905206	
1.878e-08	624	0.00421094	0.0633712	0.997981	0.449506	0.44779	0.0984021	0.0955011	0.0107338	0.0102453	
1.884e-08	626	-0.0459527	0.0708079	0.996431	0.433672	0.445132	0.0743104	0.0709406	0.00914636	0.00834323	
1.89e-08	628	0.0904	0.0810168	0.992605	0.445833	0.443247	0.120645	0.105721	0.00613548	0.00655437	
1.896e-08	630	-0.0343543	-0.0690804	0.997019	0.454589	0.434987	0.088393	0.0505215	0.0130061	0.0125889	
1.902e-08	632	-0.161458	-0.104513	0.98133	0.443575	0.432702	0.119546	0.0862321	0.00650896	0.00581154	
1.908e-08	634	0.0121196	0.0544295	0.998444	0.442399	0.430035	0.0716352	0.128195	0.0105612	0.00914166	
1.914e-08	636	-0.0163261	0.034813	0.99926	0.421074	0.422727	0.0697212	0.0559492	0.0106347	0.010354	
1.92e-08	638	0.11577	0.127655	0.985039	0.434774	0.416054	0.176888	0.0957787	0.0144852	0.0118591	
1.926e-08	640	-0.0617942	0.0660971	0.995898	0.405131	0.411735	0.0630348	0.118508	0.00816865	0.00933169	
1.932e-08	642	-0.0943134	-0.0190941	0.995359	0.397153	0.40526	0.13397	0.108817	0.0145926	0.0117894	
1.938e-08	644	0.0358366	0.0559125	0.997792	0.396316	0.404976	0.0916773	0.0910245	0.0154591	0.014508	
1.944e-08	646	-0.0443193	0.103973	0.993592	0.399604	0.397769	0.109564	0.0984499	0.0135714	0.0132084	
1.95e-08	648	0.0721905	-0.144234	0.986907	0.38838	0.392655	0.111261	0.153199	0.0137899	0.0123697	
1.956e-08	650	0.0254912	0.139086	0.989952	0.391877	0.381649	0.0731037	0.0842997	0.0172353	0.0164134	
1.962e-08	652	-0.0462635	-0.196838	0.979344	0.389373	0.382482	0.0967524	0.101036	0.0155924	0.0152914	
1.968e-08	654	-0.0309973	-0.0318293	0.999013	0.381498	0.373883	0.105445	0.0707128	0.0151668	0.0141878	
1.974e-08	656	-0.0447983	0.0204558	0.998787	0.377176	0.366738	0.135338	0.122432	0.0119553	0.0100267	
1.98e-08	658	-0.0986495	-0.00999738	0.995072	0.333829	0.363315	0.118696	0.0748733	0.0259846	0.0257805	
1.986e-08	660	-0.158889	-0.0195107	0.987104	0.359797	0.354537	0.133649	0.093234	0.013781	0.0141534	
1.992e-08	662	0.103624	-0.0782021	0.991537	0.333071	0.347483	0.0731535	0.0787081	0.0194671	0.0192449	
1.998e-08	664	0.172345	-0.184154	0.96767	0.340861	0.339591	0.0639973	0.127729	0.0112982	0.0111985	
2.004e-08	666	0.146527	0.0227344	0.988945	0.344543	0.333731	0.101938	0.0644829	0.020579	0.0199971	
2.01e-08	668	0.0661672	-0.0178026	0.99765	0.330082	0.332774	0.0875804	0.0570676	0.0261996	0.025565	
2.016e-08	670	0.0169518	-0.107508	0.99406	0.318165	0.318852	0.0729482	0.096914	0.0512168	0.0491742	
2.022e-08	672	-0.0147812	-0.00633622	0.999871	0.339119	0.311561	0.0874158	0.108839	0.0169461	0.0146861	
2.028e-08	674	-0.0206281	-0.143068	0.989498	0.285093	0.305841	0.13638	0.115458	0.0312776	0.0275967	
2.034e-08	676	-0.12047	0.150671	0.981216	0.319594	0.29743	0.131492	0.0691746	0.0384922	0.0249905	
2.04e-08	678	-0.0313845	-0.183951	0.982434	0.31898	0.293492	0.102095	0.141576	0.0304289	0.0244176	
2.046e-08	680	0.0480444	0.0157241	0.998721	0.265454	0.278849	0.0645343	0.0908293	0.0323443	0.0314404	
2.052e-08	682	-0.105043	0.153765	0.982508	0.239889	0.271296	0.131362	0.0925809	0.0356502	0.0369769	
2.058e-08	684	0.0378946	-0.1493	0.988066	0.295699	0.259638	0.105906	0.147673	0.0359064	0.030044	
2.064e-08	686	0.197679	0.165056	0.966271	0.240867	0.256277	0.133382	0.0564041	0.0376056	0.0309363	
2.07e-08	688	0.0660845	-0.0854362	0.99415	0.246794	0.241735	0.117701	0.0773806	0.0346646	0.0326317	
2.076e-08	690	-0.195459	0.0252001	0.980388	0.232492	0.228606	0.112795	0.16594	0.0641843	0.0570588	
2.082e-08	692	-0.193367	-0.0613971	0.979204	0.256989	0.214629	0.117878	0.140785	0.108585	0.0888023	
2.088e-08	694	0.125647	-0.169145	0.977549	0.267003	0.193633	0.0964974	0.0881483	0.0783776	0.0770516	
2.094e-08	696	-0.195361	-0.0273424	0.98035	0.159547	0.188479	0.0867283	0.0702803	0.0814292	0.0789778	
2.1e-08	698	0.196061	-0.0364281	0.979915	0.222066	0.169276	0.132456	0.103074	0.344776	0.153814	
2.106e-08	700	0.135806	-0.255801	0.957143	0.167087	0.150908	0.0907513	0.147016	1.60029	0.0895739	
2.112e-08	702	-0.126334	-0.380465	0.916126	0.157748	0.143933	0.135027	0.0991446	0.217345	0.148348	
2.118e-08	704	-0.0967143	0.181479	0.978627	0.124253	0.0965236	0.0948026	0.0975545	0.520432	0.155977	
2.124e-08	706	-0.496061	-0.643486	-0.582965	0.0914293	0.11761	0.118274	0.0776478	0.313231	0.0854157	
2.13e-08	708	0.0738688	0.402382	-0.912487	0.0890598	0.117514	0.064141	0.15042	0.806824	0.152814	
2.136e-08	710	-0.167433	0.454717	-0.874756	0.149106	0.0901849	0.12344	0.115845	0.495327	0.120979	
2.142e-08	712	-0.242574	-0.958711	-0.148432	0.0412027	0.0867065	0.0758795	0.0746041	0.437246	0.122215	
2.148e-08	714	0.443935	0.570311	0.691135	0.0988916	0.0737356	0.085131	0.0478739	0.321217	0.092365	
2.154e-08	716	-0.95457	-0.297757	0.0117144	0.0317555	0.051566	0.0421977	0.0725026	0.128791	0.0494394	
2.16e-08	718	-0.33311	-0.783688	0.524281	0.0620687	0.0700039	0.0753592	0.0940947	0.254583	0.06244	
2.166e-08	720	0.502908	0.570537	0.649285	0.0772135	0.0615297	0.053782	0.0503594	0.240669	0.0643987	
2.172e-08	722	0.0434905	0.786058	-0.61662	0.0637773	0.0542953	0.0488851	0.0440549	0.150778	0.0425202	
2.178e-08	724	-0.659416	0.28889	-0.694056	0.0481761	0.0609954	0.0674919	0.0745754	0.181762	0.0474533	
2.184e-08	726	0.326225	-0.813399	-0.481621	0.0910551	0.0519456	0.0497095	0.0787621	0.100719	0.0374683	
2.19e-08	728	0.760742	0.0820145	0.643852	0.0615718	0.0509855	0.058243	0.0591823	0.108131	0.0332031	
2.196e-08	730	0.38206	0.88965	0.250104	0.0290412	0.0472366	0.0428541	0.0775644	0.0625901	0.0215858	
2.202e-08	732	-0.237676	-0.581633	-0.777954	0.0361902	0.0489562	0.0494845	0.0617676	0.083923	0.0277542	
2.208e-08	734	0.510925	0.0172254	-0.859453	0.0210898	0.0470582	0.0320235	0.0433919	0.106268	0.0272432	
2.214e-08	736	-0.221409	0.290166	-0.931011	0.0388123	0.0434811	0.0377564	0.0400919	0.0718394	0.0180935	
2.22e-08	738	-0.266543	-0.887672	0.37549	0.0319076	0.042472	0.0362972	0.038492	0.0802157	0.0227505	
2.226e-08	740	-0.493347	-0.740357	0.456597	0.0287021	0.0399858	0.0326811	0.031375	0.0615667	0.0137261	
2.232e-08	742	-0.337948	0.776402	-0.531969	0.0285476	0.0353614	0.0365644	0.0295773	0.0331922	0.013043	
2.238e-08	744	0.845612	0.279028	0.455064	0.03202	0.0417582	0.0366604	0.0483193	0.0537738	0.0126087	
2.244e-08	746	0.460576	0.631198	-0.624066	0.0311031	0.0397963	0.0457815	0.027664	0.0561584	0.0167126	
2.25e-08	748	0.90984	0.395724	0.124874	0.0256108	0.0299339	0.0332975	0.0138151	0.0396199	0.0220395	
2.256e-08	750	0.473497	0.492764	-0.730057	0.0581494	0.0360006	0.0221985	0.0303063	0.0469326	0.0107437	
2.262e-08	752	-0.20933	-0.27416	-0.938625	0.025488	0.0388573	0.0362374	0.0257532	0.0595325	0.0138146	
2.268e-08	754	0.188281	0.613076	-0.76726	0.032413	0.0355456	0.0341495	0.02825	0.0358911	0.00986847	
2.274e-08	756	0.322027	0.737362	0.593798	0.035065	0.0312667	0.0262135	0.0275353	0.0250763	0.00963902	
2.28e-08	758	-0.0177603	0.999249	0.0344356	0.0211846	0.0297734	0.0213206	0.0201708	0.0338667	0.0124859	
2.286e-08	760	-0.0907427	0.988526	-0.12076	0.0465593	0.0304608	0.0144168	0.0267881	0.0400775	0.0149947	
2.292e-08	762	0.532616	0.412408	0.73908	0.0513262	0.0305654	0.0238886	0.0190818	0.0272049	0.00871716	
2.298e-08	764	0.0460262	-0.927457	0.371087	0.0454195	0.0275158	0.0192199	0.0172526	0.0198816	0.00801289	
2.304e-08	766	0.627941	0.777605	0.0319486	0.0227288	0.0312317	0.0193502	0.0182542	0.0459725	0.0155269	
2.31e-08	768	-0.0742927	0.7113	-0.698951	0.0423912	0.032299	0.0258062	0.0262827	0.0313048	0.0105359	
2.316e-08	770	0.438694	0.296817	0.848203	0.0185256	0.0248333	0.016728	0.0139534	0.0127075	0.0048542	
2.322e-08	772	0.917678	0.385418	0.0965381	0.0250128	0.0276487	0.023455	0.0176248	0.0220097	0.0140319	
2.328e-08	774	-0.405766	0.0251089	-0.913632	0.0148627	0.0287488	0.0114038	0.0215699	0.0280269	0.00898826	
2.334e-08	776	-0.903693	-0.0659677	-0.423069	0.0286904	0.0262973	0.018137	0.0235195	0.0108156	0.00768633	
2.34e-08	778	-0.814907	0.399697	0.419725	0.0148876	0.0232364	0.0184376	0.0118227	0.0142325	0.00751093	
2.346e-08	780	-0.901933	0.266628	-0.339744	0.0103718	0.024979	0.0114273	0.0163551	0.0225297	0.00886468	
2.352e-08	782	-0.662517	0.398221	0.634423	0.0324996	0.0249293	0.0113459	0.0129554	0.0231185	0.00440837	
2.358e-08	784	-0.552906	0.171827	0.815335	0.04659	0.0240485	0.0146331	0.013886	0.0194964	0.00976597	
2.364e-08	786	0.0644852	0.954415	0.291434	0.017286	0.0268258	0.0139795	0.017731	0.0231816	0.00644577	
2.37e-08	788	0.548706	0.672853	-0.496176	0.0384543	0.0243533	0.0145101	0.0159207	0.0177462	0.00895626	
2.376e-08	790	0.432364	0.543638	0.719388	0.00544245	0.0241192	0.0187414	0.0138589	0.0150081	0.00976689	
2.382e-08	792	0.05704	-0.445636	-0.893395	0.0121742	0.0264989	0.0113376	0.0165008	0.0218096	0.00995448	
2.388e-08	794	0.780686	-0.0865062	-0.618907	0.0227714	0.0243682	0.0165715	0.0151624	0.0143048	0.00641172	
2.394e-08	796	0.292243	0.883278	0.366626	0.0367344	0.0245556	0.0179424	0.017019	0.012154	0.00754183	
2.4e-08	798	0.0743436	-0.763582	0.641417	0.0313284	0.0230086	0.0132306	0.0133281	0.013368	0.00467635	
2.406e-08	800	-0.518959	-0.479282	0.707793	0.0322148	0.023283	0.0144955	0.00976514	0.0154721	0.00673747	
2.412e-08	802	-0.936234	0.24589	0.251005	0.0325021	0.0250215	0.0137257	0.0172405	0.0182128	0.00738588	
2.418e-08	804	-0.685174	0.644174	-0.339967	0.0340978	0.021285	0.00803308	0.0138326	0.0127074	0.00437512	
2.424e-08	806	0.152758	-0.395066	-0.905863	0.0251321	0.0226229	0.0177932	0.00850837	0.0144959	0.00646851	
2.43e-08	808	0.103468	-0.975013	0.196579	0.0142882	0.0199328	0.00633218	0.0169771	0.00885014	0.00542761	
2.436e-08	810	0.482963	0.654497	-0.581705	0.0252136	0.0215213	0.010354	0.0137117	0.0107984	0.00475394	
2.442e-08	812	-0.665654	0.204406	-0.717721	0.0294067	0.0223347	0.0151159	0.00742878	0.0133851	0.00295719	
2.448e-08	814	-0.311026	-0.68602	-0.657754	0.022336	0.0182211	0.00968736	0.00733051	0.00936677	0.00490924	
2.454e-08	816	-0.535652	-0.724906	0.433115	0.0132276	0.0199683	0.00938398	0.0105706	0.0101982	0.00442651	
2.46e-08	818	-0.711256	0.489566	-0.50442	0.0197359	0.0181673	0.00703532	0.00793913	0.00975895	0.00485744	
2.466e-08	820	0.471578	0.714284	-0.51712	0.0182705	0.017071	0.0064865	0.00727232	0.00949986	0.00441248	
2.472e-08	822	0.350866	0.721719	0.596669	0.015129	0.0197203	0.00869353	0.00712655	0.0112	0.00337461	
2.478e-08	824	0.356563	-0.657874	0.663373	0.0201477	0.0208753	0.00776541	0.00520249	0.0180601	0.00278659	
2.484e-08	826	-0.313535	-0.513008	0.799073	0.017164	0.0195779	0.00697767	0.00898171	0.0122314	0.00349862	
2.49e-08	828	0.514717	-0.0545512	0.855623	0.0156096	0.0203927	0.00838653	0.0116971	0.0106791	0.00360932	
2.496e-08	830	-0.00770675	0.597977	0.801476	0.0129309	0.0197911	0.0110831	0.00795019	0.0121325	0.00746697	
2.502e-08	832	0.28455	0.945611	-0.15764	0.0310994	0.018919	0.00906344	0.00927087	0.0100604	0.00550422	
2.508e-08	834	0.512444	0.183963	0.838784	0.0382228	0.0202958	0.0106302	0.0105486	0.0089128	0.00391074	
2.514e-08	836	0.994373	0.089105	0.0572983	0.0302207	0.0181521	0.00834345	0.00570132	0.00965901	0.0035547	
2.52e-08	838	0.048824	-0.011568	-0.99874	0.0162981	0.0171107	0.00517952	0.00495259	0.010096	0.0025438	
2.526e-08	840	0.145959	0.944111	0.29555	0.0189399	0.019686	0.00853815	0.0119813	0.00673697	0.00259009	
2.532e-08	842	-0.304958	-0.209887	-0.92895	0.025065	0.0191548	0.0105794	0.00950395	0.00634084	0.00319858	
2.538e-08	844	-0.682751	0.55541	0.474732	0.0172371	0.0196984	0.00867453	0.00880943	0.00980854	0.00342838	
2.544e-08	846	0.618043	0.496984	-0.609123	0.0100774	0.0176402	0.00666535	0.0103627	0.00703918	0.00434017	
2.55e-08	848	0.82259	0.108803	-0.558129	0.0249516	0.0187038	0.00847191	0.00773511	0.00908525	0.00323569	
2.556e-08	850	0.710913	0.691424	-0.128592	0.0147948	0.0192169	0.0118793	0.00935694	0.00502204	0.00337259	
2.562e-08	852	0.269712	0.319487	0.908396	0.0282663	0.0173716	0.00786989	0.00818243	0.00703357	0.00520595	
2.568e-08	854	-0.270255	0.907004	0.322965	0.0157536	0.0167871	0.00614976	0.00674748	0.00756368	0.00254949	
2.574e-08	856	-0.376954	-0.148804	0.914201	0.0216126	0.0184263	0.00705	0.00535055	0.0120335	0.00444599	
2.58e-08	858	0.657405	0.284851	0.697624	0.0180621	0.0184095	0.00791422	0.00613038	0.0118662	0.00441147	
2.586e-08	860	-0.868869	0.18726	-0.458257	0.0185538	0.0164724	0.00836216	0.0056092	0.00662212	0.00369626	
2.592e-08	862	0.753848	-0.522237	0.398724	0.0249231	0.017053	0.00752282	0.006203	0.00705919	0.00308983	
2.598e-08	864	-0.130973	0.11841	0.984289	0.0199294	0.0167024	0.00693022	0.00695955	0.00686666	0.00469317	
2.604e-08	866	0.55671	0.781235	0.282393	0.0246177	0.0165162	0.00625001	0.00720574	0.00667337	0.00298684	
2.61e-08	868	-0.198515	0.715414	-0.669906	0.00863217	0.0187283	0.00922849	0.00676187	0.0094482	0.00364726	
2.616e-08	870	0.173029	-0.954254	-0.243845	0.0348978	0.0184198	0.00660936	0.0098312	0.00866869	0.00408657	
2.622e-08	872	-0.40611	-0.907048	-0.111075	0.0314273	0.0163556	0.00611388	0.00657307	0.0059226	0.00228188	
2.628e-08	874	-0.288311	-0.93518	0.205708	0.0160256	0.0186237	0.00666642	0.00692478	0.0108782	0.00348497	
2.634e-08	876	-0.870425	-0.241354	0.429079	0.0284985	0.0182359	0.012742	0.00492088	0.00483385	0.00206064	
2.64e-08	878	-0.743438	0.580022	0.332978	0.0143171	0.016104	0.00414902	0.00615315	0.00831579	0.00320034	
2.646e-08	880	-0.360039	-0.625699	-0.692006	0.0263532	0.0179381	0.00773904	0.00527627	0.00816438	0.00229026	
2.652e-08	882	0.193353	-0.955359	-0.22339	0.0129609	0.0155067	0.00445029	0.00392992	0.00823575	0.00209752	
2.658e-08	884	-0.225775	-0.12271	-0.96642	0.0135211	0.0162494	0.00408023	0.00626797	0.00684022	0.00216598	
2.664e-08	886	-0.162266	0.505029	-0.847712	0.0121489	0.0154867	0.00546289	0.00497789	0.00638016	0.00223915	
2.67e-08	888	0.590678	-0.247779	0.767923	0.0135349	0.0160997	0.00562668	0.0058906	0.00679055	0.00268931	
2.676e-08	890	0.431106	0.592406	-0.68059	0.0178349	0.0172753	0.00738306	0.00591587	0.00596466	0.0020314	
2.682e-08	892	0.410806	0.42214	0.808106	0.0103651	0.016585	0.00480007	0.00443185	0.0101264	0.00318338	
2.688e-08	894	-0.286369	0.0950035	0.953398	0.0109192	0.0141808	0.00348098	0.00465458	0.00517503	0.00167683	
2.694e-08	896	-0.84877	0.369981	0.377761	0.0203846	0.0156192	0.00573625	0.00426688	0.00649714	0.00199224	
2.7e-08	898	0.786711	0.0406549	0.615981	0.0247956	0.015217	0.00681405	0.00489474	0.00477221	0.00245177	
2.706e-08	900	0.628768	-0.711712	-0.313236	0.0115538	0.0153272	0.00633254	0.00540596	0.00509833	0.00276516	
