#----------------------------------------------------------------------------------------------------------------------------------------------------------
# Output file for vampire simulation
#   time       : 2024-08-29 04:53:04     process id : 388420
#   hostname   : node115.viking2.yor.alces.network
#   path       : /users/ky883/parameter/WS_dia5/AI_Dataset/size_2.0_2.0_9.0/Temp_900/random_1
#----------------------------------------------------------------------------------------------------------------------------------------------------------
6e-11	0	0.0215402	0.00170476	0.999767	0.999951	0.999928	0	0	0	0	
1.2e-10	2	-0.00978348	0.00395766	0.999944	0.998736	0.998782	0.0624625	0.0360875	1.51079e-05	8.96742e-06	
1.8e-10	4	-0.0129845	0.000249325	0.999916	0.997639	0.997619	0.0480108	0.0733557	7.8141e-06	6.69381e-06	
2.4e-10	6	-6.58137e-05	-0.0129587	0.999916	0.99662	0.996413	0.0530597	0.0888897	1.86054e-05	1.07359e-05	
3e-10	8	-0.0109738	-0.0174381	0.999788	0.995067	0.995216	0.0415459	0.061178	3.58517e-05	1.75028e-05	
3.6e-10	10	0.00109745	-0.0011614	0.999999	0.993927	0.993928	0.0600232	0.0328778	4.7415e-05	2.82151e-05	
4.2e-10	12	-0.0387977	0.00852326	0.999211	0.9926	0.992681	0.0592904	0.0726809	5.22106e-05	3.71743e-05	
4.8e-10	14	0.00385028	-0.0181576	0.999828	0.991771	0.991459	0.0447269	0.0628589	5.18296e-05	3.30498e-05	
5.4e-10	16	0.0329777	-0.0201386	0.999253	0.98944	0.990302	0.03443	0.0860989	9.64665e-05	5.94985e-05	
6e-10	18	-0.0131857	0.000260338	0.999913	0.988178	0.989068	0.0566103	0.0351027	6.4443e-05	4.41341e-05	
6.6e-10	20	-3.60008e-05	-0.0420263	0.999117	0.988257	0.98775	0.0416459	0.0701288	0.000100891	4.70775e-05	
7.2e-10	22	-0.017865	0.00860533	0.999803	0.985999	0.986557	0.0603845	0.0380067	8.76034e-05	7.25878e-05	
7.8e-10	24	-0.00709622	0.0251814	0.999658	0.986768	0.985576	0.0516324	0.0367288	0.000104283	9.81719e-05	
8.4e-10	26	0.0299598	-0.00281002	0.999547	0.984464	0.984095	0.0560052	0.0299012	9.70296e-05	8.00263e-05	
9e-10	28	0.00473654	-0.0334649	0.999429	0.982932	0.983135	0.0366537	0.0773056	8.99834e-05	5.76238e-05	
9.6e-10	30	-0.00751073	-0.0341938	0.999387	0.981918	0.981947	0.0509694	0.0853152	0.000167005	7.84351e-05	
1.02e-09	32	0.0313637	-0.0402927	0.998696	0.981468	0.980502	0.0406855	0.0583499	0.00016327	0.000130014	
1.08e-09	34	0.0263237	-0.0453099	0.998626	0.979988	0.979162	0.0519716	0.045839	9.13558e-05	0.000101337	
1.14e-09	36	0.0459176	0.010366	0.998891	0.976906	0.977655	0.0460131	0.0525237	0.000196269	0.000120397	
1.2e-09	38	-0.0123101	-0.0234271	0.99965	0.976949	0.977135	0.0498874	0.0531096	0.000144278	0.000164969	
1.26e-09	40	-0.00211928	-0.0084749	0.999962	0.976302	0.975806	0.0582453	0.0440651	0.000165875	9.44633e-05	
1.32e-09	42	0.00237517	-0.00926174	0.999954	0.973972	0.97449	0.0671083	0.0668827	0.000167635	0.000120156	
1.38e-09	44	0.0295436	-0.0184866	0.999393	0.975198	0.973248	0.0655792	0.0515048	0.000276676	0.00020393	
1.44e-09	46	0.0215437	0.0705564	0.997275	0.975497	0.971771	0.0751778	0.0661977	0.000211966	0.000135654	
1.5e-09	48	-0.0410493	-0.0474053	0.998032	0.973135	0.970829	0.059023	0.0511306	0.000300444	0.000182626	
1.56e-09	50	-0.0597908	0.00034946	0.998211	0.969551	0.969797	0.0486804	0.0406655	0.000168942	0.000139255	
1.62e-09	52	-0.0591249	-0.0434657	0.997304	0.963955	0.967918	0.0349765	0.064047	0.000219975	0.000136162	
1.68e-09	54	-0.000960102	-0.00421536	0.999991	0.966291	0.966055	0.0453037	0.0443565	0.000254035	0.000137609	
1.74e-09	56	0.00810014	-0.018614	0.999794	0.962828	0.96544	0.0750299	0.089116	0.000390185	0.000208119	
1.8e-09	58	-0.0620246	0.0163422	0.997941	0.966639	0.964499	0.0743962	0.0591448	0.000332235	0.000243069	
1.86e-09	60	0.015796	0.0768124	0.99692	0.96307	0.962814	0.0528898	0.0690918	0.000213351	0.000184998	
1.92e-09	62	0.037456	0.0546715	0.997802	0.964127	0.961559	0.0360897	0.0390466	0.000295537	0.000235333	
1.98e-09	64	-0.0255966	0.0214201	0.999443	0.957336	0.96044	0.0440747	0.0401669	0.000304698	0.000232158	
2.04e-09	66	0.0241228	-0.0821493	0.996328	0.961595	0.959202	0.0433087	0.0749475	0.000281239	0.00026535	
2.1e-09	68	0.051473	-0.016939	0.998531	0.954921	0.958014	0.042255	0.054874	0.000313821	0.000177041	
2.16e-09	70	0.0057865	0.0434984	0.999037	0.957861	0.956119	0.0466602	0.0509446	0.000307839	0.000256986	
2.22e-09	72	-0.0132488	-0.0104214	0.999858	0.957566	0.955257	0.0547032	0.0775014	0.000378391	0.000189446	
2.28e-09	74	0.0325456	0.0442682	0.998489	0.951777	0.954262	0.074721	0.0493062	0.000410517	0.000236616	
2.34e-09	76	0.0490714	0.0908172	0.994658	0.950977	0.953605	0.0485403	0.0650631	0.000235557	0.000126475	
2.4e-09	78	0.0122859	0.0651652	0.997799	0.949223	0.951476	0.0361421	0.044607	0.000341288	0.000281686	
2.46e-09	80	-0.0091111	0.0523639	0.998587	0.945875	0.950858	0.0509679	0.0711455	0.000403449	0.000191179	
2.52e-09	82	-0.00185007	-0.0239842	0.999711	0.954272	0.94836	0.0477145	0.04545	0.000471395	0.000279597	
2.58e-09	84	0.0272354	-0.0153708	0.999511	0.949444	0.947368	0.0438046	0.0340353	0.000314072	0.000243689	
2.64e-09	86	-0.0303039	-0.0265614	0.999188	0.940297	0.946766	0.0463628	0.0670165	0.000454224	0.000274431	
2.7e-09	88	-0.0429836	-0.0906631	0.994954	0.948464	0.944804	0.0581159	0.0600655	0.000370805	0.000338429	
2.76e-09	90	0.0316702	0.021049	0.999277	0.944232	0.94263	0.043499	0.0452276	0.000448961	0.00034416	
2.82e-09	92	0.0830541	-0.0747718	0.993736	0.941222	0.942542	0.0817977	0.0756709	0.000656255	0.000326002	
2.88e-09	94	0.0697269	0.00815506	0.997533	0.940272	0.940094	0.0439997	0.0455108	0.00054015	0.000528436	
2.94e-09	96	0.034797	-0.0614732	0.997502	0.942103	0.93995	0.0398238	0.0734123	0.000306236	0.00027983	
3e-09	98	0.12647	-0.0388692	0.991209	0.938001	0.938451	0.0476504	0.0729705	0.000507748	0.000427152	
3.06e-09	100	-0.036465	0.0537447	0.997889	0.938943	0.936461	0.0364173	0.045465	0.000386591	0.000324253	
3.12e-09	102	-0.051348	-0.0762316	0.995767	0.938096	0.936083	0.0557612	0.0889695	0.000824996	0.000528028	
3.18e-09	104	0.0140534	-0.0888117	0.995949	0.932936	0.934617	0.0748451	0.0525638	0.000374886	0.0002192	
3.24e-09	106	0.00217401	-0.0689615	0.997617	0.934166	0.933544	0.0492052	0.0585309	0.000539575	0.000327574	
3.3e-09	108	0.011832	-0.0891559	0.995947	0.935125	0.932934	0.053342	0.0845088	0.000443609	0.00040902	
3.36e-09	110	0.0267784	-0.00593666	0.999624	0.934392	0.930572	0.0433762	0.0762068	0.000817945	0.000298756	
3.42e-09	112	-0.0224223	0.0583793	0.998043	0.928707	0.928368	0.0763926	0.0478285	0.00121586	0.000507118	
3.48e-09	114	0.0666539	-0.018704	0.997601	0.92918	0.929488	0.0315063	0.0382924	0.000382619	0.000271784	
3.54e-09	116	-0.0134259	-0.127694	0.991723	0.935505	0.927329	0.0453278	0.047302	0.000385476	0.000317552	
3.6e-09	118	-0.0616969	0.0223992	0.997844	0.929981	0.925533	0.0570437	0.0648876	0.000721225	0.000421004	
3.66e-09	120	0.0650085	0.0335782	0.99732	0.918339	0.923933	0.0694879	0.0460801	0.00153266	0.000854879	
3.72e-09	122	0.0313495	0.0468059	0.998412	0.92936	0.922318	0.0627019	0.0363236	0.000650125	0.000410412	
3.78e-09	124	0.085766	-0.0946184	0.991812	0.920454	0.921011	0.0331716	0.0342559	0.0006321	0.000480707	
3.84e-09	126	0.0204535	0.0740562	0.997044	0.923034	0.919836	0.053231	0.0523769	0.000762567	0.000728723	
3.9e-09	128	0.0306638	-0.0248543	0.999221	0.921239	0.919939	0.0454058	0.0717804	0.000596052	0.000360913	
3.96e-09	130	0.0215878	0.041102	0.998922	0.912427	0.91692	0.0653704	0.0690984	0.000476991	0.000429919	
4.02e-09	132	-0.0223743	-0.0867959	0.995975	0.918276	0.914754	0.0624913	0.0567705	0.000754124	0.000661539	
4.08e-09	134	-0.0693798	0.0346479	0.996988	0.909886	0.914587	0.0597744	0.0686453	0.000758655	0.000383602	
4.14e-09	136	-0.0284864	-0.0337215	0.999025	0.913864	0.913549	0.0506369	0.0465784	0.000406791	0.000422624	
4.2e-09	138	0.095029	-0.0650502	0.993347	0.919535	0.911078	0.0698172	0.0759264	0.000900147	0.000592327	
4.26e-09	140	-0.0538723	0.0201177	0.998345	0.911762	0.911828	0.0692036	0.036534	0.000803838	0.000343681	
4.32e-09	142	-0.0161073	-0.0187886	0.999694	0.912318	0.907273	0.0299238	0.0452961	0.000806194	0.000569726	
4.38e-09	144	-0.0652728	-0.0211269	0.997644	0.899736	0.907125	0.0711059	0.0525326	0.00091437	0.000628034	
4.44e-09	146	-0.0185288	-0.0478024	0.998685	0.903041	0.906939	0.0535123	0.0521193	0.000817132	0.000493825	
4.5e-09	148	0.0678809	-0.0902631	0.993602	0.891596	0.905952	0.0855784	0.0734119	0.0014797	0.000570948	
4.56e-09	150	-0.0123426	0.0327115	0.999389	0.885607	0.903475	0.0538555	0.0752578	0.000940393	0.000776484	
4.62e-09	152	-0.0141795	-0.0389714	0.99914	0.907779	0.901013	0.0541477	0.0487141	0.00118063	0.000577206	
4.68e-09	154	0.0499404	-0.0357704	0.998111	0.904534	0.899228	0.0584245	0.0640929	0.000681496	0.000494716	
4.74e-09	156	0.19077	-0.037197	0.98093	0.89521	0.897614	0.0959191	0.0680987	0.000955545	0.000476667	
4.8e-09	158	0.134531	0.0599737	0.989093	0.885404	0.896996	0.0937619	0.0589373	0.000900933	0.000548296	
4.86e-09	160	0.0329184	0.0376335	0.998749	0.888637	0.896486	0.0447986	0.0629586	0.000882449	0.000839965	
4.92e-09	162	-0.080452	-0.0237601	0.996475	0.894298	0.894249	0.0842954	0.064127	0.0013172	0.000529664	
4.98e-09	164	-0.0452755	-0.0129771	0.99889	0.891729	0.892997	0.0406032	0.0377581	0.00030772	0.000294552	
5.04e-09	166	-0.0793725	0.0784	0.993757	0.889882	0.889803	0.0596331	0.0417525	0.00108919	0.000879865	
5.1e-09	168	-0.0433553	0.149081	0.987874	0.893389	0.891631	0.0348209	0.0630003	0.000821892	0.000364192	
5.16e-09	170	0.0269475	0.095884	0.995028	0.892703	0.887705	0.0460225	0.0513974	0.000619254	0.000499461	
5.22e-09	172	0.163139	-0.0474249	0.985463	0.881019	0.888734	0.0511366	0.0378501	0.000706784	0.000492598	
5.28e-09	174	-0.182695	-0.01675	0.983027	0.892286	0.886594	0.0534625	0.0541026	0.000915609	0.00107816	
5.34e-09	176	-0.0502176	0.00309527	0.998734	0.873389	0.884147	0.0571152	0.0493299	0.000878662	0.000812034	
5.4e-09	178	-0.0534514	-0.00478891	0.998559	0.883801	0.882496	0.0503686	0.0274193	0.00066998	0.000471903	
5.46e-09	180	0.118806	0.135312	0.983654	0.887091	0.883748	0.0458006	0.0334999	0.000942048	0.000544296	
5.52e-09	182	-0.0291371	-0.0481596	0.998415	0.878125	0.881209	0.0606541	0.076961	0.000956535	0.000670472	
5.58e-09	184	-0.0856269	-0.00638936	0.996307	0.88294	0.878158	0.0858495	0.0852943	0.0013554	0.000689895	
5.64e-09	186	0.0160089	0.0463992	0.998795	0.87957	0.878548	0.0701402	0.0529082	0.00131397	0.000861559	
5.7e-09	188	-0.00470573	-0.0379938	0.999267	0.869311	0.874744	0.0571757	0.0743022	0.00127194	0.000914579	
5.76e-09	190	0.156747	-0.112285	0.981235	0.87991	0.874841	0.0558891	0.0463909	0.000933048	0.000766701	
5.82e-09	192	-0.0213131	-0.00553021	0.999758	0.852386	0.871363	0.0356037	0.0394517	0.000910179	0.000826201	
5.88e-09	194	-0.106093	-0.00821794	0.994322	0.873524	0.87264	0.0567936	0.0806696	0.00166755	0.000856381	
5.94e-09	196	-0.089435	0.0113133	0.995928	0.863589	0.866509	0.0490926	0.0595995	0.000817116	0.000671556	
6e-09	198	0.0136073	-0.0254366	0.999584	0.871518	0.866541	0.0597567	0.0612604	0.000834372	0.000757261	
6.06e-09	200	0.108283	0.105065	0.988553	0.877677	0.870195	0.0388518	0.0571394	0.00113839	0.000901795	
6.12e-09	202	-0.1183	0.00807665	0.992945	0.851239	0.867263	0.0532108	0.0753661	0.00133861	0.000707916	
6.18e-09	204	0.0888353	-0.0643953	0.993963	0.862737	0.861348	0.0585188	0.050264	0.000971747	0.000955201	
6.24e-09	206	-0.0115	0.0547093	0.998436	0.865047	0.86417	0.0544755	0.0403508	0.000784908	0.000670494	
6.3e-09	208	0.0840109	0.0180456	0.996301	0.859004	0.860238	0.0582155	0.0273671	0.00111618	0.000832306	
6.36e-09	210	0.00621296	0.151305	0.988468	0.86199	0.858661	0.0601024	0.0836378	0.00193863	0.000812303	
6.42e-09	212	-0.00357215	-0.107766	0.99417	0.863925	0.854583	0.0580353	0.0680294	0.00184005	0.000912394	
6.48e-09	214	-0.00515922	-0.00870914	0.999949	0.852281	0.856631	0.0588845	0.0812206	0.00214955	0.000874198	
6.54e-09	216	-0.0825164	0.151913	0.984943	0.836613	0.851809	0.0438577	0.0625501	0.0026468	0.00147424	
6.6e-09	218	-0.0681498	-0.12029	0.990397	0.850647	0.853781	0.0409192	0.0497935	0.00169119	0.00116825	
6.66e-09	220	0.0688442	-0.0799916	0.994415	0.852058	0.85275	0.0556747	0.0902552	0.00186493	0.00112929	
6.72e-09	222	0.0595938	-0.26662	0.961958	0.849914	0.848693	0.0326379	0.0795068	0.00149233	0.00111116	
6.78e-09	224	0.0424825	-0.000780678	0.999097	0.843481	0.846693	0.0869818	0.0624274	0.00266948	0.00114045	
6.84e-09	226	-0.0629454	-0.00966284	0.99797	0.845307	0.846152	0.0507093	0.077061	0.00112855	0.000926799	
6.9e-09	228	0.0323142	-0.0538051	0.998028	0.850038	0.842358	0.0607741	0.0421911	0.00168768	0.0015416	
6.96e-09	230	-0.0346909	-0.0289496	0.998979	0.843626	0.843436	0.0712677	0.0697126	0.00235321	0.00121105	
7.02e-09	232	0.0314523	0.120465	0.992219	0.838282	0.838471	0.0548496	0.0845707	0.00142217	0.0010603	
7.08e-09	234	-0.0601511	-0.106804	0.992459	0.84525	0.839346	0.109792	0.0853992	0.00167266	0.00127783	
7.14e-09	236	-0.0606386	-0.0205865	0.997947	0.844212	0.838468	0.0358315	0.0581098	0.00101155	0.000697072	
7.2e-09	238	-0.169835	-0.00927339	0.985429	0.839387	0.834328	0.108994	0.0469177	0.00199983	0.00117735	
7.26e-09	240	0.0138027	-0.0682403	0.997573	0.837546	0.834316	0.0490947	0.0496235	0.00182969	0.00084674	
7.32e-09	242	0.0436022	0.0883507	0.995135	0.847621	0.835475	0.0310652	0.0662754	0.00211422	0.00130693	
7.38e-09	244	-0.1158	-0.0106827	0.993215	0.831651	0.83134	0.0916987	0.0525395	0.00281847	0.00104498	
7.44e-09	246	0.0112236	0.219447	0.97556	0.820623	0.826215	0.0756536	0.104677	0.00176284	0.000722444	
7.5e-09	248	0.0126464	-0.0268444	0.99956	0.823896	0.830692	0.0634812	0.0443741	0.00232991	0.00154697	
7.56e-09	250	-0.00202665	-0.169835	0.985471	0.832951	0.821622	0.0573753	0.0461262	0.00320397	0.00251522	
7.62e-09	252	-0.0990717	-0.149716	0.983753	0.827978	0.827723	0.0707307	0.102797	0.00305593	0.000892802	
7.68e-09	254	-0.0170266	-0.0720788	0.997254	0.830352	0.824295	0.0568122	0.0518614	0.00160982	0.00194355	
7.74e-09	256	-0.0965821	0.0754684	0.99246	0.819515	0.823992	0.066356	0.0483744	0.00199166	0.00154055	
7.8e-09	258	0.000323495	0.159652	0.987173	0.815487	0.82408	0.0402785	0.0914725	0.00117905	0.000815716	
7.86e-09	260	0.12606	0.01209	0.991949	0.826209	0.819257	0.0689487	0.0569001	0.00211288	0.0012707	
7.92e-09	262	0.194219	-0.137169	0.971321	0.759767	0.814154	0.0867769	0.0530409	0.00341168	0.00264414	
7.98e-09	264	0.123999	0.149039	0.981026	0.834738	0.813297	0.0378008	0.06497	0.0017143	0.0017671	
8.04e-09	266	0.282782	0.0217195	0.958938	0.813222	0.815039	0.0953896	0.0539992	0.00188308	0.00143251	
8.1e-09	268	-0.0846509	-0.0446199	0.995411	0.826237	0.812323	0.0928118	0.0792199	0.00404106	0.00264372	
8.16e-09	270	-0.0677357	0.0959499	0.993079	0.801548	0.810275	0.0703515	0.0300697	0.0015743	0.00142545	
8.22e-09	272	-0.129558	0.13245	0.982686	0.825721	0.811358	0.0740534	0.0618889	0.00381991	0.00166227	
8.28e-09	274	0.0670625	-0.157072	0.985308	0.815162	0.80882	0.0720799	0.0502395	0.0032251	0.00164576	
8.34e-09	276	0.119438	0.242962	0.962655	0.808303	0.80457	0.104017	0.0696637	0.00411715	0.00126724	
8.4e-09	278	-0.224496	0.112753	0.96793	0.815606	0.805461	0.0449655	0.0444336	0.00221967	0.00185554	
8.46e-09	280	-0.0266482	0.227168	0.973491	0.813325	0.804387	0.0458589	0.0522255	0.00183536	0.00204743	
8.52e-09	282	0.14948	-0.131268	0.980012	0.796166	0.79429	0.0631125	0.0516667	0.0019803	0.00150078	
8.58e-09	284	-0.229844	0.0950921	0.968571	0.771438	0.798711	0.0905435	0.0488312	0.00305722	0.00189532	
8.64e-09	286	-0.223636	-0.07132	0.97206	0.815639	0.797832	0.122362	0.0524487	0.00173231	0.00130686	
8.7e-09	288	0.0234115	-0.0755459	0.996867	0.808424	0.795807	0.0436755	0.0647565	0.00188155	0.00140539	
8.76e-09	290	0.225229	0.0187332	0.974126	0.800588	0.788803	0.0717416	0.0703311	0.00344335	0.00204744	
8.82e-09	292	0.0948353	-0.0479508	0.994337	0.759762	0.787775	0.0738244	0.0550413	0.00210716	0.00127486	
8.88e-09	294	0.01102	0.0851651	0.996306	0.781909	0.78912	0.0368915	0.0622576	0.00218376	0.00186055	
8.94e-09	296	-0.0749985	-0.236812	0.968657	0.762244	0.786455	0.0994476	0.0664944	0.00230069	0.00121054	
9e-09	298	-0.143405	0.214888	0.966053	0.783818	0.791125	0.0684985	0.0772899	0.00160968	0.00100386	
9.06e-09	300	-0.0343928	0.0071653	0.999383	0.790069	0.781507	0.0967831	0.0806447	0.0045082	0.00262375	
9.12e-09	302	0.0246638	-0.0910604	0.99554	0.791191	0.778988	0.0759082	0.0673023	0.00421197	0.00210522	
9.18e-09	304	0.00647874	-0.115281	0.993312	0.748926	0.77662	0.089474	0.0562671	0.00198839	0.00181221	
9.24e-09	306	0.116923	0.127612	0.984908	0.747979	0.776377	0.0935365	0.10367	0.00369202	0.00103329	
9.3e-09	308	-0.181744	-0.0416611	0.982463	0.731774	0.770942	0.0911182	0.0454417	0.00337971	0.00192359	
9.36e-09	310	0.140195	0.0980884	0.985253	0.788457	0.773322	0.0742247	0.0563611	0.00213488	0.0017776	
9.42e-09	312	-0.221661	0.0408434	0.974268	0.785451	0.775717	0.0950499	0.0665998	0.00464415	0.00145496	
9.48e-09	314	-0.162636	-0.0296193	0.986241	0.771312	0.771881	0.0683655	0.0778415	0.0020996	0.000889026	
9.54e-09	316	0.168334	-0.0638599	0.983659	0.775183	0.769463	0.0554247	0.0731161	0.00257182	0.00123761	
9.6e-09	318	-0.0316359	0.202277	0.978817	0.771652	0.766712	0.0858903	0.0751379	0.00942642	0.00412547	
9.66e-09	320	0.2268	0.0652723	0.971752	0.777022	0.761171	0.0948499	0.106129	0.00875911	0.00153898	
9.72e-09	322	-0.130314	0.117407	0.984497	0.760056	0.764869	0.106207	0.0622067	0.00589162	0.00164785	
9.78e-09	324	-0.0286424	0.118104	0.992588	0.785528	0.760399	0.0492373	0.056229	0.00286871	0.00195725	
9.84e-09	326	-0.0048046	-0.059443	0.99822	0.75894	0.756588	0.075976	0.0847571	0.00340742	0.00181859	
9.9e-09	328	0.00878764	0.0786786	0.996861	0.74556	0.755219	0.0825111	0.0755189	0.00671031	0.00483594	
9.96e-09	330	0.12227	0.013228	0.992409	0.767074	0.753353	0.0789349	0.0513739	0.00447056	0.00346179	
1.002e-08	332	-0.0818691	-0.136711	0.987222	0.744673	0.753538	0.110146	0.0821015	0.00822327	0.0029181	
1.008e-08	334	0.0713801	-0.0255026	0.997123	0.758159	0.756236	0.0758046	0.0561715	0.00346887	0.0023629	
1.014e-08	336	0.111915	0.0859877	0.98999	0.738169	0.746108	0.0810332	0.0524339	0.00402683	0.00274329	
1.02e-08	338	-0.236782	0.145032	0.960677	0.749119	0.753336	0.0752122	0.0795337	0.00317732	0.00169215	
1.026e-08	340	0.144676	0.0698595	0.98701	0.769663	0.745405	0.0806322	0.0505069	0.00261737	0.00290672	
1.032e-08	342	0.0095603	-0.0589468	0.998215	0.744554	0.748907	0.0860306	0.074508	0.00292126	0.00164444	
1.038e-08	344	-0.0872002	0.106117	0.990523	0.723826	0.742457	0.0810476	0.0829365	0.00869954	0.00455677	
1.044e-08	346	-0.102333	-0.0503781	0.993474	0.759613	0.739673	0.0632769	0.0432015	0.00522121	0.00253565	
1.05e-08	348	0.0233295	0.0682567	0.997395	0.743992	0.733503	0.0745167	0.0417658	0.00439926	0.00324063	
1.056e-08	350	0.17589	-0.173362	0.969025	0.769188	0.733044	0.104948	0.0597024	0.00537585	0.00358429	
1.062e-08	352	0.062127	-0.148342	0.986983	0.751903	0.739333	0.0708333	0.0778192	0.00436746	0.00164425	
1.068e-08	354	0.0459098	-0.124289	0.991183	0.730891	0.737887	0.0623636	0.0805086	0.0031881	0.00179876	
1.074e-08	356	0.0737112	-0.317232	0.945479	0.722667	0.735249	0.0893224	0.0814897	0.00329281	0.00144083	
1.08e-08	358	-0.141098	0.0478998	0.988836	0.739459	0.72628	0.0436073	0.0831991	0.00584347	0.00313466	
1.086e-08	360	0.102833	-0.263187	0.959249	0.693429	0.721014	0.0661774	0.0799397	0.00278898	0.00211039	
1.092e-08	362	0.0338194	0.00279237	0.999424	0.71845	0.725764	0.0904214	0.0426334	0.00350466	0.00259094	
1.098e-08	364	-0.0818948	-0.212392	0.973747	0.748459	0.718029	0.0680678	0.0772021	0.0054827	0.00261159	
1.104e-08	366	0.196017	-0.0295492	0.980155	0.723621	0.718906	0.07847	0.0465848	0.0028272	0.00182758	
1.11e-08	368	-0.276443	-0.143149	0.950309	0.720041	0.718894	0.084011	0.079476	0.00440596	0.00278779	
1.116e-08	370	-0.0960624	0.114619	0.988754	0.727752	0.723142	0.0359015	0.0773576	0.0034073	0.00181961	
1.122e-08	372	0.0326796	0.0619494	0.997544	0.695456	0.713213	0.0846404	0.127828	0.00949154	0.00296087	
1.128e-08	374	-0.0728473	0.187059	0.979644	0.74775	0.712804	0.129118	0.0622966	0.00580199	0.00180463	
1.134e-08	376	-0.0705096	0.0615732	0.995609	0.708219	0.7075	0.0797687	0.0524022	0.00486358	0.00350688	
1.14e-08	378	0.0582177	0.105043	0.992762	0.71076	0.703131	0.0685846	0.0571595	0.00658894	0.00323011	
1.146e-08	380	0.183785	-0.16685	0.968702	0.724962	0.699571	0.0606014	0.0551597	0.00563618	0.00482154	
1.152e-08	382	-0.15766	0.0752301	0.984624	0.718993	0.703632	0.0484933	0.0697752	0.00800721	0.00569534	
1.158e-08	384	-0.147501	-0.13263	0.980129	0.652922	0.701338	0.104469	0.0408714	0.0100917	0.00483311	
1.164e-08	386	0.115836	-0.238357	0.964245	0.716279	0.695489	0.136134	0.0836253	0.00555391	0.00221493	
1.17e-08	388	0.225073	0.0732275	0.971586	0.688802	0.695751	0.0750704	0.0613669	0.00895556	0.00331696	
1.176e-08	390	0.183404	-0.0120516	0.982964	0.703772	0.694032	0.0860222	0.0594991	0.00950705	0.00395076	
1.182e-08	392	-0.172313	-0.236109	0.956327	0.709365	0.687078	0.0457203	0.100796	0.0174953	0.0074928	
1.188e-08	394	0.304607	0.154921	0.939795	0.676112	0.688065	0.0724323	0.0572933	0.00744847	0.00423278	
1.194e-08	396	0.0462046	-0.0815796	0.995595	0.716093	0.683819	0.14916	0.0722605	0.00986675	0.00373226	
1.2e-08	398	0.0679914	0.24186	0.967926	0.637606	0.680777	0.102099	0.140738	0.0135326	0.00340552	
1.206e-08	400	0.386609	-0.362626	0.84796	0.681072	0.685525	0.0806393	0.0760208	0.00698352	0.00350731	
1.212e-08	402	-0.0435246	0.0377811	0.998338	0.661313	0.672326	0.0605379	0.0866968	0.00664863	0.00383886	
1.218e-08	404	-0.00968272	0.0988699	0.995053	0.676351	0.68327	0.0796113	0.0684754	0.00488963	0.00304695	
1.224e-08	406	-0.0116488	0.294024	0.955727	0.660807	0.677155	0.0492709	0.0606063	0.00575637	0.00370774	
1.23e-08	408	0.0907976	0.383695	0.918985	0.643028	0.669389	0.0629228	0.094053	0.00589208	0.00463655	
1.236e-08	410	0.0153475	0.116772	0.99304	0.710469	0.670026	0.084179	0.105277	0.0171317	0.00806921	
1.242e-08	412	-0.105453	0.240501	0.964904	0.662512	0.670945	0.0815846	0.0723502	0.00307566	0.00194121	
1.248e-08	414	0.0949618	-0.069258	0.993069	0.697135	0.671217	0.0472726	0.110829	0.00686961	0.00208426	
1.254e-08	416	-0.125748	0.0211697	0.991836	0.642478	0.659464	0.0779098	0.0807193	0.0079402	0.00491685	
1.26e-08	418	0.0738495	-0.0979295	0.99245	0.662917	0.659685	0.071013	0.083194	0.00846009	0.00699267	
1.266e-08	420	0.0786379	0.0656438	0.99474	0.681654	0.641728	0.0691329	0.0519034	0.0096088	0.0054198	
1.272e-08	422	0.121463	-0.123521	0.98488	0.678655	0.647943	0.113657	0.0547379	0.0117558	0.00502998	
1.278e-08	424	0.561694	0.25588	0.786781	0.568574	0.646892	0.141005	0.0772754	0.0121247	0.00394711	
1.284e-08	426	0.0251181	0.181911	0.982994	0.668151	0.654404	0.0770559	0.074499	0.00776302	0.00448444	
1.29e-08	428	0.169383	-0.291464	0.941466	0.663378	0.647719	0.0877746	0.116514	0.00956732	0.00478199	
1.296e-08	430	0.333916	-0.265579	0.904416	0.680297	0.637997	0.0677775	0.105567	0.0078508	0.00478672	
1.302e-08	432	-0.230639	-0.449305	0.863094	0.668711	0.642409	0.120883	0.0928706	0.00780838	0.00444645	
1.308e-08	434	-0.0135065	-0.159836	0.987051	0.637802	0.641447	0.127646	0.0796256	0.00897052	0.00418631	
1.314e-08	436	-0.119019	0.282297	0.951915	0.653416	0.646739	0.0587756	0.0627191	0.0043119	0.00227995	
1.32e-08	438	-0.12731	-0.180205	0.975355	0.629976	0.636077	0.157199	0.0949861	0.0111431	0.00352253	
1.326e-08	440	-0.201821	-0.128528	0.970953	0.608531	0.641176	0.0822768	0.0949481	0.0123137	0.00497854	
1.332e-08	442	0.0520467	0.0891337	0.994659	0.653191	0.629021	0.0673095	0.056043	0.0123877	0.00765339	
1.338e-08	444	-0.186172	0.299758	0.935674	0.515678	0.622035	0.108357	0.0728282	0.0129083	0.00928943	
1.344e-08	446	0.0874604	-0.0165847	0.99603	0.594359	0.626552	0.0765842	0.0826623	0.00982293	0.00642694	
1.35e-08	448	-0.0420725	0.0122971	0.999039	0.567777	0.630619	0.0885955	0.0793166	0.00443122	0.00287452	
1.356e-08	450	-0.377955	-0.344193	0.859466	0.586751	0.618853	0.0956384	0.0975991	0.00871521	0.00273339	
1.362e-08	452	-0.0718883	-0.266347	0.961193	0.603004	0.614972	0.0512785	0.0517065	0.00801477	0.00582702	
1.368e-08	454	-0.218215	-0.164624	0.961915	0.595466	0.622088	0.0682033	0.0602068	0.00608863	0.00241389	
1.374e-08	456	0.123238	-0.0235003	0.992099	0.597496	0.618061	0.0770858	0.124388	0.0138685	0.00706097	
1.38e-08	458	0.061216	0.139038	0.988393	0.596247	0.612153	0.113348	0.0512235	0.00973238	0.00314766	
1.386e-08	460	0.298909	0.369294	0.879929	0.591545	0.603919	0.0700266	0.0967917	0.00933937	0.00403114	
1.392e-08	462	0.0317706	-0.47071	0.881716	0.536338	0.590115	0.0696	0.0924426	0.0120182	0.00688931	
1.398e-08	464	0.21467	-0.0694682	0.974213	0.624793	0.5948	0.133392	0.0444198	0.00824381	0.00689083	
1.404e-08	466	-0.552773	0.318812	0.769936	0.592799	0.58894	0.112969	0.123939	0.0232377	0.00894456	
1.41e-08	468	-0.134316	0.15978	0.977972	0.624423	0.598821	0.064614	0.0925999	0.0122519	0.00497902	
1.416e-08	470	-0.0998417	0.197955	0.975113	0.558092	0.592888	0.130254	0.0659916	0.0129134	0.00552524	
1.422e-08	472	-0.0572699	0.423425	0.904119	0.587337	0.585581	0.0950104	0.106729	0.00779413	0.00435589	
1.428e-08	474	-0.146852	-0.179282	0.972776	0.557559	0.580757	0.0547761	0.0544591	0.0196411	0.00814155	
1.434e-08	476	0.142159	0.215131	0.966183	0.5699	0.581598	0.106445	0.101746	0.0166874	0.00651772	
1.44e-08	478	-0.189183	0.212342	0.958708	0.581934	0.585903	0.102398	0.13126	0.016672	0.00347488	
1.446e-08	480	-0.0225059	0.311614	0.949942	0.442984	0.565552	0.116508	0.0660896	0.0193415	0.00908086	
1.452e-08	482	0.0163526	-0.342734	0.93929	0.531652	0.538632	0.181376	0.120387	0.0645166	0.0209187	
1.458e-08	484	0.00328633	0.00737321	0.999967	0.603228	0.570905	0.120484	0.114764	0.0354879	0.00871535	
1.464e-08	486	-0.328658	0.242712	-0.912729	0.61401	0.568167	0.17624	0.116376	0.0357569	0.00923002	
1.47e-08	488	-0.631012	-0.0926973	-0.770215	0.45217	0.555993	0.0612033	0.0892236	0.029907	0.0111688	
1.476e-08	490	-0.415016	0.323467	-0.850371	0.564074	0.556327	0.110666	0.0674316	0.0133161	0.00699477	
1.482e-08	492	0.192139	0.138001	-0.971616	0.513079	0.557793	0.114805	0.0620529	0.015321	0.00491623	
1.488e-08	494	0.282685	-0.254338	-0.924879	0.561341	0.557439	0.108072	0.0923705	0.0128453	0.00473026	
1.494e-08	496	0.0550484	-0.226768	-0.972392	0.509851	0.547281	0.0994634	0.0663603	0.0178165	0.0125441	
1.5e-08	498	0.00365669	0.426902	-0.904291	0.528487	0.530927	0.106931	0.106344	0.0251011	0.0114333	
1.506e-08	500	0.0657433	0.675819	0.73413	0.555636	0.534076	0.114747	0.0879438	0.0250976	0.0109968	
1.512e-08	502	-0.379964	-0.263933	0.886548	0.524185	0.531038	0.132387	0.0765344	0.0285594	0.00942144	
1.518e-08	504	-0.197301	0.519435	-0.83142	0.550163	0.531909	0.0597844	0.118684	0.0339659	0.0136439	
1.524e-08	506	-0.0530769	0.00893862	-0.99855	0.540059	0.525595	0.117923	0.0817071	0.0267387	0.0070709	
1.53e-08	508	0.0976515	-0.200601	-0.974794	0.505592	0.529898	0.0769388	0.0691116	0.0121257	0.00566656	
1.536e-08	510	0.528581	0.283319	-0.800208	0.56019	0.519042	0.0941645	0.0683849	0.0350882	0.0115223	
1.542e-08	512	-0.327991	0.132877	-0.935289	0.510115	0.507193	0.0681824	0.129385	0.0375584	0.0160688	
1.548e-08	514	-0.474501	0.127295	-0.871002	0.550217	0.510975	0.0869411	0.0729319	0.0138078	0.00785252	
1.554e-08	516	0.286529	-0.309275	-0.90678	0.56196	0.518797	0.136581	0.102839	0.0190029	0.0115626	
1.56e-08	518	0.247713	0.370398	-0.895234	0.548848	0.504218	0.150202	0.0626625	0.0382629	0.00969197	
1.566e-08	520	0.674816	-0.638217	-0.370543	0.536607	0.472207	0.210366	0.101043	0.448098	0.0259059	
1.572e-08	522	0.149267	0.115278	-0.982054	0.549722	0.501648	0.0983736	0.0985102	0.0302361	0.00820963	
1.578e-08	524	-0.313364	0.495277	0.810249	0.472661	0.448082	0.137624	0.153873	0.34055	0.0230695	
1.584e-08	526	-0.0543602	-0.12116	-0.991143	0.470606	0.483014	0.131569	0.0942843	0.0241451	0.012248	
1.59e-08	528	0.0510761	0.682156	0.729421	0.492492	0.459032	0.120566	0.0827625	0.645773	0.046486	
1.596e-08	530	-0.400673	-0.188607	-0.896599	0.442709	0.459517	0.128365	0.103312	0.075966	0.0178842	
1.602e-08	532	0.586532	-0.126934	-0.799917	0.33457	0.463173	0.0694047	0.172135	0.0416188	0.0131617	
1.608e-08	534	-0.11876	0.110835	-0.986718	0.521159	0.473607	0.114863	0.123045	0.317071	0.0109056	
1.614e-08	536	0.213604	-0.182293	0.959762	0.526282	0.416196	0.15433	0.195783	0.335235	0.0354941	
1.62e-08	538	0.496626	-0.115541	0.86024	0.430045	0.466331	0.130834	0.157899	0.152527	0.0119876	
1.626e-08	540	0.133557	-0.206782	0.969228	0.477008	0.456647	0.112385	0.072913	0.121995	0.0180963	
1.632e-08	542	-0.287085	-0.34169	-0.894891	0.452965	0.456069	0.0927743	0.119594	0.0539837	0.0148866	
1.638e-08	544	0.498199	-0.339995	0.797622	0.459513	0.435874	0.0755344	0.0497626	0.507435	0.0340326	
1.644e-08	546	0.295723	0.946773	-0.127156	0.431625	0.438496	0.0930893	0.0913186	0.0531271	0.0156475	
1.65e-08	548	-0.57003	0.662695	-0.485697	0.468326	0.441878	0.148043	0.178529	0.352543	0.0214431	
1.656e-08	550	0.717521	-0.0757142	-0.69241	0.35365	0.431119	0.078168	0.105495	0.589936	0.0156115	
1.662e-08	552	-0.172014	-0.520656	0.836259	0.272797	0.413981	0.105247	0.106388	0.0625313	0.0351114	
1.668e-08	554	0.258992	0.666926	-0.698665	0.300912	0.402058	0.0697471	0.101798	0.290303	0.0125959	
1.674e-08	556	0.407526	-0.698681	-0.58802	0.453181	0.405584	0.0829478	0.0917212	0.157472	0.023406	
1.68e-08	558	-0.780027	0.490363	0.388718	0.392891	0.383501	0.0909445	0.0808871	0.463817	0.035676	
1.686e-08	560	-0.285669	-0.597628	-0.749156	0.407862	0.41346	0.0696052	0.11921	0.0478658	0.0182832	
1.692e-08	562	-0.30916	-0.0367782	0.950298	0.391137	0.384584	0.118385	0.113041	0.322078	0.0148765	
1.698e-08	564	-0.650401	-0.369824	-0.663483	0.395538	0.401094	0.0943775	0.094318	0.0269349	0.0102916	
1.704e-08	566	-0.303277	0.314456	0.899522	0.362106	0.397464	0.149761	0.0971639	0.263322	0.0183664	
1.71e-08	568	-0.203868	-0.448587	0.870177	0.332674	0.362059	0.0919531	0.0646211	0.333585	0.0348539	
1.716e-08	570	-0.572932	0.764407	-0.295688	0.169775	0.356518	0.106474	0.162776	0.274347	0.0329905	
1.722e-08	572	-0.584755	0.416367	0.696204	0.386679	0.355291	0.105184	0.0518678	0.179381	0.0255831	
1.728e-08	574	-0.041074	-0.361832	-0.931338	0.432245	0.359634	0.0747716	0.133423	0.326395	0.024115	
1.734e-08	576	-0.187905	-0.117059	-0.975187	0.46707	0.331325	0.0488515	0.0811869	0.128171	0.0213708	
1.74e-08	578	0.498709	-0.115769	-0.859003	0.194799	0.32411	0.0919757	0.079083	0.285269	0.0497029	
1.746e-08	580	0.0866871	0.300419	-0.94986	0.412393	0.364402	0.0660347	0.0848219	0.390726	0.0204616	
1.752e-08	582	-0.128631	-0.506464	0.852612	0.32424	0.378525	0.0665286	0.0698451	0.0818205	0.0122466	
1.758e-08	584	-0.14319	-0.303313	0.942071	0.176326	0.352369	0.0954621	0.0993375	0.284008	0.0227414	
1.764e-08	586	-0.272833	-0.313735	0.909468	0.372255	0.32804	0.0845279	0.137916	0.213913	0.021381	
1.77e-08	588	-0.254667	0.696959	-0.670368	0.338015	0.291415	0.0534727	0.0952074	0.174664	0.023391	
1.776e-08	590	-0.0408336	0.787158	0.615398	0.298034	0.300767	0.11259	0.106624	0.164413	0.0351984	
1.782e-08	592	0.561285	0.133805	0.816735	0.284414	0.316015	0.078297	0.079583	0.223813	0.0217369	
1.788e-08	594	0.582905	0.654799	0.481103	0.275781	0.314418	0.0959415	0.0876224	0.18837	0.0221353	
1.794e-08	596	0.225424	-0.0403277	-0.973426	0.383875	0.290946	0.0854566	0.0876525	0.176936	0.0281151	
1.8e-08	598	0.124123	0.646773	-0.752515	0.157954	0.296323	0.0897601	0.0723634	0.138486	0.0259788	
1.806e-08	600	0.130412	0.209445	0.969085	0.278958	0.252916	0.071148	0.0679839	0.11301	0.0172237	
1.812e-08	602	-0.0664286	0.917442	0.392284	0.360081	0.306714	0.0923869	0.131602	0.156193	0.015997	
1.818e-08	604	-0.58898	0.130487	0.797543	0.33515	0.282684	0.0617583	0.123948	0.115447	0.0269527	
1.824e-08	606	0.713082	0.235408	-0.660376	0.24113	0.314255	0.0863022	0.0671679	0.229514	0.0140926	
1.83e-08	608	-0.763678	0.345247	-0.545528	0.277291	0.26593	0.0559659	0.0706444	0.137557	0.0277748	
1.836e-08	610	-0.0771905	0.651639	0.754591	0.328449	0.269866	0.0822052	0.0731706	0.0821769	0.0225864	
1.842e-08	612	-0.15773	-0.970956	0.179903	0.263661	0.27168	0.0562674	0.0609663	0.132613	0.0171961	
1.848e-08	614	0.533298	-0.279585	0.798389	0.304996	0.274603	0.0790071	0.0799886	0.147123	0.0210933	
1.854e-08	616	-0.301334	0.578239	-0.75818	0.262294	0.261387	0.0945686	0.0654796	0.120801	0.0260103	
1.86e-08	618	0.987204	0.101364	-0.123099	0.157676	0.242445	0.0703069	0.0590635	0.106798	0.0170322	
1.866e-08	620	-0.719927	-0.530382	0.44766	0.167139	0.244757	0.0657229	0.0445948	0.133012	0.0283596	
1.872e-08	622	0.51817	-0.0825222	0.851287	0.262703	0.260078	0.0838433	0.0722055	0.100125	0.0168049	
1.878e-08	624	0.330667	-0.100626	-0.938368	0.315511	0.206155	0.0349678	0.0584683	0.0841387	0.0193224	
1.884e-08	626	0.620359	0.783258	-0.0407507	0.214182	0.216632	0.0686678	0.0465945	0.0728966	0.0195316	
1.89e-08	628	0.927369	-0.0838413	-0.364634	0.190058	0.219986	0.0480671	0.0484793	0.105686	0.0245507	
1.896e-08	630	-0.136672	-0.346392	0.92808	0.334523	0.247715	0.0951137	0.0403161	0.107328	0.0184943	
1.902e-08	632	-0.793238	-0.60856	0.0206912	0.20096	0.205595	0.038153	0.0513958	0.057084	0.00879591	
1.908e-08	634	0.470233	-0.283962	-0.835611	0.225636	0.218415	0.029879	0.0544159	0.10302	0.0213138	
1.914e-08	636	-0.126796	-0.911426	-0.391441	0.221557	0.228197	0.0492731	0.0667622	0.0878161	0.0199325	
1.92e-08	638	-0.397626	-0.519482	0.756328	0.326885	0.213768	0.0509415	0.0698479	0.0663789	0.0238392	
1.926e-08	640	-0.416092	0.870866	0.261649	0.331324	0.19717	0.0434491	0.0444684	0.0657099	0.0173917	
1.932e-08	642	0.0901546	-0.663923	-0.742346	0.254659	0.189255	0.0401068	0.0448775	0.0614655	0.0286234	
1.938e-08	644	-0.0200864	-0.927417	-0.373489	0.204947	0.181922	0.0432457	0.0262202	0.0644076	0.0175315	
1.944e-08	646	0.521596	-0.140694	-0.841512	0.0865701	0.169943	0.021752	0.0457196	0.047815	0.0108287	
1.95e-08	648	-0.454949	0.188594	0.870318	0.268133	0.185514	0.0405841	0.0405904	0.0520152	0.0155562	
1.956e-08	650	0.522412	-0.850731	-0.0578107	0.144917	0.179361	0.0386511	0.0348116	0.0511696	0.0137758	
1.962e-08	652	-0.72937	-0.634016	-0.256989	0.0802466	0.167812	0.026823	0.0358408	0.0507801	0.0164333	
1.968e-08	654	0.37912	-0.320308	-0.868142	0.142539	0.18063	0.0291374	0.046	0.0495179	0.0123859	
1.974e-08	656	0.447167	0.43798	0.779882	0.158103	0.1797	0.0283359	0.0493864	0.0469066	0.0119759	
1.98e-08	658	-0.746271	0.662149	-0.0681026	0.11473	0.168371	0.0374744	0.030482	0.0515833	0.0191505	
1.986e-08	660	0.405819	-0.453387	-0.793569	0.163145	0.168439	0.0349842	0.0273258	0.0475845	0.00938659	
1.992e-08	662	-0.316453	0.933856	-0.166643	0.20704	0.140829	0.022326	0.0320813	0.0243837	0.00914241	
1.998e-08	664	-0.225305	-0.55645	0.79975	0.34056	0.169836	0.036266	0.0350551	0.0364682	0.0136975	
2.004e-08	666	0.563051	0.753289	0.339896	0.0672892	0.125899	0.0152274	0.020066	0.0330101	0.0138847	
2.01e-08	668	-0.0152006	0.829411	-0.558432	0.0448991	0.142889	0.0206039	0.025047	0.0378788	0.0129886	
2.016e-08	670	0.582646	-0.218918	0.782687	0.119222	0.145655	0.027481	0.0250051	0.0343316	0.0160933	
2.022e-08	672	-0.585729	-0.809679	0.0366266	0.103551	0.133559	0.0185821	0.0280704	0.0257534	0.0131718	
2.028e-08	674	0.252317	0.432124	0.865797	0.20962	0.162221	0.0194575	0.0386788	0.041449	0.00958253	
2.034e-08	676	0.922029	-0.360219	0.141794	0.160496	0.153345	0.0297054	0.0203533	0.0377921	0.0136464	
2.04e-08	678	0.861195	-0.0243671	0.507691	0.116143	0.148553	0.0146369	0.0230881	0.0512703	0.0148682	
2.046e-08	680	0.683171	-0.693201	-0.229673	0.0872407	0.15024	0.0326613	0.0211673	0.0354183	0.0132828	
2.052e-08	682	-0.555367	0.826345	0.0933874	0.244678	0.158148	0.0336307	0.032345	0.0274357	0.0117857	
2.058e-08	684	0.376078	-0.658809	0.651564	0.183677	0.152543	0.0249338	0.0382358	0.0229813	0.00806637	
2.064e-08	686	-0.270576	0.400556	-0.87541	0.0679843	0.149205	0.0271057	0.0235534	0.0294237	0.0116133	
2.07e-08	688	-0.641816	-0.659288	0.391678	0.110032	0.133663	0.0223669	0.0206253	0.0249448	0.00828715	
2.076e-08	690	0.00353654	0.295343	-0.955385	0.141084	0.120149	0.0164708	0.0150933	0.0225791	0.00729751	
2.082e-08	692	0.447101	0.573609	0.686348	0.030586	0.127983	0.0172898	0.0193623	0.0241064	0.00869462	
2.088e-08	694	-0.738532	-0.134972	0.66057	0.107714	0.137359	0.0282932	0.0214136	0.0246708	0.0121907	
2.094e-08	696	0.35186	-0.612778	0.7076	0.180977	0.132518	0.0185989	0.0234509	0.0242361	0.00996803	
2.1e-08	698	0.267741	0.963354	0.0162304	0.201479	0.116521	0.0191812	0.0204397	0.0119083	0.00820027	
2.106e-08	700	-0.79945	-0.600584	0.013355	0.158933	0.123016	0.0118537	0.0171468	0.0265028	0.00543916	
2.112e-08	702	0.171091	0.86877	0.464722	0.0332721	0.116443	0.016788	0.016713	0.0180543	0.00731185	
2.118e-08	704	-0.543769	-0.0756607	-0.835817	0.056194	0.11214	0.0134783	0.0229167	0.0144911	0.0091019	
2.124e-08	706	0.707324	0.694899	0.129646	0.0854912	0.111907	0.0134392	0.0184683	0.015467	0.00602354	
2.13e-08	708	0.844369	0.451124	-0.289012	0.0879719	0.114679	0.015045	0.0172384	0.0149283	0.00578024	
2.136e-08	710	0.103071	-0.504266	0.857375	0.138136	0.128122	0.0195129	0.026932	0.0147708	0.00786406	
2.142e-08	712	-0.538863	-0.306093	-0.784814	0.0647027	0.122958	0.0241874	0.0143905	0.0150388	0.00531444	
2.148e-08	714	0.022007	0.561487	-0.827193	0.0220848	0.108773	0.0174783	0.0121406	0.0148952	0.00634528	
2.154e-08	716	0.111908	0.0441312	-0.992738	0.103375	0.111748	0.0192661	0.0140069	0.0137193	0.0064105	
2.16e-08	718	0.0314656	0.918243	0.394766	0.0970623	0.110902	0.0115937	0.0110298	0.0244103	0.00822815	
2.166e-08	720	0.874723	0.0588675	0.481035	0.110638	0.106113	0.0135373	0.0208641	0.00939929	0.00720798	
2.172e-08	722	-0.711836	0.491821	0.501399	0.0742835	0.118149	0.0139522	0.0130921	0.0235176	0.00607212	
2.178e-08	724	-0.407234	0.114014	0.90618	0.0871233	0.0989318	0.0131339	0.0102031	0.0121191	0.00477262	
2.184e-08	726	-0.336172	-0.208019	-0.91854	0.0755383	0.111015	0.0162633	0.0181491	0.0135132	0.00993619	
2.19e-08	728	-0.870016	0.0878396	0.485136	0.149131	0.111188	0.0134699	0.0177604	0.0119023	0.00518511	
2.196e-08	730	0.68403	0.63052	0.366808	0.160287	0.120412	0.0187865	0.0130065	0.0194774	0.00804553	
2.202e-08	732	-0.339658	-0.195625	-0.91998	0.137816	0.0864998	0.00567588	0.00892997	0.0121625	0.00411938	
2.208e-08	734	0.761253	-0.0544385	-0.646166	0.068769	0.0957736	0.0106313	0.00715347	0.0163075	0.00486919	
2.214e-08	736	0.0180387	-0.93459	0.35527	0.11781	0.107719	0.0180317	0.0114267	0.0135379	0.00649291	
2.22e-08	738	0.981843	0.0191966	-0.188721	0.100353	0.0944714	0.0131354	0.0128097	0.00956455	0.00773725	
2.226e-08	740	-0.75932	-0.561801	0.328349	0.2673	0.111426	0.0158386	0.0157951	0.0149329	0.00911948	
2.232e-08	742	-0.892686	0.432961	-0.125124	0.130191	0.0985963	0.0115486	0.00751442	0.014406	0.00477921	
2.238e-08	744	-0.466221	0.850989	-0.241777	0.0640774	0.0968213	0.0132185	0.0126656	0.00860383	0.00508232	
2.244e-08	746	0.283467	0.63843	0.715579	0.0410026	0.0996796	0.0171577	0.00733823	0.0119679	0.00552604	
2.25e-08	748	0.608964	0.236979	-0.75697	0.121711	0.0834239	0.0066988	0.00924717	0.00991882	0.00506899	
2.256e-08	750	-0.360672	-0.23022	0.903833	0.107551	0.102612	0.0107801	0.00978575	0.0171221	0.00536252	
2.262e-08	752	-0.462928	0.0416536	0.885417	0.157417	0.0992925	0.0133409	0.00824098	0.0128921	0.00406384	
2.268e-08	754	-0.512494	-0.60169	-0.612633	0.0831991	0.100368	0.00912204	0.0128898	0.0138818	0.00496766	
2.274e-08	756	0.321839	-0.849964	0.417111	0.0810974	0.102598	0.0115846	0.00950459	0.0124008	0.00467415	
2.28e-08	758	0.793422	-0.557882	0.24341	0.0554884	0.0863291	0.00865532	0.00844301	0.00824516	0.00377497	
2.286e-08	760	-0.256001	-0.380525	0.88863	0.112181	0.088038	0.00823815	0.00674639	0.0134216	0.00470771	
2.292e-08	762	0.671777	-0.714398	-0.195836	0.0631514	0.0820543	0.00611525	0.0121444	0.0052934	0.00440589	
2.298e-08	764	-0.711729	-0.676533	-0.189064	0.115343	0.0877487	0.0101791	0.00888656	0.0068203	0.00269709	
2.304e-08	766	-0.807379	-0.29137	-0.513071	0.0668577	0.0902844	0.00769925	0.00875458	0.0108327	0.00333717	
2.31e-08	768	-0.64878	0.0656604	-0.758138	0.0916911	0.0829169	0.00914077	0.00809373	0.00659354	0.00326797	
2.316e-08	770	-0.28111	0.136295	0.949948	0.0252522	0.0826594	0.0128321	0.00478185	0.00544983	0.00296457	
2.322e-08	772	0.673792	-0.738217	-0.0322586	0.0385722	0.0938282	0.00929393	0.0131974	0.00832749	0.00473499	
2.328e-08	774	0.664299	0.611597	0.429716	0.0583776	0.087843	0.0106664	0.00648982	0.0103243	0.0043215	
2.334e-08	776	-0.374317	-0.551615	-0.745391	0.105249	0.0739843	0.00491687	0.00786141	0.00584248	0.00214807	
2.34e-08	778	0.647384	0.0505034	0.760489	0.10768	0.091733	0.009416	0.0104067	0.0101797	0.00476836	
2.346e-08	780	0.998657	-0.0390323	0.0340752	0.0455037	0.0730443	0.00818366	0.00462517	0.00636495	0.00326581	
2.352e-08	782	-0.749449	0.299828	0.590279	0.0842931	0.0791172	0.00793923	0.00479887	0.00639558	0.00239278	
2.358e-08	784	-0.518247	0.836933	0.175965	0.0526233	0.0961625	0.00983495	0.0128404	0.010256	0.00581207	
2.364e-08	786	0.807405	0.0935943	-0.582526	0.0359394	0.0872418	0.00536013	0.00956076	0.0106081	0.00379666	
2.37e-08	788	0.278587	-0.588287	0.75915	0.107829	0.0871313	0.00829172	0.0073865	0.00922885	0.00395316	
2.376e-08	790	-0.866367	-0.49557	-0.0617916	0.095984	0.0738797	0.00603217	0.00818732	0.00428705	0.00256945	
2.382e-08	792	-0.402238	0.36562	0.839361	0.0525497	0.0854035	0.00770774	0.00539948	0.0101806	0.00272189	
2.388e-08	794	-0.1949	-0.979638	0.048194	0.122494	0.100039	0.0105086	0.0088476	0.0130368	0.0029122	
2.394e-08	796	-0.532496	0.840863	0.0969436	0.185351	0.0959895	0.0149798	0.0126313	0.00335186	0.00416024	
2.4e-08	798	0.415369	-0.887229	0.200731	0.109925	0.0742856	0.00373613	0.0066516	0.00892992	0.00363843	
2.406e-08	800	0.751426	-0.347733	0.560751	0.0835349	0.071976	0.00602364	0.00562386	0.00479831	0.00148811	
2.412e-08	802	-0.834238	0.550179	-0.0367586	0.0819976	0.0825938	0.00988781	0.00652626	0.00568759	0.00305076	
2.418e-08	804	-0.578088	0.760643	0.295358	0.0487897	0.0761152	0.0055579	0.00539646	0.00538542	0.00281638	
2.424e-08	806	0.142654	-0.965333	-0.218592	0.0980241	0.0732218	0.0085724	0.00473816	0.00527445	0.00325691	
2.43e-08	808	0.0475607	0.64586	0.761973	0.0716936	0.0935953	0.00690786	0.0123752	0.00928203	0.00395412	
2.436e-08	810	0.463195	0.546598	0.697625	0.0512143	0.0781719	0.00510365	0.00992667	0.00558824	0.00344718	
2.442e-08	812	0.954185	-0.11661	0.275559	0.0158483	0.0712763	0.00574385	0.00587017	0.00445763	0.00185541	
2.448e-08	814	0.310277	-0.0394267	-0.949828	0.0572663	0.0793528	0.00418634	0.00707469	0.00890132	0.00280647	
2.454e-08	816	0.353686	-0.826776	0.437432	0.128908	0.080007	0.00363671	0.00915226	0.00835143	0.00317106	
2.46e-08	818	0.660521	0.0406387	0.749707	0.0424318	0.0711873	0.00581072	0.00512259	0.0059872	0.00267963	
2.466e-08	820	-0.410887	0.893486	0.181256	0.0973818	0.0887895	0.00576464	0.0127606	0.00794079	0.00428725	
2.472e-08	822	0.366615	0.910923	0.189243	0.0758783	0.0788462	0.00820959	0.00669169	0.0057724	0.00344246	
2.478e-08	824	0.389284	-0.815036	-0.429156	0.0230435	0.0737302	0.00248607	0.0067055	0.00882035	0.00291304	
2.484e-08	826	0.228571	-0.972744	-0.0390302	0.0343572	0.0755797	0.00592141	0.00504485	0.00721799	0.00228396	
2.49e-08	828	0.61476	-0.777285	0.133789	0.0666151	0.0840147	0.00409899	0.00724957	0.00985721	0.00297822	
2.496e-08	830	-0.59979	0.51853	-0.609409	0.0582565	0.0775012	0.00571973	0.00629675	0.00738978	0.00265662	
2.502e-08	832	-0.563822	-0.496785	0.65978	0.138706	0.0785193	0.00585304	0.00712217	0.00652566	0.00285149	
2.508e-08	834	-0.69513	0.464417	-0.548737	0.0833635	0.084829	0.0070321	0.00701462	0.00743073	0.00228068	
2.514e-08	836	-0.141394	-0.235851	-0.961448	0.112998	0.0773445	0.0041163	0.0080374	0.00684677	0.00268438	
2.52e-08	838	-0.920592	-0.0836305	0.381466	0.0609159	0.0741246	0.00658053	0.00542283	0.00519933	0.00233961	
2.526e-08	840	0.572863	0.601508	0.55679	0.0779167	0.0709133	0.00569729	0.00442594	0.0051481	0.00157414	
2.532e-08	842	0.4634	-0.75383	0.465834	0.0458377	0.0756184	0.00471669	0.00805986	0.00520071	0.00220754	
2.538e-08	844	-0.83993	0.356199	-0.409439	0.0446329	0.0708297	0.00684612	0.00450831	0.00595131	0.00350861	
2.544e-08	846	-0.116499	0.521215	0.845436	0.0949912	0.0620942	0.00395851	0.00476918	0.00396423	0.00220747	
2.55e-08	848	-0.706377	0.0566865	-0.705562	0.0456441	0.0689805	0.00416362	0.00499081	0.00582348	0.0023994	
2.556e-08	850	0.830817	0.547073	-0.102241	0.0571314	0.0715319	0.00577187	0.00469684	0.00391596	0.00191737	
2.562e-08	852	-0.520567	0.816116	-0.25093	0.0365919	0.0633	0.00417126	0.00478541	0.00364063	0.00242344	
2.568e-08	854	0.0715932	-0.122304	0.989907	0.0613003	0.0748812	0.0069963	0.00562016	0.00527849	0.00258378	
2.574e-08	856	0.812964	-0.537413	0.224226	0.0787132	0.0781389	0.00803673	0.00724856	0.00411834	0.00298667	
2.58e-08	858	-0.212153	0.701591	-0.680266	0.0347233	0.0744186	0.00806642	0.00617345	0.00360336	0.0032131	
2.586e-08	860	-0.275041	-0.768566	0.577632	0.0821097	0.0709182	0.0030992	0.00607554	0.00619601	0.002962	
2.592e-08	862	-0.637696	0.485739	0.59783	0.0312639	0.0586661	0.00379107	0.00310758	0.00362148	0.00140242	
2.598e-08	864	0.813782	0.438085	0.381889	0.0891928	0.0647479	0.00433764	0.00414813	0.00420668	0.00188029	
2.604e-08	866	-0.158366	0.342283	-0.926155	0.0498363	0.0663266	0.00346244	0.00406687	0.00582065	0.00191105	
2.61e-08	868	0.555207	0.628146	-0.54514	0.0550659	0.0671614	0.00389554	0.00537333	0.00475453	0.00212466	
2.616e-08	870	0.533523	-0.719009	-0.445398	0.0675591	0.0638965	0.00395996	0.00368319	0.00495673	0.00163964	
2.622e-08	872	0.517611	0.817894	0.251255	0.0280205	0.0767944	0.00412851	0.00627785	0.00747997	0.002698	
2.628e-08	874	-0.0879454	-0.412385	0.906755	0.099809	0.0707574	0.00478668	0.00539153	0.00472142	0.00175541	
2.634e-08	876	0.582487	0.615897	-0.530452	0.110289	0.0716464	0.0055344	0.00519716	0.00545107	0.00274594	
2.64e-08	878	0.762649	0.580086	0.286123	0.0198213	0.0730657	0.00839191	0.0037785	0.00390717	0.00191919	
2.646e-08	880	-0.985908	0.0536745	0.158445	0.0573201	0.0624466	0.00393876	0.00446313	0.00340585	0.00249779	
2.652e-08	882	-0.755041	-0.0421112	-0.654324	0.115564	0.0676957	0.00609541	0.00267736	0.00521447	0.0020872	
2.658e-08	884	-0.647184	0.00976293	-0.762271	0.0346963	0.0601986	0.00415597	0.00408426	0.00311012	0.00190408	
2.664e-08	886	0.2482	-0.967554	0.0472764	0.0706723	0.0630314	0.00472256	0.00347796	0.00339303	0.00137921	
2.67e-08	888	0.199564	-0.551885	-0.809689	0.0152717	0.0650326	0.00321057	0.00418446	0.00603985	0.00236162	
2.676e-08	890	0.026454	0.605004	0.795783	0.0515196	0.0613018	0.00463791	0.00345911	0.00274168	0.00131155	
2.682e-08	892	-0.452162	0.888127	-0.082336	0.11233	0.0676869	0.00445712	0.00473965	0.00462811	0.0019048	
2.688e-08	894	-0.584176	-0.669555	0.458731	0.0367899	0.0694191	0.0037155	0.00523683	0.00477247	0.00191938	
2.694e-08	896	0.139261	-0.978243	0.153773	0.113583	0.0690929	0.00530364	0.00508709	0.00367262	0.00173508	
2.7e-08	898	0.288571	-0.243942	0.925861	0.0629578	0.0655758	0.00572362	0.00353819	0.00321408	0.00147007	
2.706e-08	900	-0.212471	-0.951662	0.221802	0.129917	0.0629414	0.00358409	0.00628503	0.00257202	0.00237353	
