#----------------------------------------------------------------------------------------------------------------------------------------------------------
# Output file for vampire simulation
#   time       : 2024-08-29 04:53:21     process id : 3556857
#   hostname   : node116.viking2.yor.alces.network
#   path       : /users/ky883/parameter/WS_dia5/AI_Dataset/size_3.0_3.0_9.0/Temp_900/random_1
#----------------------------------------------------------------------------------------------------------------------------------------------------------
6e-11	0	0.0126878	0.0178699	0.99976	0.999935	0.999914	0	0	0	0	
1.2e-10	2	0.00112357	-0.0065325	0.999978	0.998858	0.998872	0.105869	0.0646666	2.92211e-06	3.57902e-06	
1.8e-10	4	0.000277332	-0.00146942	0.999999	0.99779	0.997725	0.056943	0.028247	7.51082e-06	5.77207e-06	
2.4e-10	6	0.0032565	-0.0153952	0.999876	0.996387	0.996608	0.0652199	0.0979936	1.94314e-05	1.11972e-05	
3e-10	8	0.0323815	0.00232769	0.999473	0.995415	0.995488	0.0904791	0.0273265	2.7292e-05	1.72065e-05	
3.6e-10	10	0.0102143	0.00235536	0.999945	0.994591	0.994295	0.0540425	0.0236292	3.71763e-05	3.59235e-05	
4.2e-10	12	-0.000933683	-0.00132782	0.999999	0.993349	0.993168	0.0264008	0.0592229	3.65443e-05	3.05705e-05	
4.8e-10	14	-0.00664522	-0.0232426	0.999708	0.992089	0.992033	0.0461929	0.0363151	4.96666e-05	3.75317e-05	
5.4e-10	16	0.000544414	-0.0219326	0.999759	0.991016	0.990834	0.0441963	0.0590355	5.41519e-05	5.5607e-05	
6e-10	18	0.0207184	-0.0118388	0.999715	0.9894	0.989651	0.0522521	0.0515274	5.05117e-05	4.30436e-05	
6.6e-10	20	0.0112134	-0.019805	0.999741	0.988697	0.988578	0.0381706	0.0648155	6.93601e-05	6.23469e-05	
7.2e-10	22	-0.000281079	-0.000553456	1	0.987932	0.987324	0.0318013	0.0422413	6.60756e-05	5.93093e-05	
7.8e-10	24	0.0123803	-0.0103048	0.99987	0.986709	0.986292	0.0421662	0.0415304	5.05014e-05	4.78253e-05	
8.4e-10	26	0.0159809	-0.0306466	0.999403	0.985439	0.984943	0.0569166	0.0727344	0.000115874	6.40728e-05	
9e-10	28	0.039209	0.0244203	0.998933	0.983697	0.983876	0.050711	0.0422916	3.44541e-05	2.86094e-05	
9.6e-10	30	-0.0121427	0.0117853	0.999857	0.981797	0.982678	0.0450781	0.0367334	6.06462e-05	5.43506e-05	
1.02e-09	32	-0.00566322	-0.0213183	0.999757	0.982235	0.98166	0.0586069	0.0763043	0.000112054	7.36059e-05	
1.08e-09	34	-0.00678622	-0.0109964	0.999917	0.980411	0.980414	0.0350731	0.0619012	0.000103906	6.1417e-05	
1.14e-09	36	-0.0163841	-0.0121841	0.999792	0.980615	0.979419	0.0459778	0.0355746	9.53239e-05	6.29904e-05	
1.2e-09	38	-0.00169057	0.018907	0.99982	0.979864	0.978136	0.0450668	0.0693338	0.0002383	0.000159797	
1.26e-09	40	0.00125443	0.0266841	0.999643	0.977618	0.976958	0.0526418	0.0593006	0.000126051	9.74521e-05	
1.32e-09	42	0.0196582	0.00606519	0.999788	0.975622	0.975876	0.0557975	0.0433434	0.000148512	0.000110363	
1.38e-09	44	0.0126505	-0.00491301	0.999908	0.975006	0.97486	0.0318831	0.0440046	0.000101743	0.000111233	
1.44e-09	46	-0.00816581	0.0233365	0.999694	0.972299	0.973365	0.0456874	0.0602394	0.000116079	8.87835e-05	
1.5e-09	48	0.0220112	-0.0145637	0.999652	0.971912	0.972485	0.0438557	0.0455814	8.55015e-05	7.96493e-05	
1.56e-09	50	-0.049127	0.000613952	0.998792	0.97053	0.97098	0.0700525	0.07498	0.000214633	9.22755e-05	
1.62e-09	52	-0.0282942	0.0276418	0.999217	0.970405	0.97022	0.069369	0.0539344	0.000198061	0.000135652	
1.68e-09	54	-0.0516907	-0.00266988	0.99866	0.969055	0.968676	0.0326149	0.0256482	0.000104426	9.48448e-05	
1.74e-09	56	-0.0117382	0.00730872	0.999904	0.968964	0.967718	0.0398644	0.0710587	0.000203696	0.000190211	
1.8e-09	58	-0.0286138	-0.0494092	0.998369	0.965952	0.965833	0.0582848	0.0406152	0.000113243	0.000105568	
1.86e-09	60	-0.0319074	-0.000217627	0.999491	0.965549	0.965342	0.0626184	0.0535206	0.000234358	0.000126837	
1.92e-09	62	0.0131538	0.0292433	0.999486	0.963683	0.96429	0.0412464	0.0511095	0.000203551	0.000168338	
1.98e-09	64	-0.010294	-0.0385303	0.999204	0.962938	0.962845	0.0292091	0.0790128	0.000150574	0.000111578	
2.04e-09	66	0.0299542	0.0538344	0.9981	0.962352	0.961457	0.0425555	0.0430806	0.000159058	0.000143999	
2.1e-09	68	-0.0346956	-0.0149939	0.999285	0.959046	0.960575	0.0449396	0.0398858	0.000190094	0.000190119	
2.16e-09	70	0.00960433	0.00636454	0.999934	0.95905	0.959173	0.0458261	0.0565438	0.000225302	0.000163445	
2.22e-09	72	0.0249852	0.0218282	0.999449	0.958038	0.957921	0.0408348	0.0579964	0.000279149	0.0002504	
2.28e-09	74	0.00138532	-0.056997	0.998373	0.957868	0.95636	0.0324439	0.0334381	0.000194192	0.000192496	
2.34e-09	76	0.00416725	0.0189712	0.999811	0.955569	0.955438	0.0471937	0.0799614	0.000285749	0.000276925	
2.4e-09	78	-0.0468731	-0.0124466	0.998823	0.955248	0.954269	0.0414462	0.0502625	0.000197904	0.000200506	
2.46e-09	80	0.0227657	0.0929849	0.995407	0.955388	0.953263	0.0258554	0.0724448	0.00025904	0.000215896	
2.52e-09	82	0.0301734	0.0330721	0.998997	0.953679	0.951949	0.0442602	0.0531938	0.000270553	0.000181157	
2.58e-09	84	-0.0474372	-0.0261318	0.998532	0.948929	0.950385	0.0668908	0.0475199	0.000245338	0.000218803	
2.64e-09	86	0.0376086	-0.0107822	0.999234	0.9474	0.948759	0.0512313	0.112672	0.000422135	0.000353316	
2.7e-09	88	-0.006079	-0.0421507	0.999093	0.949418	0.947885	0.0489965	0.0657276	0.000230228	0.000169012	
2.76e-09	90	0.0158672	0.0513748	0.998553	0.945974	0.946484	0.0366064	0.0377013	0.000305513	0.000246407	
2.82e-09	92	0.00721413	0.0200615	0.999773	0.946838	0.945688	0.0582455	0.0492616	0.00023861	0.00015422	
2.88e-09	94	-0.0140627	0.021846	0.999662	0.943189	0.944572	0.0822087	0.0609669	0.000500382	0.000250587	
2.94e-09	96	0.0482317	0.0371515	0.998145	0.940239	0.942598	0.0417523	0.0580274	0.000339419	0.000238292	
3e-09	98	-0.0510822	0.0341631	0.99811	0.939433	0.941115	0.0639793	0.0486827	0.000432726	0.0003676	
3.06e-09	100	-0.0978232	-0.0116041	0.995136	0.942279	0.940337	0.072426	0.0888102	0.000455975	0.000385971	
3.12e-09	102	0.00670516	0.0190602	0.999796	0.93699	0.939602	0.0238933	0.0620199	0.000211756	0.000201704	
3.18e-09	104	0.0226836	0.029283	0.999314	0.938763	0.938369	0.0422847	0.0496975	0.000230561	0.000209184	
3.24e-09	106	-0.0253496	-0.0148451	0.999568	0.940202	0.937729	0.0310646	0.0634972	0.000292638	0.000242698	
3.3e-09	108	0.00862185	0.00602321	0.999945	0.930227	0.935248	0.0850751	0.0439211	0.000376283	0.000263036	
3.36e-09	110	0.0175231	-0.00987589	0.999798	0.933899	0.934767	0.0310472	0.0262268	0.000456933	0.000403714	
3.42e-09	112	0.0280164	-0.0115831	0.99954	0.930909	0.932946	0.0620789	0.0583325	0.000300638	0.000230083	
3.48e-09	114	-0.059051	0.0804707	0.995006	0.936539	0.932945	0.0651996	0.0764988	0.000570709	0.000327023	
3.54e-09	116	-0.0708237	-0.0196631	0.997295	0.932396	0.931032	0.046975	0.0596397	0.000252873	0.0001632	
3.6e-09	118	-0.0314467	0.00856113	0.999469	0.929104	0.928547	0.0488802	0.0982898	0.000521409	0.000371508	
3.66e-09	120	0.00638236	0.0110107	0.999919	0.9299	0.927563	0.0382279	0.0446003	0.00033143	0.000273949	
3.72e-09	122	0.031734	-0.00487227	0.999484	0.927071	0.92704	0.0569152	0.0495116	0.000321467	0.0002434	
3.78e-09	124	0.0739371	0.035422	0.996634	0.921701	0.925335	0.0822407	0.0658461	0.000770093	0.000541137	
3.84e-09	126	0.0238712	-0.00239472	0.999712	0.926246	0.9249	0.0620482	0.0515543	0.000303123	0.000225372	
3.9e-09	128	0.0771148	0.0547918	0.995516	0.925311	0.921959	0.0863197	0.0581004	0.000428702	0.000274594	
3.96e-09	130	0.023694	-0.00536748	0.999705	0.920185	0.920985	0.0655735	0.0767743	0.000548664	0.000341719	
4.02e-09	132	-0.0107984	0.0728985	0.997281	0.922538	0.920788	0.0379354	0.0711475	0.000389103	0.000368263	
4.08e-09	134	-0.0461765	-0.0140364	0.998835	0.92228	0.917568	0.0658464	0.0996463	0.000688049	0.000377244	
4.14e-09	136	0.00324173	0.0671106	0.99774	0.921486	0.91794	0.074985	0.0692209	0.000368938	0.000295478	
4.2e-09	138	-0.010874	-0.0273438	0.999567	0.916698	0.916187	0.0621367	0.0176608	0.00062134	0.000607292	
4.26e-09	140	-0.0520824	-0.00537825	0.998628	0.918296	0.916149	0.05975	0.0929724	0.000754122	0.000468523	
4.32e-09	142	0.0258667	-0.019069	0.999484	0.914359	0.913749	0.0855104	0.0861461	0.000491814	0.000325166	
4.38e-09	144	-0.0312858	-0.0229679	0.999247	0.916989	0.911426	0.0210235	0.0982106	0.000585129	0.000390236	
4.44e-09	146	0.0690311	0.0370547	0.996926	0.913047	0.911611	0.102179	0.0426568	0.000810683	0.0005539	
4.5e-09	148	0.0254123	0.0148462	0.999567	0.904963	0.908376	0.101261	0.0610059	0.000736178	0.000440841	
4.56e-09	150	0.0565953	0.0210901	0.998174	0.9067	0.907302	0.0453645	0.0418071	0.000606331	0.000671245	
4.62e-09	152	-0.0503748	-0.076553	0.995792	0.906686	0.906615	0.05884	0.0634298	0.000696826	0.000610519	
4.68e-09	154	0.18837	-0.011807	0.982027	0.903659	0.906494	0.0762916	0.0383637	0.000570571	0.000236399	
4.74e-09	156	0.0716891	0.0253867	0.997104	0.908689	0.905947	0.0452993	0.0550619	0.000400582	0.000343226	
4.8e-09	158	0.0509269	0.0179474	0.998541	0.902114	0.902708	0.0443394	0.0530612	0.000473086	0.000460234	
4.86e-09	160	0.0111705	0.042543	0.999032	0.906338	0.901064	0.0571296	0.0338671	0.000590909	0.000452715	
4.92e-09	162	-0.0126698	-0.00635343	0.9999	0.901843	0.900474	0.0395377	0.0381695	0.000518349	0.000525804	
4.98e-09	164	-0.0295981	-0.0187637	0.999386	0.898776	0.899691	0.0330749	0.0774496	0.000638903	0.000474469	
5.04e-09	166	0.0441928	-0.0349285	0.998412	0.898665	0.897217	0.0398169	0.0803305	0.000900095	0.000579288	
5.1e-09	168	-0.0335561	-0.0283994	0.999033	0.898119	0.898115	0.0597049	0.0652791	0.000455298	0.000227592	
5.16e-09	170	-0.0137828	-0.0218543	0.999666	0.896014	0.894862	0.0306602	0.0500364	0.000469981	0.00043604	
5.22e-09	172	0.11595	0.0887609	0.989281	0.890699	0.895296	0.118812	0.0418131	0.000654983	0.000277245	
5.28e-09	174	0.0289968	-0.111396	0.993353	0.890069	0.890967	0.055095	0.056791	0.000464776	0.000433148	
5.34e-09	176	-0.0661863	0.113973	0.991277	0.890984	0.89258	0.0718609	0.0956342	0.000596481	0.000338698	
5.4e-09	178	-0.00404686	-0.0948942	0.995479	0.893023	0.890137	0.0413831	0.0760421	0.000738612	0.000564324	
5.46e-09	180	-0.0625274	-0.0848488	0.99443	0.889839	0.889684	0.0704461	0.0856708	0.00074493	0.000734509	
5.52e-09	182	0.0904825	0.0289795	0.995476	0.889946	0.888084	0.0411183	0.0827346	0.000902221	0.000544305	
5.58e-09	184	0.00536766	-0.0992428	0.995049	0.88927	0.885734	0.0469446	0.0692327	0.00111148	0.000790925	
5.64e-09	186	0.0150893	-0.0673952	0.997612	0.884654	0.88554	0.100727	0.0363355	0.00121713	0.000464018	
5.7e-09	188	0.00294236	-0.0336294	0.99943	0.88361	0.88272	0.0733243	0.0647954	0.00126814	0.000678009	
5.76e-09	190	0.0873834	0.0294026	0.995741	0.886081	0.882428	0.0355246	0.0481305	0.00066375	0.000659873	
5.82e-09	192	0.0456065	0.0104984	0.998904	0.875061	0.880787	0.0427141	0.0395381	0.000443528	0.000489398	
5.88e-09	194	0.0260233	-0.12747	0.991501	0.869769	0.879381	0.0736005	0.128869	0.00132818	0.000693346	
5.94e-09	196	-0.00604328	0.101976	0.994769	0.875595	0.875886	0.0567733	0.0535257	0.000966317	0.00061348	
6e-09	198	-0.0333274	0.0408404	0.99861	0.883499	0.877784	0.0640184	0.100166	0.000905009	0.000704232	
6.06e-09	200	0.0488002	0.0181866	0.998643	0.883143	0.874365	0.046339	0.0694932	0.00119383	0.00101103	
6.12e-09	202	0.0506167	0.0465149	0.997634	0.876211	0.873775	0.133551	0.0721092	0.00141373	0.000673787	
6.18e-09	204	0.0472332	0.0110078	0.998823	0.878843	0.870285	0.073188	0.0684682	0.000980547	0.000801796	
6.24e-09	206	-0.0477633	-0.134868	0.989712	0.873009	0.870353	0.0508347	0.0769115	0.000728775	0.000496793	
6.3e-09	208	0.0706673	-0.0446016	0.996502	0.863429	0.867361	0.0794578	0.0602213	0.00086463	0.000826252	
6.36e-09	210	-0.000994531	-0.0507731	0.99871	0.869557	0.868115	0.0514948	0.063944	0.000797246	0.000655223	
6.42e-09	212	-0.0542409	-0.00933214	0.998484	0.863357	0.867957	0.056456	0.0730485	0.000843907	0.000442425	
6.48e-09	214	0.0700829	0.0405472	0.996717	0.856426	0.864146	0.040813	0.074651	0.00147392	0.00156881	
6.54e-09	216	0.0271581	0.0296555	0.999191	0.869209	0.864256	0.0412167	0.0485828	0.00103069	0.000642689	
6.6e-09	218	0.018466	0.0763189	0.996912	0.86186	0.861712	0.051995	0.0971209	0.000704745	0.000585617	
6.66e-09	220	0.0823388	-0.0187259	0.996428	0.8515	0.861228	0.0528838	0.0420207	0.00108596	0.00082699	
6.72e-09	222	-0.0371533	-0.0174481	0.999157	0.861271	0.859908	0.0749683	0.0417712	0.0018126	0.00109324	
6.78e-09	224	0.0116543	0.0466017	0.998846	0.857196	0.858092	0.117697	0.0566535	0.00130877	0.000757108	
6.84e-09	226	0.0453088	0.00127856	0.998972	0.850734	0.856516	0.0494735	0.0677442	0.000855129	0.000724042	
6.9e-09	228	-0.0668512	-0.0448247	0.996756	0.851878	0.854825	0.0429693	0.0939052	0.00115455	0.000811167	
6.96e-09	230	-0.00260189	-0.104287	0.994544	0.846389	0.853275	0.0620862	0.0706325	0.000860229	0.000727143	
7.02e-09	232	0.0214878	0.141181	0.989751	0.854104	0.852353	0.0553001	0.0718372	0.0014206	0.000818507	
7.08e-09	234	0.0427523	-0.0610951	0.997216	0.860987	0.851308	0.0587105	0.0758653	0.00128463	0.000867675	
7.14e-09	236	0.198482	0.0353775	0.979466	0.844215	0.849258	0.0670814	0.0352588	0.00100928	0.000707681	
7.2e-09	238	-0.0228506	0.0316766	0.999237	0.848448	0.846582	0.0431384	0.0613314	0.000738208	0.00055439	
7.26e-09	240	0.0451204	-0.0881286	0.995087	0.841742	0.845331	0.0691312	0.048354	0.000837676	0.000821185	
7.32e-09	242	-0.059126	-0.0772024	0.995261	0.856001	0.844254	0.0593962	0.0638342	0.00108048	0.000985726	
7.38e-09	244	-0.0503712	0.143917	0.988307	0.845059	0.843326	0.073404	0.0533142	0.00212898	0.00161273	
7.44e-09	246	0.0616094	-0.0272988	0.997727	0.85523	0.840843	0.0766858	0.0602243	0.00188849	0.00115377	
7.5e-09	248	0.0348747	-0.106784	0.99367	0.840543	0.839672	0.0403207	0.0608342	0.000806875	0.000706078	
7.56e-09	250	0.0473041	0.0829696	0.995429	0.83486	0.837782	0.0762025	0.0790355	0.0010084	0.000756434	
7.62e-09	252	0.00332667	-0.0963831	0.995339	0.837051	0.83815	0.0677121	0.0622621	0.000958697	0.000443087	
7.68e-09	254	0.0115583	-0.144543	0.989431	0.829925	0.836869	0.041868	0.0628884	0.000908534	0.000486126	
7.74e-09	256	0.191454	-0.0280283	0.981101	0.828813	0.83294	0.083828	0.0599703	0.00198822	0.00121554	
7.8e-09	258	-0.125594	0.149389	0.98077	0.827331	0.831618	0.0617209	0.0582057	0.00101523	0.000697134	
7.86e-09	260	-0.0542348	0.10167	0.993339	0.821147	0.830413	0.0520632	0.081353	0.00145695	0.00083304	
7.92e-09	262	-0.055249	-0.0797381	0.995284	0.82315	0.827165	0.0433888	0.0761776	0.00131637	0.00112828	
7.98e-09	264	0.0195169	0.0234493	0.999535	0.823304	0.826671	0.0302433	0.0393019	0.000928206	0.000805266	
8.04e-09	266	0.124225	0.0851632	0.988593	0.805443	0.826559	0.0613777	0.0729153	0.00146384	0.00128868	
8.1e-09	268	-0.0391881	-0.0619145	0.997312	0.821175	0.826309	0.0626726	0.0503904	0.00108585	0.000714577	
8.16e-09	270	-0.0468679	0.0901791	0.994822	0.821784	0.823426	0.0435679	0.07781	0.00163557	0.00130226	
8.22e-09	272	-0.0860282	-0.0411244	0.995444	0.811016	0.82191	0.0590785	0.104906	0.00161001	0.00112595	
8.28e-09	274	0.0332654	-0.0478399	0.998301	0.820697	0.82068	0.069283	0.0700124	0.00110941	0.000798823	
8.34e-09	276	-0.0378688	0.0344285	0.998689	0.821623	0.818018	0.0719673	0.0721732	0.000816665	0.000807506	
8.4e-09	278	-0.0257853	0.0852974	0.996022	0.825473	0.815666	0.0621824	0.0671641	0.00253749	0.00161499	
8.46e-09	280	-0.117987	-0.0531336	0.991593	0.805891	0.812696	0.047327	0.0640569	0.00140697	0.00118637	
8.52e-09	282	-0.0551484	-0.077493	0.995466	0.805772	0.813418	0.0785091	0.0489769	0.00161846	0.00122336	
8.58e-09	284	0.0422584	-0.0993927	0.994151	0.825334	0.810043	0.0833559	0.102196	0.00245167	0.00136925	
8.64e-09	286	-0.0646031	-0.0331607	0.99736	0.801036	0.810716	0.0457857	0.0331478	0.000866566	0.000702042	
8.7e-09	288	-0.143308	0.104007	0.984198	0.808464	0.809122	0.057274	0.0584267	0.000833796	0.000525381	
8.76e-09	290	0.0658467	0.107983	0.99197	0.802908	0.807902	0.057979	0.0636512	0.00184383	0.00122084	
8.82e-09	292	-0.184441	-0.00474913	0.982832	0.813183	0.806485	0.0640309	0.0500468	0.00169274	0.00164596	
8.88e-09	294	-0.019819	0.0336358	0.999238	0.808794	0.803267	0.0741539	0.0432892	0.00292053	0.0027943	
8.94e-09	296	0.0687592	0.046508	0.996549	0.801464	0.801208	0.0480765	0.0854746	0.00114561	0.00103344	
9e-09	298	-0.000388657	-0.0269455	0.999637	0.808257	0.800526	0.0645098	0.0512017	0.00213497	0.00176397	
9.06e-09	300	-0.0605267	0.127921	0.989936	0.813851	0.799248	0.0670891	0.0504061	0.00223593	0.00140107	
9.12e-09	302	-0.0224707	0.110425	0.99363	0.802764	0.797711	0.0611123	0.063793	0.00155548	0.00132306	
9.18e-09	304	0.0533954	-0.164715	0.984895	0.803722	0.796562	0.0710992	0.0511045	0.00165348	0.000979091	
9.24e-09	306	0.122075	0.0588058	0.990777	0.785864	0.791659	0.119555	0.0583725	0.00200831	0.0012824	
9.3e-09	308	0.0620257	0.0476181	0.996938	0.793302	0.789123	0.0629039	0.110884	0.00213499	0.00183159	
9.36e-09	310	-0.13521	0.19963	0.970498	0.789098	0.787074	0.0710352	0.0882885	0.00323276	0.00209015	
9.42e-09	312	-0.00866839	-0.0374557	0.999261	0.783852	0.784376	0.0465524	0.0607626	0.00193655	0.00132801	
9.48e-09	314	-0.0406195	-0.177069	0.98336	0.776474	0.785808	0.0524461	0.080618	0.00199816	0.00126558	
9.54e-09	316	0.0865446	-0.0551118	0.994722	0.790559	0.784786	0.0734174	0.0467829	0.00186513	0.00109783	
9.6e-09	318	-0.00643891	0.101472	0.994818	0.78438	0.783868	0.0667819	0.11287	0.00180027	0.0011152	
9.66e-09	320	0.103276	-0.21686	0.970724	0.776709	0.782312	0.076001	0.106558	0.00216695	0.000987056	
9.72e-09	322	-0.0834504	-0.0131579	0.996425	0.781559	0.779669	0.0672035	0.0778494	0.00295319	0.00203866	
9.78e-09	324	-0.134617	0.0424613	0.989987	0.77174	0.781378	0.0782577	0.0615051	0.00154599	0.00118661	
9.84e-09	326	0.028973	-0.14915	0.98839	0.789986	0.779615	0.0745854	0.0709501	0.0011469	0.00106962	
9.9e-09	328	-0.00486505	-0.119727	0.992795	0.765603	0.775428	0.0605106	0.0491174	0.00151605	0.000977304	
9.96e-09	330	0.0384751	0.0111873	0.999197	0.765264	0.772536	0.0795004	0.0684442	0.00172935	0.000935706	
1.002e-08	332	0.133281	0.0627817	0.989088	0.770384	0.775294	0.0669636	0.0687094	0.0014738	0.00131855	
1.008e-08	334	0.130346	0.161289	0.978262	0.76823	0.771226	0.0571837	0.0528986	0.00265468	0.00242544	
1.014e-08	336	-0.0303043	-0.0436791	0.998586	0.750054	0.764896	0.0394194	0.0647501	0.00325475	0.0034403	
1.02e-08	338	0.0987124	0.00985229	0.995067	0.762074	0.767953	0.0708383	0.0694799	0.00419864	0.00271174	
1.026e-08	340	-0.109816	-0.177798	0.97792	0.773289	0.762049	0.076752	0.0812732	0.00239078	0.00199511	
1.032e-08	342	0.0489097	0.0176085	0.998648	0.758958	0.761265	0.0880068	0.0620502	0.00349236	0.00235525	
1.038e-08	344	0.230926	-0.0924173	0.968572	0.762885	0.760262	0.0835493	0.0659907	0.00235693	0.00202767	
1.044e-08	346	-0.112746	0.0119945	0.993551	0.774347	0.762271	0.123058	0.0849862	0.00306876	0.00233801	
1.05e-08	348	0.0179203	0.0624134	0.997889	0.760398	0.757793	0.0628399	0.0864319	0.00153544	0.000715494	
1.056e-08	350	0.0545902	0.0983466	0.993654	0.756616	0.758024	0.107986	0.0780464	0.00308707	0.00172248	
1.062e-08	352	-0.0653114	-0.120207	0.990598	0.753289	0.755612	0.0690797	0.105468	0.00213171	0.00128423	
1.068e-08	354	-0.188157	0.210679	0.959276	0.762397	0.756431	0.0587513	0.117493	0.00199114	0.00165308	
1.074e-08	356	0.156589	0.0384279	0.986916	0.747142	0.746771	0.0698582	0.0676825	0.00188895	0.00118813	
1.08e-08	358	-0.237072	0.118501	0.964238	0.751769	0.747508	0.0915987	0.0973629	0.00236434	0.00125234	
1.086e-08	360	0.0346276	0.0106418	0.999344	0.76801	0.748189	0.051702	0.0788896	0.00244222	0.00182598	
1.092e-08	362	-0.122319	0.0099137	0.992441	0.747501	0.745105	0.071841	0.0585239	0.00244236	0.00167225	
1.098e-08	364	-0.028211	-0.185473	0.982244	0.761017	0.747782	0.0483284	0.0681543	0.0016996	0.00182679	
1.104e-08	366	0.0448711	0.147299	0.988074	0.739293	0.742143	0.0700352	0.0416067	0.00240074	0.0017244	
1.11e-08	368	0.114444	0.0958787	0.988792	0.696291	0.733991	0.0905536	0.060162	0.00377082	0.002773	
1.116e-08	370	0.160923	0.0345069	0.986364	0.708852	0.733789	0.0783994	0.0607155	0.00266195	0.00263395	
1.122e-08	372	-0.0700559	-0.212269	0.974697	0.718846	0.736751	0.0978761	0.100303	0.00337608	0.00166181	
1.128e-08	374	-0.0175339	0.0467813	0.998751	0.738744	0.73178	0.052655	0.0461946	0.0033269	0.00269849	
1.134e-08	376	-0.232019	0.141054	0.96243	0.728171	0.732657	0.0843212	0.0778246	0.00245079	0.00184102	
1.14e-08	378	0.0251975	0.0712774	0.997138	0.730468	0.731436	0.0599686	0.0784774	0.00208454	0.00109551	
1.146e-08	380	0.0313685	-0.119867	0.992294	0.73379	0.729473	0.0554627	0.0518455	0.00194268	0.00217459	
1.152e-08	382	-0.112696	-0.0845415	0.990026	0.707095	0.726046	0.0691265	0.0899718	0.0024178	0.00167541	
1.158e-08	384	-0.148539	-0.0814491	0.985547	0.73059	0.721117	0.0734805	0.0849871	0.00834085	0.00498423	
1.164e-08	386	0.0225568	-0.133829	0.990748	0.706515	0.722618	0.0416406	0.0641408	0.00226891	0.00157914	
1.17e-08	388	0.0215013	-0.0809762	0.996484	0.728682	0.722735	0.118812	0.0518638	0.00256705	0.00163483	
1.176e-08	390	0.10816	0.0172892	0.993983	0.717071	0.718865	0.0999725	0.0704503	0.00135595	0.000952581	
1.182e-08	392	-0.0380351	-0.0689706	0.996893	0.689178	0.716146	0.089238	0.0746313	0.00345889	0.00252151	
1.188e-08	394	-0.0162342	-0.181441	0.983268	0.698802	0.716936	0.0583197	0.061759	0.00269537	0.00222753	
1.194e-08	396	0.149453	0.0346528	0.988161	0.690641	0.712417	0.0496838	0.0552655	0.00197018	0.00180269	
1.2e-08	398	-0.0746171	-0.00054545	0.997212	0.701289	0.708588	0.0532017	0.10628	0.00215935	0.0017699	
1.206e-08	400	-0.00841508	0.0896347	0.995939	0.706499	0.705079	0.0441779	0.060074	0.00578035	0.00435701	
1.212e-08	402	-0.100873	0.0740664	0.992139	0.733611	0.706743	0.0710959	0.0819413	0.00279514	0.00200721	
1.218e-08	404	-0.150949	-0.033355	0.987979	0.686232	0.704693	0.0853109	0.0769623	0.00378976	0.00234444	
1.224e-08	406	0.0953514	-0.0803029	0.992199	0.717922	0.703421	0.0569435	0.0857328	0.00333842	0.00246329	
1.23e-08	408	-0.0362692	0.00343842	0.999336	0.714062	0.6961	0.0865566	0.0587283	0.00433897	0.00281185	
1.236e-08	410	0.0141675	0.0457557	0.998852	0.701144	0.701053	0.0732137	0.0425819	0.00277895	0.00236442	
1.242e-08	412	0.0303159	0.0858682	0.995845	0.7261	0.693958	0.0520599	0.0750677	0.00240833	0.00152501	
1.248e-08	414	0.0300702	0.00449156	0.999538	0.689522	0.690135	0.0822614	0.0734214	0.00591705	0.00331602	
1.254e-08	416	0.00310091	-0.194575	0.980883	0.705226	0.694041	0.0636372	0.0705911	0.00363468	0.00274671	
1.26e-08	418	0.101416	0.0809902	0.991542	0.710613	0.692404	0.0693119	0.0653004	0.00343768	0.00231982	
1.266e-08	420	0.106681	0.0745205	0.991497	0.690559	0.690411	0.0550928	0.0681452	0.00434196	0.00292586	
1.272e-08	422	0.00593727	0.0170678	0.999837	0.704448	0.685336	0.118649	0.0689264	0.00477345	0.00346863	
1.278e-08	424	-0.018078	0.0371651	0.999146	0.686603	0.687623	0.0728657	0.057723	0.00431793	0.00291546	
1.284e-08	426	-0.125104	0.187113	0.97434	0.687943	0.675492	0.0834103	0.0544534	0.00412025	0.0042247	
1.29e-08	428	-0.0318608	0.0588304	0.997759	0.667173	0.677192	0.0445014	0.0737724	0.00256119	0.00145899	
1.296e-08	430	-0.269285	0.015912	0.962929	0.693501	0.675281	0.0899623	0.0894042	0.00234207	0.00202576	
1.302e-08	432	0.15342	-0.122005	0.9806	0.706407	0.677681	0.0699058	0.100813	0.00671264	0.00388727	
1.308e-08	434	0.0556866	0.0120309	0.998376	0.686777	0.672776	0.0759529	0.0704633	0.00297387	0.00191404	
1.314e-08	436	0.0797329	-0.221063	0.971995	0.687985	0.669928	0.0694409	0.0984638	0.0030856	0.00181092	
1.32e-08	438	0.0306566	0.0262648	0.999185	0.672656	0.668775	0.0420595	0.0604519	0.00504246	0.00332473	
1.326e-08	440	0.0789733	-0.126958	0.988759	0.675185	0.66127	0.0722958	0.0474983	0.00485004	0.0040191	
1.332e-08	442	-0.00728995	0.0822653	0.996584	0.681222	0.667223	0.07019	0.0501783	0.00410486	0.00320344	
1.338e-08	444	-0.158102	-0.248383	0.955672	0.646787	0.662087	0.0649438	0.0591396	0.0033006	0.00269842	
1.344e-08	446	-0.208073	0.179217	0.961554	0.675035	0.659	0.0944784	0.0535257	0.00312313	0.00285139	
1.35e-08	448	0.0581374	-0.233006	0.970736	0.652197	0.658242	0.0674371	0.132379	0.00422645	0.00288805	
1.356e-08	450	-0.030126	0.313072	0.949251	0.640087	0.644994	0.0516106	0.0884961	0.00618251	0.00668598	
1.362e-08	452	-0.283336	0.0235529	0.958731	0.651	0.648921	0.097552	0.0766246	0.0044984	0.00309251	
1.368e-08	454	0.0807756	0.190002	0.978455	0.654092	0.64752	0.0990562	0.07785	0.00606834	0.00477888	
1.374e-08	456	0.0563503	0.0642898	0.996339	0.642375	0.644705	0.0838462	0.109377	0.00459737	0.0025116	
1.38e-08	458	-0.195174	-0.200747	0.960004	0.6535	0.641523	0.0793523	0.0538009	0.00428124	0.0020686	
1.386e-08	460	-0.109264	-0.109768	0.987933	0.624222	0.640109	0.0533268	0.196098	0.00603127	0.00326178	
1.392e-08	462	0.130374	0.0489723	0.990255	0.617216	0.635295	0.0678236	0.0782546	0.00314193	0.00299003	
1.398e-08	464	-0.124917	0.19777	0.972256	0.657694	0.631189	0.0464743	0.0798143	0.00265532	0.00322219	
1.404e-08	466	0.283783	0.235519	0.929515	0.658727	0.635016	0.106518	0.0841317	0.00496077	0.0035502	
1.41e-08	468	-0.291668	0.0222058	0.956262	0.633128	0.631341	0.0630337	0.0646906	0.00571269	0.00473104	
1.416e-08	470	-0.0640208	-0.188847	0.979917	0.597862	0.622794	0.123167	0.0960573	0.0088011	0.00624851	
1.422e-08	472	-0.17044	-0.0181612	0.985201	0.633225	0.623627	0.0738046	0.0902015	0.00661367	0.00513633	
1.428e-08	474	-0.0190104	-0.0482885	0.998653	0.62282	0.617762	0.0892135	0.0999486	0.00670791	0.00451155	
1.434e-08	476	0.115909	-0.222657	0.967982	0.577439	0.623201	0.0752378	0.093086	0.00516887	0.00402256	
1.44e-08	478	0.107529	-0.100453	0.989114	0.609238	0.619215	0.0793247	0.0755618	0.00374324	0.00286924	
1.446e-08	480	0.0982224	-0.262652	0.959878	0.617055	0.615035	0.134301	0.0687221	0.0068198	0.00299044	
1.452e-08	482	-0.15489	0.215225	0.964203	0.611675	0.611343	0.0919858	0.0652781	0.00678165	0.00516716	
1.458e-08	484	0.00698304	0.0617287	0.998069	0.612218	0.606559	0.10547	0.0948781	0.00963794	0.00590519	
1.464e-08	486	-0.0219774	-0.0833003	0.996282	0.59393	0.603578	0.0373843	0.0540071	0.00538381	0.0058987	
1.47e-08	488	0.125738	0.0725266	0.989409	0.611331	0.605483	0.0853276	0.0457902	0.00369158	0.00388774	
1.476e-08	490	-0.10228	-0.21776	0.970628	0.587379	0.605173	0.0763704	0.0992055	0.0121202	0.00699586	
1.482e-08	492	0.155642	-0.105487	0.982165	0.571969	0.600687	0.123819	0.0885309	0.00982707	0.00591031	
1.488e-08	494	0.265964	-0.264333	0.927033	0.550301	0.593969	0.0790799	0.0936467	0.00513943	0.00384007	
1.494e-08	496	-0.0515176	0.0311123	0.998187	0.609813	0.590461	0.0590017	0.0924525	0.00794531	0.00441961	
1.5e-08	498	-0.0127469	-0.203242	0.979046	0.609521	0.581426	0.0824079	0.0806702	0.0107384	0.00678157	
1.506e-08	500	0.406838	-0.181571	0.895274	0.576893	0.586918	0.0961845	0.0943777	0.0116859	0.0036398	
1.512e-08	502	-0.0973044	-0.302197	0.948266	0.590454	0.586476	0.0920433	0.097616	0.0098299	0.00672252	
1.518e-08	504	0.0781877	0.0667593	0.994701	0.547231	0.583151	0.120468	0.096069	0.00682192	0.00517459	
1.524e-08	506	0.256089	-0.287528	0.922901	0.5372	0.571508	0.0536272	0.0994028	0.0101655	0.0066571	
1.53e-08	508	-0.0433089	-0.0330678	0.998514	0.578977	0.575791	0.0910082	0.0812806	0.00839925	0.00651577	
1.536e-08	510	-0.179178	-0.0996485	0.978757	0.575948	0.569329	0.0762099	0.105461	0.00856139	0.00446952	
1.542e-08	512	0.0072213	0.303439	0.952823	0.55676	0.571852	0.10981	0.0639244	0.00287166	0.00265434	
1.548e-08	514	0.0830233	-0.271015	0.958988	0.586924	0.565561	0.0801648	0.0938695	0.00996814	0.00800162	
1.554e-08	516	-0.133908	-0.288839	0.947967	0.568603	0.563	0.146798	0.152021	0.0200281	0.0063222	
1.56e-08	518	-0.169144	0.122925	0.977896	0.49782	0.552654	0.0738232	0.0946082	0.00987477	0.00626965	
1.566e-08	520	0.175601	-0.0282823	0.984055	0.576865	0.554894	0.0953093	0.0661841	0.0079421	0.00515633	
1.572e-08	522	-0.200845	-0.101198	0.974382	0.545874	0.54849	0.062816	0.0687565	0.00955166	0.00498423	
1.578e-08	524	0.136559	-0.0631024	0.98862	0.546699	0.550882	0.11688	0.0703039	0.0100426	0.00616343	
1.584e-08	526	-0.199613	-0.0224439	0.979618	0.564556	0.542416	0.129604	0.130411	0.0190025	0.00770511	
1.59e-08	528	0.0521382	0.0706221	0.99614	0.569065	0.536841	0.0754832	0.145235	0.0214639	0.00535187	
1.596e-08	530	0.0311292	0.096798	0.994817	0.516906	0.533691	0.112875	0.0690043	0.0102293	0.00541972	
1.602e-08	532	0.166516	-0.0400528	0.985225	0.542484	0.535988	0.147122	0.0902203	0.0130233	0.0051504	
1.608e-08	534	0.287867	-0.0695055	0.955145	0.510337	0.519233	0.0643743	0.0976141	0.0129043	0.00739615	
1.614e-08	536	0.248639	0.0512537	0.967239	0.533316	0.531603	0.0980883	0.0589269	0.0119565	0.00400419	
1.62e-08	538	-0.0856396	-0.106481	0.99062	0.536934	0.52638	0.0563274	0.10314	0.00746961	0.00490787	
1.626e-08	540	0.0303015	-0.129581	0.991106	0.498295	0.530779	0.0620731	0.0814798	0.00421504	0.00312004	
1.632e-08	542	0.173861	0.0322278	0.984243	0.50268	0.527879	0.083713	0.0851589	0.0121834	0.00604162	
1.638e-08	544	-0.0124929	-0.0331808	0.999371	0.559763	0.526853	0.0943375	0.0721058	0.0125486	0.00664127	
1.644e-08	546	0.0390506	0.223803	0.973852	0.515209	0.508116	0.0481014	0.0977091	0.0161787	0.0107271	
1.65e-08	548	-0.270327	0.19171	0.943488	0.476576	0.518333	0.0720461	0.0812222	0.00670514	0.004406	
1.656e-08	550	-0.257049	0.27337	0.926928	0.491526	0.499843	0.065199	0.0920039	0.00848814	0.00707169	
1.662e-08	552	0.409801	0.308985	0.858249	0.486585	0.500361	0.0929255	0.0846257	0.0193607	0.00664329	
1.668e-08	554	0.218466	0.0541305	0.974342	0.497493	0.501276	0.0680345	0.078456	0.00918308	0.00453436	
1.674e-08	556	-0.013781	0.13896	0.990202	0.523305	0.492435	0.0983023	0.0815742	0.0120396	0.00596916	
1.68e-08	558	-0.159205	-0.0267936	0.986882	0.543707	0.483588	0.1661	0.0869528	0.0228696	0.00927916	
1.686e-08	560	-0.246775	0.013903	0.968973	0.497039	0.477974	0.12903	0.0513777	0.0162976	0.0101056	
1.692e-08	562	-0.0048964	-0.0700646	0.99753	0.508995	0.47846	0.0867437	0.116262	0.0662941	0.0151483	
1.698e-08	564	0.110124	0.0220792	0.993673	0.475103	0.489449	0.17753	0.113989	0.0128367	0.00449864	
1.704e-08	566	0.404287	0.0928692	0.909905	0.440585	0.469509	0.0910565	0.0749144	0.0226534	0.0192215	
1.71e-08	568	0.200983	0.248138	0.947646	0.501789	0.473051	0.118541	0.114409	0.0167099	0.0130863	
1.716e-08	570	-0.0540294	0.223099	0.973297	0.466649	0.469261	0.138906	0.0520626	0.018636	0.0097152	
1.722e-08	572	-0.0277523	-0.16516	0.985876	0.445213	0.464083	0.176706	0.0876254	0.0158569	0.00798025	
1.728e-08	574	0.0495563	0.216576	0.975007	0.453547	0.457433	0.0804892	0.0847538	0.0109575	0.010418	
1.734e-08	576	0.607285	0.705373	0.365587	0.404501	0.45768	0.0768464	0.0963759	0.031894	0.00763088	
1.74e-08	578	0.00535098	0.17477	0.984595	0.456863	0.447519	0.0962679	0.0774274	0.0134897	0.00868643	
1.746e-08	580	-0.333163	0.184607	0.92462	0.457558	0.446871	0.0918243	0.0758703	0.010447	0.0070145	
1.752e-08	582	-0.465816	0.40296	0.787806	0.428011	0.440913	0.0975483	0.186235	0.0698401	0.00770661	
1.758e-08	584	-0.176463	0.476817	0.861108	0.417622	0.441207	0.118549	0.111605	0.0228209	0.00872098	
1.764e-08	586	-0.438541	-0.0365778	0.897966	0.452362	0.427799	0.167412	0.0952611	0.0761096	0.0180572	
1.77e-08	588	-0.219874	-0.111512	0.969134	0.389093	0.4196	0.108345	0.120222	0.0566324	0.0125294	
1.776e-08	590	-0.00578733	0.137081	0.990543	0.425902	0.423989	0.131773	0.089476	0.0292976	0.00968635	
1.782e-08	592	-0.045082	-0.00673772	0.998961	0.445181	0.413524	0.111066	0.110212	0.0333012	0.0180454	
1.788e-08	594	-0.159403	-0.198676	-0.967015	0.358014	0.408961	0.160746	0.143928	1.0911	0.0130757	
1.794e-08	596	0.0354845	0.0900801	-0.995302	0.492027	0.40857	0.0909458	0.0909302	0.0396593	0.0151777	
1.8e-08	598	0.252256	-0.0301358	-0.967191	0.382325	0.399278	0.0787152	0.12569	0.0455789	0.0174697	
1.806e-08	600	-0.121522	0.300908	0.945879	0.277137	0.38917	0.116758	0.0936797	0.0574702	0.0142022	
1.812e-08	602	0.227181	-0.0269721	0.973479	0.423211	0.385097	0.0961431	0.14392	0.0570465	0.0146662	
1.818e-08	604	0.0339462	0.240015	-0.970175	0.408243	0.382983	0.103266	0.0951787	1.03858	0.0216987	
1.824e-08	606	0.233863	0.0424518	0.971342	0.351243	0.357117	0.0882618	0.136478	0.656353	0.0221308	
1.83e-08	608	0.71029	-0.649472	0.27143	0.302086	0.362826	0.0942786	0.159039	0.117467	0.0264003	
1.836e-08	610	-0.280852	-0.522253	0.805217	0.387507	0.366775	0.117213	0.111096	0.246891	0.0246777	
1.842e-08	612	0.00316984	-0.458592	0.888641	0.311444	0.349634	0.112522	0.130828	0.443885	0.0296348	
1.848e-08	614	-0.885106	-0.240559	0.398396	0.307686	0.348229	0.167527	0.105775	0.413248	0.00850037	
1.854e-08	616	0.521545	-0.502052	-0.68988	0.178486	0.33691	0.0898914	0.118768	0.725689	0.0267157	
1.86e-08	618	0.290765	-0.531066	0.79588	0.363739	0.333764	0.104799	0.109224	0.48189	0.0301488	
1.866e-08	620	0.0258666	0.515153	0.856708	0.355928	0.31685	0.112446	0.124334	0.613808	0.0403197	
1.872e-08	622	-0.0501873	0.0867569	0.994965	0.371525	0.303104	0.106294	0.131409	0.506403	0.0341798	
1.878e-08	624	0.175462	0.680844	-0.711101	0.293103	0.318772	0.102042	0.120574	0.329519	0.0243412	
1.884e-08	626	0.484386	-0.0450777	0.873692	0.390568	0.318537	0.0805705	0.107954	0.556632	0.0520694	
1.89e-08	628	-0.114992	-0.240231	-0.963881	0.279148	0.292667	0.0819013	0.0930125	0.11413	0.0355798	
1.896e-08	630	-0.739188	0.1943	-0.644863	0.338963	0.278387	0.108582	0.12515	0.317869	0.0373947	
1.902e-08	632	-0.124681	-0.201971	0.971423	0.371879	0.303987	0.0682318	0.121261	0.32946	0.0333198	
1.908e-08	634	-0.574682	-0.713576	0.400688	0.234888	0.283098	0.125037	0.113015	0.314508	0.0305168	
1.914e-08	636	-0.155555	-0.79757	0.582825	0.316164	0.258814	0.069692	0.133205	0.345447	0.0409416	
1.92e-08	638	0.102209	-0.090732	-0.990616	0.317536	0.274118	0.0847983	0.160406	0.189816	0.0183664	
1.926e-08	640	-0.217492	0.459796	0.860979	0.282431	0.24117	0.115751	0.101655	0.270531	0.0315934	
1.932e-08	642	0.586992	0.682959	-0.43475	0.305049	0.25275	0.152205	0.196758	0.147869	0.0195109	
1.938e-08	644	0.135364	-0.816602	-0.561104	0.188037	0.223486	0.0896991	0.0719064	0.131108	0.0370918	
1.944e-08	646	0.755361	0.227478	-0.61456	0.190607	0.254388	0.108993	0.1289	0.223028	0.0397194	
1.95e-08	648	0.602681	-0.412489	0.683102	0.232401	0.231558	0.0517537	0.116143	0.200385	0.0331433	
1.956e-08	650	0.0506435	-0.567425	0.821866	0.195782	0.231908	0.100227	0.104231	0.2192	0.0226233	
1.962e-08	652	0.361326	0.274586	0.891093	0.240576	0.229418	0.0681041	0.0650264	0.272383	0.0304771	
1.968e-08	654	-0.478692	-0.874915	-0.0733356	0.243949	0.20887	0.0594347	0.121424	0.150039	0.0493778	
1.974e-08	656	-0.329259	-0.294082	-0.897276	0.268972	0.219322	0.0665344	0.056361	0.250916	0.0392696	
1.98e-08	658	-0.103056	0.853328	-0.511087	0.273182	0.210276	0.0783275	0.0915951	0.197134	0.0444057	
1.986e-08	660	0.490004	-0.799564	0.347265	0.143277	0.185058	0.0484296	0.0892372	0.143437	0.0287531	
1.992e-08	662	0.0647897	-0.244434	-0.967499	0.284716	0.178766	0.0602454	0.0851374	0.103933	0.0232657	
1.998e-08	664	0.586026	-0.572391	-0.573534	0.0683771	0.180287	0.0668554	0.0749051	0.131082	0.0327775	
2.004e-08	666	-0.475968	-0.596495	0.646257	0.0582968	0.173657	0.0585839	0.0440379	0.154269	0.0337751	
2.01e-08	668	0.429897	-0.560292	-0.707998	0.233505	0.156861	0.0593701	0.0439327	0.0994914	0.0398295	
2.016e-08	670	-0.722281	0.458078	-0.518145	0.29406	0.155171	0.0813961	0.0533323	0.0656608	0.021248	
2.022e-08	672	-0.142715	0.246684	0.95853	0.211461	0.164987	0.0560305	0.0683166	0.0720819	0.0178305	
2.028e-08	674	-0.409467	-0.881258	0.236053	0.152625	0.171496	0.0683648	0.055485	0.0926244	0.0121024	
2.034e-08	676	0.278955	0.539344	0.794539	0.183209	0.153942	0.0225539	0.0885722	0.0764322	0.0226519	
2.04e-08	678	-0.381846	0.0753375	0.92115	0.153729	0.14675	0.0524951	0.0251141	0.0990105	0.0168477	
2.046e-08	680	0.318171	-0.515131	0.795869	0.107401	0.15447	0.0488627	0.0437856	0.10127	0.0212107	
2.052e-08	682	-0.570292	0.309668	0.760837	0.131466	0.151702	0.0265142	0.0605434	0.101617	0.0203249	
2.058e-08	684	0.471243	-0.642406	-0.604355	0.137334	0.133692	0.0372034	0.0459423	0.0641796	0.0195241	
2.064e-08	686	-0.187399	-0.59092	0.784662	0.134689	0.133007	0.0445958	0.0292533	0.0751947	0.0196878	
2.07e-08	688	-0.783813	0.101161	-0.612701	0.120591	0.141645	0.0403008	0.0320283	0.0865547	0.0154059	
2.076e-08	690	-0.409582	-0.909369	-0.0727363	0.0995881	0.125007	0.0281259	0.0408552	0.0626395	0.0180919	
2.082e-08	692	0.532314	0.439467	0.72354	0.225913	0.13115	0.0374029	0.056817	0.0478255	0.0212377	
2.088e-08	694	-0.526099	0.849797	0.0326381	0.0868359	0.139674	0.0483382	0.0382034	0.067022	0.0163855	
2.094e-08	696	-0.723246	0.575593	0.381586	0.0938012	0.129139	0.0218752	0.0427481	0.0708213	0.0163316	
2.1e-08	698	0.864595	0.463797	-0.193307	0.109753	0.111133	0.0325532	0.0334318	0.0362167	0.0162478	
2.106e-08	700	0.740843	-0.321792	-0.589578	0.144572	0.11525	0.0448015	0.0205618	0.0346571	0.0101551	
2.112e-08	702	-0.949648	-0.305522	-0.0694657	0.0829498	0.112437	0.0388735	0.0384391	0.0273771	0.0150468	
2.118e-08	704	0.710502	0.183732	-0.679286	0.123521	0.115675	0.0343867	0.0229496	0.0546308	0.0207797	
2.124e-08	706	-0.440764	-0.373768	-0.816104	0.0778616	0.111093	0.0291755	0.0223776	0.0359072	0.0116552	
2.13e-08	708	0.327981	0.0599613	0.942779	0.229214	0.10974	0.0219584	0.0340488	0.040343	0.0119644	
2.136e-08	710	-0.540096	-0.840579	0.041502	0.143394	0.104234	0.0225593	0.0191615	0.0445562	0.00997429	
2.142e-08	712	-0.717601	-0.121984	-0.685688	0.0835559	0.100429	0.0298822	0.0278167	0.02353	0.0102741	
2.148e-08	714	0.936821	-0.0602526	-0.344581	0.0762261	0.109238	0.0274441	0.0330652	0.0304507	0.0116691	
2.154e-08	716	-0.0027861	-0.934764	-0.355258	0.0806432	0.0895354	0.0179756	0.0129157	0.027457	0.00634303	
2.16e-08	718	0.903939	0.399893	-0.151588	0.100092	0.100388	0.0322533	0.0209848	0.0303376	0.0157244	
2.166e-08	720	-0.287353	-0.139005	-0.947684	0.0353655	0.0951653	0.0224196	0.0272867	0.0232674	0.0126814	
2.172e-08	722	0.23319	0.619766	0.749342	0.118994	0.103933	0.0303016	0.0206345	0.0310725	0.00925695	
2.178e-08	724	-0.373225	0.814117	-0.444878	0.121456	0.0950613	0.0252965	0.0206881	0.0252242	0.0174681	
2.184e-08	726	0.508315	-0.454865	-0.731241	0.121048	0.0946102	0.0154146	0.0271732	0.0258167	0.00892501	
2.19e-08	728	-0.517793	0.714767	-0.470105	0.109607	0.106669	0.027938	0.0302484	0.0285025	0.00839885	
2.196e-08	730	0.650777	0.70694	-0.276994	0.163038	0.0913006	0.0163908	0.0281995	0.0200968	0.0100429	
2.202e-08	732	0.84502	0.211166	0.491274	0.0527138	0.0929751	0.0210139	0.0215132	0.0211192	0.00986921	
2.208e-08	734	-0.667342	0.715875	0.20537	0.043754	0.0871853	0.0186354	0.0198542	0.0167915	0.00453512	
2.214e-08	736	0.220571	0.81352	-0.538084	0.118632	0.0904109	0.0230706	0.0141149	0.021035	0.00600259	
2.22e-08	738	0.135848	0.990471	-0.0226269	0.0871572	0.0898004	0.0161004	0.0182075	0.0274664	0.00797021	
2.226e-08	740	0.535544	0.214142	0.816906	0.129299	0.0805105	0.0102254	0.0119633	0.0216521	0.00649869	
2.232e-08	742	-0.488409	-0.424248	0.762542	0.0342405	0.0860052	0.00836906	0.0195344	0.0232522	0.00750434	
2.238e-08	744	0.876155	0.335976	0.345649	0.10867	0.0827374	0.0245105	0.0175243	0.00879736	0.00510858	
2.244e-08	746	-0.307264	-0.542143	0.782093	0.0916397	0.0842002	0.0261334	0.0116906	0.0192272	0.0122471	
2.25e-08	748	-0.884042	-0.0210776	0.466933	0.0745757	0.0729573	0.0121448	0.00958915	0.0193458	0.00523256	
2.256e-08	750	-0.692443	-0.721026	-0.0253763	0.0671403	0.076077	0.011288	0.0151428	0.0181816	0.00603367	
2.262e-08	752	0.590682	-0.510626	0.624785	0.13606	0.0826419	0.0209932	0.0179769	0.013632	0.0094404	
2.268e-08	754	-0.67374	0.425479	-0.604187	0.0752279	0.0748262	0.0145165	0.0145555	0.0141922	0.00796134	
2.274e-08	756	0.314374	-0.345832	0.884064	0.0647848	0.0763994	0.0109697	0.0147344	0.0185581	0.00557267	
2.28e-08	758	0.526817	-0.786278	-0.322847	0.0675096	0.0775545	0.0197059	0.0103204	0.0127703	0.00374605	
2.286e-08	760	-0.747869	-0.384603	0.541085	0.156326	0.0781799	0.0114194	0.0183484	0.0158652	0.0066387	
2.292e-08	762	0.914832	0.202664	-0.349299	0.0680855	0.0708485	0.0108649	0.012842	0.0130388	0.00489997	
2.298e-08	764	0.117748	0.963397	0.240835	0.0610274	0.0722914	0.0103889	0.0107902	0.0140042	0.00419839	
2.304e-08	766	0.757596	0.116433	-0.642255	0.103168	0.0726062	0.0175271	0.0104309	0.011321	0.00640666	
2.31e-08	768	-0.640331	0.55524	-0.53074	0.0873582	0.0663865	0.0124376	0.00704617	0.0144637	0.00637546	
2.316e-08	770	0.695368	-0.521834	-0.494117	0.059358	0.0648012	0.0101496	0.00801546	0.0157994	0.00684918	
2.322e-08	772	0.299226	0.505625	0.809201	0.0527982	0.0665744	0.00823035	0.0115742	0.0129856	0.00467212	
2.328e-08	774	0.555456	-0.276094	-0.784373	0.0879579	0.0697296	0.0117103	0.0125721	0.011467	0.00481116	
2.334e-08	776	0.752592	0.658052	0.0239429	0.0282096	0.0720236	0.00956898	0.0139259	0.0154185	0.00596358	
2.34e-08	778	-0.681174	0.588095	-0.436057	0.106629	0.0632155	0.0106141	0.00669297	0.0124261	0.00410609	
2.346e-08	780	-0.551617	0.524092	-0.64888	0.150509	0.0855622	0.0134206	0.0205558	0.019936	0.00712581	
2.352e-08	782	0.666444	-0.176247	-0.724424	0.0924946	0.0737567	0.00959328	0.0140745	0.0155722	0.00509439	
2.358e-08	784	0.823164	-0.301808	-0.48095	0.0592932	0.0693549	0.0141411	0.0101188	0.0122621	0.00606492	
2.364e-08	786	0.338541	0.139508	-0.930552	0.0922242	0.0603305	0.00929891	0.00667424	0.0121895	0.00617038	
2.37e-08	788	-0.217552	0.858816	0.463795	0.0758118	0.0711986	0.012368	0.0108743	0.00954189	0.00446902	
2.376e-08	790	-0.0303575	-0.797996	0.601898	0.0814495	0.0607579	0.00649778	0.00976166	0.00997267	0.00431943	
2.382e-08	792	-0.970203	0.0360279	-0.2396	0.115485	0.0589615	0.00987362	0.00767077	0.00609116	0.00358496	
2.388e-08	794	0.261314	-0.514152	-0.816922	0.0410758	0.0625863	0.00715593	0.01059	0.009802	0.00331871	
2.394e-08	796	0.490223	0.753186	-0.438625	0.0598939	0.0560118	0.00890289	0.008404	0.00629317	0.00399286	
2.4e-08	798	-0.114691	-0.0268776	-0.993038	0.0910797	0.0564651	0.0098566	0.00559478	0.00650998	0.00296895	
2.406e-08	800	-0.192734	-0.57345	-0.796247	0.0765861	0.066688	0.00924536	0.010797	0.0124018	0.00632251	
2.412e-08	802	-0.234562	-0.130428	-0.963312	0.0484868	0.0674569	0.0133764	0.00855986	0.0106883	0.00430947	
2.418e-08	804	0.300592	-0.80318	-0.514341	0.0504048	0.0560876	0.00622915	0.00709971	0.0085261	0.00265457	
2.424e-08	806	0.216814	-0.204763	-0.954497	0.0834511	0.0537709	0.00528836	0.00696573	0.00796481	0.00229149	
2.43e-08	808	-0.666741	-0.641445	-0.379478	0.0631402	0.0539277	0.00546929	0.00901718	0.00607504	0.00267104	
2.436e-08	810	0.220071	-0.431818	0.874701	0.129321	0.0624765	0.00731204	0.00874668	0.0106602	0.00406103	
2.442e-08	812	0.0659483	-0.637004	0.768034	0.122099	0.0535619	0.00493774	0.00684576	0.00708334	0.00376889	
2.448e-08	814	0.134971	0.281527	-0.950013	0.0366266	0.0591759	0.00858999	0.00785899	0.00763032	0.00291194	
2.454e-08	816	-0.195746	0.480856	-0.85467	0.0643451	0.0599299	0.00774194	0.00803076	0.00857833	0.00276803	
2.46e-08	818	-0.285385	0.737427	-0.612174	0.0762908	0.0531914	0.00768575	0.0033939	0.00763084	0.00261993	
2.466e-08	820	-0.443978	0.263488	0.856421	0.0367985	0.0511682	0.00571302	0.0045249	0.00868395	0.00328751	
2.472e-08	822	0.695746	0.600242	-0.394521	0.0213957	0.0605046	0.00770772	0.00709297	0.0109196	0.00440149	
2.478e-08	824	-0.461518	0.307419	-0.832163	0.03181	0.0602971	0.00764645	0.00766866	0.00741843	0.0026143	
2.484e-08	826	0.787933	-0.207231	-0.579842	0.0366478	0.0580545	0.00585099	0.0096074	0.00738724	0.00236794	
2.49e-08	828	-0.338596	-0.301402	-0.891353	0.0524553	0.0522752	0.00701672	0.00431787	0.00859298	0.00364254	
2.496e-08	830	-0.38611	-0.916852	-0.101491	0.0333624	0.057304	0.00490422	0.00755512	0.0110195	0.00399064	
2.502e-08	832	-0.666043	-0.592266	-0.45344	0.0632632	0.051786	0.0056831	0.00658705	0.00598575	0.00235962	
2.508e-08	834	-0.120634	0.881395	-0.456717	0.0462578	0.0468288	0.00401953	0.00601843	0.00448358	0.00162579	
2.514e-08	836	-0.216632	-0.879099	-0.424565	0.0570384	0.061774	0.00925693	0.00761648	0.00842568	0.0025438	
2.52e-08	838	0.327698	0.856823	0.398081	0.0633322	0.052476	0.00550018	0.0066402	0.00687151	0.0030563	
2.526e-08	840	-0.339644	0.262028	-0.903318	0.0495185	0.0564997	0.00626605	0.00730947	0.00778591	0.00288758	
2.532e-08	842	-0.0736953	0.170539	0.982591	0.0591346	0.0601811	0.00750775	0.00829117	0.00883088	0.00309928	
2.538e-08	844	-0.834095	0.530958	-0.149561	0.0476263	0.0548711	0.00559344	0.00649716	0.00723897	0.00210729	
2.544e-08	846	-0.224641	0.0470629	-0.973304	0.115617	0.0532319	0.00419514	0.00519832	0.00929325	0.00324703	
2.55e-08	848	0.393126	-0.55672	-0.731789	0.0258342	0.0539848	0.00722895	0.00680413	0.00450563	0.00275518	
2.556e-08	850	0.959834	-0.162944	-0.228403	0.0267557	0.0490784	0.00551981	0.00526928	0.00600968	0.00264594	
2.562e-08	852	-0.729856	0.66401	-0.162482	0.033949	0.0466755	0.00528373	0.00534135	0.00464811	0.00250415	
2.568e-08	854	-0.555445	-0.800286	0.225885	0.0775802	0.0499197	0.00471796	0.00647589	0.00337038	0.00128928	
2.574e-08	856	-0.755819	-0.130047	-0.641736	0.0593023	0.0538094	0.00831909	0.00319458	0.00877587	0.00325134	
2.58e-08	858	-0.66876	0.00286999	0.743472	0.0534201	0.0534698	0.0068574	0.00591881	0.00592386	0.00213794	
2.586e-08	860	-0.903595	-0.428389	-8.05042e-06	0.0670706	0.0487498	0.00615718	0.00326493	0.00596693	0.00158582	
2.592e-08	862	-0.925388	-0.172555	-0.337463	0.0486486	0.0555854	0.00697155	0.00539212	0.00821975	0.00267388	
2.598e-08	864	-0.364302	0.864135	0.347209	0.0656708	0.0536076	0.00601063	0.00692756	0.00599028	0.00227193	
2.604e-08	866	-0.206352	-0.939397	-0.273774	0.0370234	0.0468702	0.00497291	0.00419642	0.00636458	0.0033606	
2.61e-08	868	-0.916948	0.224831	-0.329632	0.0349172	0.0527759	0.00523405	0.0100127	0.00416554	0.00323285	
2.616e-08	870	-0.230979	-0.274305	-0.933491	0.0612898	0.0500246	0.00425928	0.0058615	0.00580196	0.00154098	
2.622e-08	872	-0.359232	-0.38045	-0.85218	0.0570739	0.0527233	0.0064703	0.00387529	0.00603121	0.00180662	
2.628e-08	874	-0.478174	-0.864554	-0.154581	0.0312577	0.0469691	0.00511135	0.00492591	0.00445	0.00185502	
2.634e-08	876	0.833207	0.550907	0.0476156	0.0599051	0.0498934	0.00607027	0.00567225	0.00490966	0.00254186	
2.64e-08	878	0.0610952	0.761353	0.645452	0.0608215	0.0503619	0.00539827	0.00467209	0.00571327	0.00137749	
2.646e-08	880	-0.992352	0.0724968	0.0999127	0.0547996	0.0503657	0.00511594	0.00392545	0.00558914	0.00159605	
2.652e-08	882	0.969928	-0.0624622	-0.235239	0.0435283	0.0455538	0.00355824	0.00409009	0.00512459	0.00217282	
2.658e-08	884	-0.643476	-0.243302	0.725771	0.0537481	0.056469	0.0076096	0.00644361	0.00513641	0.001728	
2.664e-08	886	0.176967	-0.88949	0.421296	0.0263044	0.0416144	0.00368048	0.00442594	0.00339458	0.00197157	
2.67e-08	888	-0.201163	-0.272926	0.940768	0.0626497	0.053386	0.00510216	0.00472674	0.00714954	0.00173336	
2.676e-08	890	0.801378	-0.01299	0.598017	0.0169607	0.0473168	0.00429349	0.00588049	0.00506489	0.00269472	
2.682e-08	892	0.125697	-0.63325	0.763672	0.021643	0.0476063	0.00437902	0.00567785	0.00374399	0.00153434	
2.688e-08	894	-0.88411	0.413601	-0.217447	0.0309557	0.0446702	0.00473677	0.00385942	0.00446806	0.00205837	
2.694e-08	896	0.813617	0.467668	0.345418	0.0679301	0.047456	0.0044539	0.00511442	0.00532902	0.00255357	
2.7e-08	898	0.0985823	-0.960884	-0.258812	0.0788871	0.0454278	0.00365993	0.00512676	0.00382632	0.00147959	
2.706e-08	900	0.710487	0.670744	0.212866	0.0790813	0.049472	0.00354277	0.00675147	0.00534513	0.00214058	
