#----------------------------------------------------------------------------------------------------------------------------------------------------------
# Output file for vampire simulation
#   time       : 2024-08-29 04:53:52     process id : 3557073
#   hostname   : node116.viking2.yor.alces.network
#   path       : /users/ky883/parameter/WS_dia5/AI_Dataset/size_4.0_4.0_9.0/Temp_900/random_1
#----------------------------------------------------------------------------------------------------------------------------------------------------------
6e-11	0	-0.00190215	-0.0166739	0.999859	0.999961	0.999948	0	0	0	0	
1.2e-10	2	0.00478673	-0.00448306	0.999978	0.998873	0.998908	0.0873983	0.0389831	5.29651e-06	4.14478e-06	
1.8e-10	4	0.00768005	0.000154352	0.99997	0.997779	0.997793	0.0731249	0.0565469	5.82299e-06	6.92445e-06	
2.4e-10	6	0.00341492	-0.00199343	0.999992	0.996584	0.996696	0.05875	0.0227571	9.58749e-06	1.13572e-05	
3e-10	8	0.000369617	0.00716368	0.999974	0.995534	0.995626	0.0530337	0.0643932	1.61145e-05	1.96904e-05	
3.6e-10	10	-0.000264206	0.00889404	0.99996	0.994669	0.994533	0.0276184	0.0645837	2.30364e-05	2.27015e-05	
4.2e-10	12	0.00192805	0.00295701	0.999994	0.993656	0.993429	0.0378086	0.046907	3.64566e-05	3.29854e-05	
4.8e-10	14	0.00193307	0.0165575	0.999861	0.99237	0.992362	0.0686563	0.0472413	3.21287e-05	2.20752e-05	
5.4e-10	16	-0.00640734	-0.0125296	0.999901	0.991272	0.991137	0.0674215	0.0528051	4.39194e-05	4.40719e-05	
6e-10	18	-0.00376022	-0.000278387	0.999993	0.990205	0.990072	0.0644709	0.0427679	3.78915e-05	3.41159e-05	
6.6e-10	20	-0.00101173	-0.00141608	0.999998	0.989273	0.988975	0.0378414	0.0383234	4.24283e-05	4.16791e-05	
7.2e-10	22	-0.00370066	-0.009357	0.999949	0.988561	0.987849	0.0519222	0.0542126	5.45809e-05	4.41074e-05	
7.8e-10	24	0.00989286	-0.00533127	0.999937	0.98706	0.986768	0.0601453	0.0460721	5.63787e-05	5.70355e-05	
8.4e-10	26	0.0152252	-0.0175739	0.99973	0.985172	0.985671	0.0377123	0.035159	8.32419e-05	8.18921e-05	
9e-10	28	-0.00540605	-0.0288519	0.999569	0.98494	0.984533	0.05085	0.0486606	5.50489e-05	5.05352e-05	
9.6e-10	30	0.00959581	0.0232517	0.999684	0.982867	0.983412	0.059603	0.0598087	7.4494e-05	6.58764e-05	
1.02e-09	32	0.00386512	0.00594942	0.999975	0.981669	0.982221	0.0581568	0.0432033	7.48812e-05	7.47456e-05	
1.08e-09	34	0.00940127	0.00448071	0.999946	0.981392	0.98118	0.0686657	0.0729138	8.82167e-05	6.94204e-05	
1.14e-09	36	0.00527285	0.00982991	0.999938	0.979381	0.980105	0.0242232	0.0603895	7.48486e-05	6.94095e-05	
1.2e-09	38	0.025446	-0.0427863	0.99876	0.979096	0.978881	0.0642546	0.0749766	0.000120819	9.32694e-05	
1.26e-09	40	0.00283834	0.0134457	0.999906	0.978132	0.977815	0.0352375	0.0371394	8.30537e-05	9.05999e-05	
1.32e-09	42	-0.0125293	-0.0213466	0.999694	0.976388	0.976892	0.0559903	0.0574977	7.57497e-05	4.78106e-05	
1.38e-09	44	0.0251626	-0.035363	0.999058	0.976427	0.975596	0.0553123	0.0315717	0.000117684	9.36227e-05	
1.44e-09	46	-0.013942	0.00992922	0.999854	0.974148	0.974401	0.0513141	0.0870106	0.000139514	0.000113586	
1.5e-09	48	-0.00369007	-0.00172982	0.999992	0.972877	0.973059	0.0356995	0.0677775	0.00013233	0.000149588	
1.56e-09	50	-0.0213155	0.0048857	0.999761	0.972247	0.972059	0.0450354	0.077366	0.000125504	0.000100768	
1.62e-09	52	0.0201936	0.000225166	0.999796	0.97133	0.971186	0.0306197	0.0789812	0.000124673	9.16917e-05	
1.68e-09	54	-0.0226562	-0.0272017	0.999373	0.970652	0.969797	0.0733603	0.0658499	9.56628e-05	8.27695e-05	
1.74e-09	56	0.00259857	-0.0360341	0.999347	0.968446	0.968682	0.0484622	0.0343131	0.000172361	0.000142652	
1.8e-09	58	-0.0252013	0.00619379	0.999663	0.966674	0.967429	0.0378896	0.0652996	0.000137038	0.000126699	
1.86e-09	60	-0.00626638	0.0394773	0.999201	0.966046	0.966611	0.0492896	0.0621762	0.000175476	0.000134698	
1.92e-09	62	-0.0138319	-0.0119406	0.999833	0.964902	0.96499	0.0484395	0.0637119	0.000205909	0.000161753	
1.98e-09	64	0.00236088	-0.0317605	0.999493	0.962717	0.964001	0.0300835	0.0509055	0.000101626	0.000104892	
2.04e-09	66	0.00830995	-0.0300903	0.999513	0.962526	0.962916	0.051064	0.0729701	0.000134294	9.60498e-05	
2.1e-09	68	0.00979436	-0.0227103	0.999694	0.964035	0.962045	0.0728685	0.045543	0.000225834	0.000144727	
2.16e-09	70	0.0253057	0.0160604	0.999551	0.961231	0.960768	0.083438	0.039799	0.000231342	0.000181859	
2.22e-09	72	-0.0170639	0.0329358	0.999312	0.961205	0.959488	0.046376	0.0684596	0.000258864	0.000227303	
2.28e-09	74	-0.000424192	-0.0239517	0.999713	0.959011	0.958163	0.0302434	0.0672891	0.000131727	0.000127352	
2.34e-09	76	-0.0107586	0.0169659	0.999798	0.958108	0.956747	0.0379469	0.0609607	0.000183983	0.000153202	
2.4e-09	78	0.0503272	0.0376478	0.998023	0.955411	0.956239	0.0531823	0.0655714	0.000224184	0.000179739	
2.46e-09	80	0.0285829	0.00685015	0.999568	0.956899	0.954632	0.0723882	0.045814	0.000185042	0.000193922	
2.52e-09	82	0.00372214	-0.010178	0.999941	0.953592	0.953644	0.0893505	0.0593986	0.000145638	0.000157987	
2.58e-09	84	-0.00990486	0.00536788	0.999937	0.951237	0.952209	0.045505	0.060813	0.000201493	0.000199128	
2.64e-09	86	-0.00653676	-0.0293827	0.999547	0.949016	0.951465	0.0323107	0.0393252	0.000237668	0.000252585	
2.7e-09	88	-0.00474108	0.0169816	0.999845	0.948575	0.949776	0.0443011	0.0530179	0.000257867	0.000302673	
2.76e-09	90	0.0201187	0.000562892	0.999797	0.949055	0.948478	0.0521464	0.0699103	0.000298426	0.000257928	
2.82e-09	92	-0.00141402	-0.0388054	0.999246	0.949538	0.947613	0.028119	0.0494643	0.000168324	0.000147045	
2.88e-09	94	-0.00122144	-0.0119292	0.999928	0.946809	0.946164	0.0320939	0.0778597	0.000374304	0.000316712	
2.94e-09	96	-0.0193626	-0.0245574	0.999511	0.94546	0.944955	0.0476422	0.0665616	0.000215515	0.000151437	
3e-09	98	-0.0414023	-0.0214577	0.998912	0.944395	0.943605	0.0675189	0.0652294	0.0001967	0.00013671	
3.06e-09	100	0.00344657	-0.00403528	0.999986	0.940861	0.942831	0.0620791	0.0563089	0.00024765	0.000195401	
3.12e-09	102	-0.0017734	0.0221311	0.999754	0.937518	0.94124	0.0571551	0.0594282	0.000193248	0.00022221	
3.18e-09	104	0.0469924	-0.0114606	0.998829	0.941838	0.940246	0.0751455	0.0504052	0.000426968	0.000342716	
3.24e-09	106	-0.0104631	0.0258851	0.99961	0.940016	0.93909	0.0651407	0.0465153	0.000397055	0.000316862	
3.3e-09	108	0.000967123	-0.0656378	0.997843	0.93717	0.938314	0.0451414	0.0764791	0.000322154	0.000353675	
3.36e-09	110	-0.0225969	-0.0216013	0.999511	0.933483	0.937243	0.0585094	0.0390279	0.000286924	0.000299462	
3.42e-09	112	0.0320694	-0.00571324	0.999469	0.937146	0.935519	0.0760594	0.0689194	0.000236802	0.000198835	
3.48e-09	114	-0.0187109	0.0166653	0.999686	0.933226	0.933936	0.04609	0.0601667	0.000294001	0.000217471	
3.54e-09	116	-0.0743259	-0.00193856	0.997232	0.936067	0.932899	0.0720907	0.0680637	0.000336062	0.000314245	
3.6e-09	118	-0.0116404	0.0569247	0.998311	0.929496	0.932453	0.0674292	0.0478266	0.000439067	0.000301524	
3.66e-09	120	-0.0323556	0.0509008	0.998179	0.932506	0.930458	0.064605	0.0434803	0.000290919	0.000234613	
3.72e-09	122	-0.06611	0.00761215	0.997783	0.928454	0.929822	0.0590497	0.062569	0.000686669	0.000516998	
3.78e-09	124	0.0135834	0.0201762	0.999704	0.928929	0.928567	0.0559046	0.0692532	0.000362714	0.000299328	
3.84e-09	126	0.00773048	-0.0137708	0.999875	0.927331	0.927872	0.0438697	0.0451251	0.00020606	0.000250243	
3.9e-09	128	-0.0203029	0.0193004	0.999608	0.925296	0.925185	0.053392	0.0597057	0.000192487	0.000165293	
3.96e-09	130	0.038481	-0.0539986	0.997799	0.926496	0.925492	0.0512445	0.0629514	0.000249766	0.000198443	
4.02e-09	132	-0.0278381	-0.0347482	0.999008	0.925541	0.922897	0.0530155	0.0535624	0.000333662	0.000326163	
4.08e-09	134	-0.0595345	0.0320277	0.997712	0.921111	0.922395	0.0436136	0.0503809	0.000336085	0.000237968	
4.14e-09	136	-0.0325181	-0.0216052	0.999238	0.91671	0.920904	0.0599055	0.0572135	0.000432429	0.000400498	
4.2e-09	138	-0.0152202	-0.0366924	0.999211	0.918544	0.921013	0.0582329	0.0430014	0.000496519	0.00040785	
4.26e-09	140	0.00640615	0.00663934	0.999957	0.91787	0.918531	0.033894	0.0691986	0.000340373	0.000256857	
4.32e-09	142	0.0253937	0.0184079	0.999508	0.921334	0.917339	0.0428865	0.0363702	0.000324585	0.000299624	
4.38e-09	144	0.011385	-0.0280884	0.999541	0.911467	0.915724	0.0356426	0.0795773	0.000463026	0.00041143	
4.44e-09	146	-0.0101696	-0.0580302	0.998263	0.912916	0.914994	0.0355836	0.0570264	0.000494515	0.000464202	
4.5e-09	148	-0.0031201	-0.041701	0.999125	0.910805	0.913464	0.0497878	0.051354	0.000531447	0.000443606	
4.56e-09	150	-0.00600629	-0.0144669	0.999877	0.910567	0.911779	0.0458933	0.0543151	0.000447517	0.000483019	
4.62e-09	152	-0.0742279	0.0238159	0.996957	0.912945	0.910026	0.0531672	0.052889	0.000440722	0.000486569	
4.68e-09	154	0.00560466	-0.0139305	0.999887	0.908408	0.908832	0.0626155	0.0548216	0.000311382	0.000288559	
4.74e-09	156	0.0085787	0.0145556	0.999857	0.904881	0.908466	0.0865601	0.0582966	0.000444037	0.000345814	
4.8e-09	158	0.0401463	-0.00576248	0.999177	0.908081	0.906192	0.0576	0.0371524	0.000322158	0.000268972	
4.86e-09	160	-0.00765628	-0.0409176	0.999133	0.905093	0.906398	0.0932217	0.0709094	0.000619834	0.000480259	
4.92e-09	162	0.0763167	-0.0318749	0.996574	0.904683	0.904495	0.0582238	0.0609297	0.000636366	0.000507916	
4.98e-09	164	-0.0256089	0.012774	0.99959	0.902562	0.903842	0.0746887	0.0614762	0.000435539	0.000377305	
5.04e-09	166	-0.023398	0.0059158	0.999709	0.89783	0.901173	0.0709079	0.0560963	0.000541039	0.000590847	
5.1e-09	168	-0.00169644	0.0686502	0.997639	0.895277	0.900676	0.0691483	0.0859312	0.000545169	0.000494988	
5.16e-09	170	0.00763766	-0.0721643	0.997364	0.90035	0.898878	0.0413585	0.068745	0.00063324	0.000572054	
5.22e-09	172	0.0440943	-0.0612037	0.997151	0.903536	0.898506	0.0519576	0.0739861	0.000721821	0.000604986	
5.28e-09	174	-0.00958992	-0.0076671	0.999925	0.897853	0.896552	0.0550449	0.049253	0.000477935	0.000365699	
5.34e-09	176	-0.000158947	-0.0145419	0.999894	0.898049	0.89633	0.0683869	0.0359052	0.000503171	0.000509821	
5.4e-09	178	0.0216938	0.0923361	0.995492	0.891828	0.893687	0.0901131	0.0769492	0.000603247	0.000539927	
5.46e-09	180	-0.0437123	0.0642764	0.996974	0.883758	0.892572	0.0437299	0.0663139	0.000706245	0.000635087	
5.52e-09	182	-0.0751455	0.0720372	0.994567	0.884561	0.8914	0.0537386	0.0594089	0.000701508	0.00056485	
5.58e-09	184	-0.00807805	-0.0233079	0.999696	0.8952	0.890835	0.0361219	0.0704564	0.000843753	0.000854599	
5.64e-09	186	0.0197794	0.0223224	0.999555	0.885871	0.88869	0.0488988	0.0585881	0.000827194	0.000661377	
5.7e-09	188	0.0846063	0.0226012	0.996158	0.888034	0.887872	0.0536411	0.060994	0.000704623	0.000593556	
5.76e-09	190	0.0805539	-0.0265743	0.996396	0.891577	0.886251	0.0853068	0.056036	0.000556088	0.000446035	
5.82e-09	192	0.0193553	0.0565701	0.998211	0.882695	0.883985	0.0604475	0.0303623	0.000351257	0.00033815	
5.88e-09	194	0.0219346	-0.0497442	0.998521	0.882228	0.88292	0.0512168	0.0538234	0.000623748	0.00065413	
5.94e-09	196	0.0214087	0.041696	0.998901	0.883347	0.883182	0.0621028	0.0553436	0.000567077	0.00059299	
6e-09	198	0.0420879	0.0462366	0.998043	0.880996	0.881842	0.0880119	0.0415722	0.000464731	0.000458277	
6.06e-09	200	0.10308	0.00645914	0.994652	0.880632	0.879901	0.0714982	0.053114	0.00073428	0.000644035	
6.12e-09	202	0.103555	0.0369488	0.993937	0.877082	0.8796	0.0760842	0.0947992	0.000553641	0.000424277	
6.18e-09	204	-0.012824	-0.0516256	0.998584	0.875502	0.878009	0.0404549	0.0506161	0.000663622	0.000479953	
6.24e-09	206	0.00144163	-0.020883	0.999781	0.874727	0.876187	0.0804944	0.0487371	0.000787009	0.000557027	
6.3e-09	208	0.0395639	-0.00800499	0.999185	0.879102	0.875902	0.0781341	0.082151	0.000643833	0.000556932	
6.36e-09	210	-0.0278182	0.0853318	0.995964	0.880356	0.87535	0.0486778	0.13161	0.000454876	0.00037715	
6.42e-09	212	0.017212	-0.00512952	0.999839	0.868453	0.871241	0.0535906	0.0705201	0.000997528	0.000726305	
6.48e-09	214	-0.0460446	-0.0693939	0.996526	0.867877	0.870574	0.0667411	0.0649445	0.00128493	0.00083842	
6.54e-09	216	0.107659	0.025462	0.993862	0.868477	0.868899	0.0809808	0.0307687	0.000817096	0.000751927	
6.6e-09	218	0.0150254	0.0176201	0.999732	0.868553	0.86822	0.0434865	0.0478923	0.000620449	0.000537904	
6.66e-09	220	-0.00987145	0.0386502	0.999204	0.86663	0.866666	0.0654064	0.0557433	0.000994028	0.000860783	
6.72e-09	222	-0.0140262	0.00514062	0.999888	0.860464	0.865404	0.0409894	0.0708841	0.000933113	0.000843629	
6.78e-09	224	0.0763706	0.0297392	0.996636	0.858724	0.863688	0.0426783	0.0683499	0.000573132	0.000591633	
6.84e-09	226	-0.0432326	-0.068705	0.9967	0.866106	0.862449	0.0863473	0.0551051	0.000455013	0.000400869	
6.9e-09	228	-0.0228834	-0.00149586	0.999737	0.863157	0.860702	0.0814327	0.0846461	0.000986903	0.000973569	
6.96e-09	230	-0.0346445	-0.063211	0.997399	0.865921	0.859099	0.091562	0.0536099	0.000925731	0.000776636	
7.02e-09	232	-0.029583	0.0797018	0.99638	0.860803	0.858817	0.0384103	0.0795342	0.000693698	0.000706348	
7.08e-09	234	0.0521312	0.00432526	0.998631	0.85683	0.85584	0.0730127	0.0878568	0.00157527	0.0010691	
7.14e-09	236	-0.0195076	-0.0912736	0.995635	0.85221	0.854259	0.0681978	0.0551865	0.000476891	0.000300674	
7.2e-09	238	-0.0618179	-0.0195329	0.997896	0.853368	0.854586	0.0798839	0.0585998	0.000884216	0.000729207	
7.26e-09	240	0.0125359	0.0227679	0.999662	0.855258	0.852551	0.0445743	0.0572373	0.000682534	0.000562052	
7.32e-09	242	-0.0349083	0.0706681	0.996889	0.856749	0.851653	0.0997051	0.0502733	0.00123661	0.000862868	
7.38e-09	244	0.0676765	0.0254345	0.997383	0.859742	0.851149	0.0717235	0.0777155	0.00084911	0.000648264	
7.44e-09	246	-0.0323329	-0.0583176	0.997774	0.847704	0.849556	0.078187	0.0911471	0.000916244	0.000652469	
7.5e-09	248	-0.034281	0.0779593	0.996367	0.857964	0.845932	0.074452	0.0752822	0.00170805	0.00106092	
7.56e-09	250	0.0525647	0.0333486	0.998061	0.844546	0.84602	0.0548148	0.0756087	0.0008079	0.000677431	
7.62e-09	252	-0.0677722	0.00809063	0.997668	0.840173	0.84391	0.032061	0.0938509	0.00221225	0.0014534	
7.68e-09	254	-0.00483564	-0.0258706	0.999654	0.841297	0.84109	0.0449602	0.0615194	0.000755041	0.000612731	
7.74e-09	256	-0.0442121	0.00728863	0.998996	0.848336	0.841488	0.0593221	0.0376386	0.000962499	0.000755456	
7.8e-09	258	0.011394	-0.0228489	0.999674	0.841014	0.839505	0.0794567	0.0459394	0.000909591	0.000861041	
7.86e-09	260	0.0902354	-0.0980282	0.991084	0.827448	0.838197	0.0930533	0.105359	0.00143877	0.0010127	
7.92e-09	262	0.00350233	-0.192967	0.981199	0.834475	0.83651	0.0700033	0.0792391	0.00114535	0.000705648	
7.98e-09	264	0.077585	-0.000217712	0.996986	0.835293	0.83603	0.0691863	0.039501	0.00073226	0.000646578	
8.04e-09	266	0.0466472	0.0563899	0.997319	0.843728	0.832883	0.0794361	0.0539717	0.00131985	0.00109444	
8.1e-09	268	0.0493075	0.012149	0.99871	0.830562	0.831089	0.0697769	0.0638947	0.00142049	0.00136714	
8.16e-09	270	0.0541361	-0.0168971	0.998391	0.831108	0.830617	0.0838162	0.0577813	0.000980562	0.000815099	
8.22e-09	272	-0.0172681	-0.0428282	0.998933	0.831084	0.828335	0.0550336	0.0684342	0.00139987	0.00129693	
8.28e-09	274	0.105504	0.0665433	0.99219	0.831374	0.828715	0.116167	0.0551559	0.0010299	0.000608871	
8.34e-09	276	-0.0155168	0.0068309	0.999856	0.816996	0.827319	0.0698132	0.0465213	0.00123956	0.000916793	
8.4e-09	278	0.0564533	0.0875803	0.994557	0.821393	0.824747	0.0692525	0.0598879	0.000793218	0.000716565	
8.46e-09	280	-0.0340495	0.0612291	0.997543	0.830032	0.822316	0.049586	0.0427028	0.000758793	0.000818623	
8.52e-09	282	0.0663231	0.10456	0.992305	0.812619	0.820537	0.0754434	0.0554106	0.00116404	0.000765258	
8.58e-09	284	-0.0443129	-0.0452421	0.997993	0.818255	0.822144	0.0758498	0.0974393	0.00167457	0.000897151	
8.64e-09	286	-0.0221988	-0.107204	0.993989	0.816717	0.819448	0.0503714	0.0642995	0.00117378	0.000959585	
8.7e-09	288	0.042091	0.027586	0.998733	0.816656	0.818401	0.0875006	0.046749	0.00134433	0.000907459	
8.76e-09	290	-0.0392149	0.0245432	0.998929	0.809805	0.817656	0.0778957	0.0932081	0.00160878	0.00127308	
8.82e-09	292	0.0271444	0.0288808	0.999214	0.810042	0.813029	0.0626394	0.0669654	0.00174389	0.00142592	
8.88e-09	294	-0.0382785	0.0193378	0.99908	0.825938	0.815838	0.0464388	0.0507827	0.000936208	0.000760512	
8.94e-09	296	0.0110336	-0.0970778	0.995216	0.813395	0.811725	0.0479501	0.0929859	0.00134435	0.00087593	
9e-09	298	0.0508299	-0.0841936	0.995152	0.816974	0.806941	0.0400741	0.0949083	0.00183471	0.00112601	
9.06e-09	300	-0.0387735	0.0262067	0.998904	0.809018	0.807777	0.0543924	0.0942674	0.0013122	0.00109184	
9.12e-09	302	0.0483226	-0.0114049	0.998767	0.814255	0.80731	0.0586327	0.0888929	0.00144	0.000978546	
9.18e-09	304	-0.0180176	-0.0420339	0.998954	0.806287	0.805146	0.0474687	0.0436461	0.000829749	0.000733678	
9.24e-09	306	-0.0169713	-0.106026	0.994219	0.807807	0.801867	0.0830522	0.0793951	0.00165912	0.00160137	
9.3e-09	308	-0.0637955	0.0366211	0.997291	0.80652	0.800254	0.0567098	0.0529998	0.00138323	0.00124439	
9.36e-09	310	0.0197443	0.0350989	0.999189	0.796533	0.80038	0.0960663	0.0617251	0.00127689	0.00117927	
9.42e-09	312	-0.148061	-0.0580688	0.987272	0.798665	0.797651	0.0499232	0.0489718	0.00155787	0.00138296	
9.48e-09	314	0.0547191	0.0439712	0.997533	0.799169	0.79741	0.0488824	0.0679122	0.00184055	0.00114921	
9.54e-09	316	0.0124001	-0.023988	0.999635	0.808279	0.798358	0.0500128	0.0401594	0.00143555	0.00111926	
9.6e-09	318	0.0211063	0.0606179	0.997938	0.789878	0.79507	0.0464037	0.108707	0.00125463	0.0009136	
9.66e-09	320	-0.0848333	0.0254305	0.996071	0.796918	0.791799	0.0832642	0.067407	0.00108931	0.00090772	
9.72e-09	322	0.068316	0.048097	0.996504	0.785325	0.791869	0.0637802	0.0509191	0.00116152	0.00092374	
9.78e-09	324	0.0539454	0.0801097	0.995325	0.787374	0.78945	0.0404649	0.0340273	0.00107234	0.00103225	
9.84e-09	326	0.0462488	0.0835621	0.995429	0.790607	0.788621	0.0563754	0.125299	0.00205729	0.00147504	
9.9e-09	328	0.0449904	-0.100665	0.993903	0.791037	0.786142	0.0625366	0.107472	0.00192127	0.0017118	
9.96e-09	330	-0.0860177	0.0835829	0.992781	0.795747	0.784434	0.0615476	0.0644222	0.00199219	0.00183126	
1.002e-08	332	0.164043	0.0567745	0.984818	0.791014	0.782891	0.0624846	0.0819654	0.00156795	0.00117632	
1.008e-08	334	0.0638774	-0.0682266	0.995623	0.783796	0.782135	0.0682835	0.101059	0.00192601	0.00144181	
1.014e-08	336	0.0796665	-0.063082	0.994824	0.780944	0.778243	0.0826056	0.0821345	0.00230498	0.0015765	
1.02e-08	338	0.0218751	-0.0112161	0.999698	0.77601	0.778479	0.072105	0.0572247	0.000942735	0.000973163	
1.026e-08	340	-0.153822	0.0828575	0.984618	0.779373	0.775542	0.0789424	0.0761622	0.00221706	0.00183884	
1.032e-08	342	-0.117599	0.0811937	0.989736	0.775988	0.774926	0.0658985	0.0619367	0.00161226	0.00134579	
1.038e-08	344	-0.0523048	-0.0759434	0.995739	0.773981	0.770749	0.0680154	0.0776506	0.00260789	0.00228024	
1.044e-08	346	0.0846493	-0.0762647	0.993488	0.760862	0.769512	0.0713023	0.0463056	0.00191937	0.00143518	
1.05e-08	348	-0.01608	-0.0532865	0.99845	0.773738	0.769049	0.0441017	0.0709999	0.00117729	0.00121351	
1.056e-08	350	-0.0671901	0.0816824	0.994391	0.769524	0.768593	0.122145	0.0572549	0.0019053	0.00174675	
1.062e-08	352	-0.0589387	0.0460899	0.997197	0.776949	0.767146	0.0731933	0.0630714	0.00141328	0.00128749	
1.068e-08	354	0.0233831	0.00278424	0.999723	0.762801	0.762961	0.0762969	0.0473588	0.00112249	0.0011632	
1.074e-08	356	0.177233	0.043761	0.983196	0.773704	0.760208	0.0570937	0.0513995	0.00180049	0.00173185	
1.08e-08	358	0.0274215	-0.0942591	0.99517	0.7625	0.760212	0.0586805	0.0596004	0.00180812	0.00136762	
1.086e-08	360	0.0152977	0.0755043	0.997028	0.773809	0.756952	0.0557316	0.0772185	0.00286163	0.00209323	
1.092e-08	362	0.0420533	0.00252325	0.999112	0.746482	0.75719	0.0580613	0.0711024	0.0016366	0.0018852	
1.098e-08	364	0.000902611	0.0385736	0.999255	0.757197	0.75361	0.0613041	0.091788	0.00298789	0.00212645	
1.104e-08	366	-0.0498692	0.0138182	0.99866	0.754099	0.754209	0.0463201	0.0619995	0.00131439	0.0011251	
1.11e-08	368	0.0109652	0.00789984	0.999909	0.741751	0.750117	0.032938	0.120728	0.00193448	0.00122999	
1.116e-08	370	-0.0487456	-0.0659391	0.996632	0.742978	0.7487	0.0948231	0.0743607	0.00180809	0.00158267	
1.122e-08	372	0.0313686	-0.00843598	0.999472	0.747963	0.746245	0.0731397	0.0931629	0.00276342	0.00271695	
1.128e-08	374	-0.00818647	-0.0117993	0.999897	0.757279	0.745843	0.0659735	0.0594422	0.00190881	0.00148581	
1.134e-08	376	0.0253038	-0.0509662	0.99838	0.757908	0.742518	0.0671495	0.0714355	0.00281972	0.0019164	
1.14e-08	378	-0.0378253	0.124131	0.991545	0.748766	0.74503	0.0722563	0.0832064	0.00273222	0.00182293	
1.146e-08	380	0.00796458	0.0561522	0.99839	0.746108	0.740136	0.0924086	0.0482822	0.00147612	0.00123302	
1.152e-08	382	0.0392279	-0.00438321	0.999221	0.729816	0.737493	0.110662	0.0606246	0.00313068	0.00211349	
1.158e-08	384	0.00323997	0.0268105	0.999635	0.742321	0.738945	0.0489322	0.0938355	0.0018444	0.00169871	
1.164e-08	386	0.141012	-0.109716	0.98391	0.721461	0.73745	0.0606487	0.0537981	0.00193243	0.00143547	
1.17e-08	388	0.0215795	-0.112295	0.993441	0.725189	0.732685	0.050866	0.0708553	0.002638	0.00224813	
1.176e-08	390	0.0916657	-0.059279	0.994024	0.737415	0.733533	0.0638648	0.0624594	0.00186439	0.0017757	
1.182e-08	392	0.032041	-0.117702	0.992532	0.718175	0.730201	0.0638235	0.0964935	0.00249346	0.00164132	
1.188e-08	394	0.0471116	-0.137059	0.989442	0.732646	0.729144	0.0792952	0.1014	0.00263966	0.00176295	
1.194e-08	396	-0.0974519	-0.191101	0.976721	0.705537	0.724052	0.0610685	0.08074	0.00289013	0.00221937	
1.2e-08	398	0.131411	0.0920018	0.987049	0.739094	0.723071	0.0890181	0.0802786	0.00283156	0.00206847	
1.206e-08	400	0.0486556	0.00381489	0.998808	0.737423	0.722849	0.0677224	0.0561208	0.00332723	0.00249784	
1.212e-08	402	0.0730086	-0.0980704	0.992498	0.710486	0.719956	0.0580699	0.0519065	0.00215691	0.00169573	
1.218e-08	404	-0.122683	-0.0263487	0.992096	0.729441	0.719873	0.0646063	0.0614983	0.00237582	0.00191579	
1.224e-08	406	0.036774	0.0262376	0.998979	0.72443	0.715525	0.138644	0.0828325	0.0023202	0.00118285	
1.23e-08	408	0.0905713	0.152775	0.984102	0.703046	0.71439	0.1003	0.107015	0.00484764	0.00412406	
1.236e-08	410	-0.088469	0.0492721	0.99486	0.709941	0.712947	0.0767697	0.129347	0.00164656	0.00114769	
1.242e-08	412	-0.0135887	-0.089749	0.995872	0.705183	0.705481	0.0861383	0.0524707	0.0057953	0.00320428	
1.248e-08	414	-0.0677041	0.035128	0.997087	0.713149	0.708794	0.0660744	0.0853375	0.00275529	0.00183975	
1.254e-08	416	0.0654808	-0.0285822	0.997444	0.702803	0.708735	0.0540051	0.0744583	0.00264724	0.00218184	
1.26e-08	418	0.0155362	-0.0981059	0.995055	0.710366	0.700802	0.108055	0.0774923	0.003076	0.00250869	
1.266e-08	420	0.127116	-0.171713	0.976912	0.683114	0.702074	0.108985	0.10316	0.00451071	0.00345004	
1.272e-08	422	-0.0454743	-0.137108	0.989512	0.69532	0.695887	0.0672343	0.109104	0.00240525	0.00196211	
1.278e-08	424	0.126834	-0.0272859	0.991549	0.688628	0.699638	0.0621742	0.0598292	0.00207118	0.00174135	
1.284e-08	426	0.0268148	-0.157311	0.987185	0.720079	0.697609	0.0464515	0.0654685	0.002143	0.00154326	
1.29e-08	428	-0.0297248	-0.144201	0.989102	0.690942	0.692714	0.071365	0.066847	0.00335503	0.0025735	
1.296e-08	430	-0.0663091	-0.0453246	0.996769	0.679633	0.692564	0.0675858	0.0490988	0.00234045	0.00217658	
1.302e-08	432	-0.0291875	-0.183204	0.982642	0.680911	0.689858	0.0633553	0.125252	0.00202916	0.0014944	
1.308e-08	434	-0.0446959	0.0815811	0.995664	0.676945	0.68648	0.0694501	0.051144	0.00151863	0.00147495	
1.314e-08	436	0.0199022	-0.0411247	0.998956	0.661148	0.686154	0.0480194	0.0717214	0.00349547	0.00278308	
1.32e-08	438	-0.160347	0.0159014	0.986933	0.686856	0.686144	0.0734363	0.122258	0.00214378	0.00192563	
1.326e-08	440	0.11831	-0.0982828	0.988101	0.70271	0.680747	0.0873793	0.0688886	0.00367259	0.00291879	
1.332e-08	442	-0.0475465	0.154919	0.986782	0.674465	0.680599	0.048701	0.114016	0.00380564	0.00218102	
1.338e-08	444	-0.0475307	-0.0511774	0.997558	0.691399	0.677376	0.0642704	0.059607	0.00323941	0.00252133	
1.344e-08	446	0.0404706	0.117616	0.992234	0.667152	0.674617	0.0661478	0.0945425	0.00309065	0.00213838	
1.35e-08	448	-0.233079	0.0957709	0.96773	0.695221	0.670482	0.0947299	0.0981502	0.0043882	0.00399561	
1.356e-08	450	-0.138281	0.00508714	0.99038	0.648991	0.670594	0.0525088	0.0806106	0.00406919	0.00374926	
1.362e-08	452	-0.00193148	0.0497631	0.998759	0.679821	0.6704	0.0603608	0.0592804	0.00261079	0.00209239	
1.368e-08	454	0.0507978	-0.00747364	0.998681	0.68768	0.667551	0.108175	0.0572406	0.00262413	0.00223388	
1.374e-08	456	-0.0465622	0.229258	0.972251	0.668863	0.665079	0.118323	0.0766999	0.00594967	0.00407524	
1.38e-08	458	0.0199543	-0.146829	0.988961	0.656798	0.661884	0.0618733	0.0554741	0.00296154	0.00218835	
1.386e-08	460	-0.0391811	0.00472109	0.999221	0.651207	0.660131	0.0553748	0.0869376	0.00336923	0.00232215	
1.392e-08	462	0.144474	-0.0797325	0.986291	0.641982	0.658884	0.0739801	0.0662454	0.00285118	0.00316339	
1.398e-08	464	0.0837552	0.0547397	0.994982	0.660917	0.652314	0.0941691	0.0835312	0.0074844	0.00497513	
1.404e-08	466	0.135655	0.0250991	0.990438	0.649264	0.654068	0.0527434	0.0694188	0.00300506	0.0023772	
1.41e-08	468	0.0329542	-0.247186	0.968408	0.631143	0.651078	0.0573558	0.0680156	0.00301244	0.00238316	
1.416e-08	470	0.00425894	0.0536056	0.998553	0.662947	0.645995	0.0566375	0.0710852	0.00370794	0.00302203	
1.422e-08	472	0.0351076	0.0186928	0.999209	0.660119	0.646695	0.0595427	0.0855806	0.00319453	0.00208507	
1.428e-08	474	0.0846734	-0.00598852	0.996391	0.643002	0.644433	0.0669581	0.0641841	0.00354639	0.00297311	
1.434e-08	476	-0.0737208	-0.168352	0.982966	0.649353	0.639951	0.0525525	0.0791903	0.00331259	0.00250439	
1.44e-08	478	-0.0980622	-0.042328	0.99428	0.611995	0.630705	0.0942985	0.0686589	0.00543858	0.00502482	
1.446e-08	480	-0.160444	-0.0672035	0.984754	0.648982	0.634889	0.137501	0.0452225	0.00443123	0.00302831	
1.452e-08	482	0.0437544	-0.0654762	0.996894	0.642026	0.63558	0.0931772	0.0692552	0.0040128	0.00292054	
1.458e-08	484	-0.00489403	0.117969	0.993005	0.641756	0.631592	0.0574816	0.0806105	0.00435032	0.00400963	
1.464e-08	486	0.123849	0.0165257	0.992163	0.619417	0.629547	0.0632812	0.0721336	0.00569672	0.00514608	
1.47e-08	488	-0.0803	-0.0035595	0.996764	0.630653	0.623955	0.111427	0.0708126	0.00453565	0.00176324	
1.476e-08	490	0.0865766	0.0676406	0.993946	0.649094	0.62292	0.0794885	0.100361	0.0059866	0.00439041	
1.482e-08	492	-0.0114115	0.0952168	0.995391	0.622156	0.62181	0.0405724	0.0780953	0.0050589	0.00417366	
1.488e-08	494	-0.00236075	0.153358	0.988168	0.626175	0.616259	0.131535	0.0926184	0.00570697	0.00275089	
1.494e-08	496	0.0547518	-0.131602	0.989789	0.603926	0.609348	0.0882345	0.0913576	0.00754275	0.00440492	
1.5e-08	498	-0.151993	0.271005	0.950502	0.616862	0.615686	0.0505924	0.105485	0.00365889	0.00242749	
1.506e-08	500	0.0189321	0.0500394	0.998568	0.606791	0.610626	0.0620298	0.0805124	0.00320664	0.00330975	
1.512e-08	502	-0.00789909	0.164859	0.986285	0.618379	0.607182	0.057114	0.0645508	0.00392917	0.00370042	
1.518e-08	504	-0.0316944	-0.0315648	0.998999	0.613657	0.606815	0.104727	0.0755563	0.00513152	0.00459659	
1.524e-08	506	-0.0721736	0.0250228	0.997078	0.62812	0.601748	0.0807188	0.0939999	0.00572467	0.00442916	
1.53e-08	508	-0.0543935	-0.168021	0.984282	0.609926	0.599541	0.139031	0.0511771	0.00529149	0.00367433	
1.536e-08	510	0.0226453	0.0769301	0.996779	0.588306	0.596555	0.115923	0.10415	0.00580403	0.00337165	
1.542e-08	512	-0.154918	0.0614732	0.986013	0.587956	0.594276	0.0901287	0.0883082	0.00381232	0.00363198	
1.548e-08	514	0.05272	-0.183349	0.981633	0.585433	0.591395	0.042744	0.0687613	0.00579307	0.00604986	
1.554e-08	516	-0.0501654	0.00695439	0.998717	0.614132	0.587515	0.0609026	0.0944596	0.0032573	0.00295014	
1.56e-08	518	0.0047787	0.0868476	0.99621	0.600012	0.582178	0.0527121	0.0895913	0.00735907	0.00570263	
1.566e-08	520	-0.285592	0.146168	0.947139	0.598723	0.578512	0.0768605	0.117657	0.0076466	0.00509081	
1.572e-08	522	0.12184	-0.118152	0.985492	0.587158	0.577379	0.0893814	0.0652599	0.00549241	0.00448891	
1.578e-08	524	-0.118928	-0.0670553	0.990636	0.562407	0.57554	0.118922	0.0541692	0.00808724	0.00513	
1.584e-08	526	0.425197	-0.289289	0.857624	0.554897	0.573966	0.186493	0.0971758	0.016005	0.00907527	
1.59e-08	528	-0.0618808	0.115833	0.991339	0.54702	0.568025	0.108821	0.0841218	0.00649626	0.00579353	
1.596e-08	530	0.100693	-0.0905268	0.99079	0.564247	0.564535	0.0812665	0.097243	0.00522741	0.0039259	
1.602e-08	532	0.166791	-0.0507367	0.984686	0.578306	0.565239	0.0792453	0.0522158	0.00688045	0.00475716	
1.608e-08	534	-0.171032	-0.152287	0.973425	0.575957	0.556452	0.086522	0.0884069	0.0140274	0.0116313	
1.614e-08	536	0.126984	0.17154	0.976959	0.557698	0.56252	0.129497	0.0991549	0.00708186	0.00410739	
1.62e-08	538	-0.0813588	-0.0724856	0.994046	0.579274	0.55748	0.104417	0.080584	0.00526815	0.00362745	
1.626e-08	540	0.0103999	0.00882156	0.999907	0.546786	0.550652	0.0677667	0.0991924	0.00371929	0.00369024	
1.632e-08	542	0.0713629	0.00856271	0.997414	0.551744	0.548945	0.101	0.0833227	0.00619834	0.00394815	
1.638e-08	544	0.0531979	0.00614872	0.998565	0.556903	0.542944	0.0936239	0.128306	0.00812768	0.00509714	
1.644e-08	546	-0.152727	0.0853353	0.984577	0.534084	0.53919	0.0968327	0.103501	0.00779627	0.00567311	
1.65e-08	548	-0.0397631	0.218511	0.975024	0.552394	0.53781	0.0674907	0.107206	0.00538312	0.00483471	
1.656e-08	550	0.0146462	0.242849	0.969954	0.551812	0.538095	0.0855408	0.116459	0.0102813	0.00438993	
1.662e-08	552	-0.103818	-0.0314572	0.994099	0.557679	0.535389	0.091818	0.050739	0.00776269	0.00560157	
1.668e-08	554	0.264214	0.0338116	0.963871	0.538304	0.526373	0.119491	0.0537907	0.00685805	0.00400396	
1.674e-08	556	-0.00105581	-0.183626	0.982996	0.552781	0.524376	0.0694414	0.12823	0.0108452	0.00946167	
1.68e-08	558	-0.117683	0.0340361	0.992468	0.516079	0.524963	0.052839	0.0870023	0.00621573	0.00420892	
1.686e-08	560	-0.334988	0.0726632	0.939416	0.518189	0.510813	0.0876049	0.0847993	0.0140018	0.0109371	
1.692e-08	562	0.318786	-0.0228865	0.94755	0.503198	0.507518	0.149013	0.11077	0.0195209	0.0106362	
1.698e-08	564	-0.290978	-0.017751	0.956565	0.536715	0.510586	0.0504154	0.101106	0.00841532	0.00680393	
1.704e-08	566	-0.0755394	0.0761931	0.994228	0.544785	0.514938	0.0678031	0.0755148	0.00835753	0.00606424	
1.71e-08	568	0.0929496	0.0329362	0.995126	0.501287	0.504429	0.0913617	0.0710281	0.00775724	0.00645614	
1.716e-08	570	0.301065	0.243325	0.922038	0.48437	0.496544	0.121654	0.0818509	0.015632	0.0059786	
1.722e-08	572	-0.0621107	0.129956	0.989572	0.497676	0.499006	0.0466032	0.104748	0.0142351	0.00678043	
1.728e-08	574	0.0563016	0.181752	0.981731	0.444674	0.4957	0.0696403	0.111919	0.00912836	0.00638665	
1.734e-08	576	-0.180364	-0.235882	0.954897	0.478834	0.492644	0.133292	0.11542	0.0168113	0.00649786	
1.74e-08	578	-0.128342	0.100952	0.986578	0.503837	0.489036	0.0775277	0.115276	0.00804738	0.00749397	
1.746e-08	580	0.116318	-0.169675	0.978612	0.48797	0.48594	0.0987422	0.132584	0.01577	0.00517014	
1.752e-08	582	0.0474107	-0.159816	0.986008	0.502016	0.485566	0.131502	0.0781962	0.0122348	0.00806963	
1.758e-08	584	0.108128	0.13619	0.984764	0.492519	0.463059	0.0580418	0.0879244	0.0152087	0.00800542	
1.764e-08	586	-0.158094	0.0625619	0.98544	0.484887	0.47569	0.106919	0.117446	0.0227683	0.00986847	
1.77e-08	588	-0.0580049	0.033378	0.997758	0.459508	0.467181	0.152119	0.0951112	0.0117945	0.00794794	
1.776e-08	590	0.220931	-0.164585	0.961302	0.500205	0.461021	0.151535	0.105522	0.0133826	0.011666	
1.782e-08	592	0.0570351	-0.235735	0.970142	0.445535	0.451423	0.0561467	0.0695686	0.0118051	0.00918077	
1.788e-08	594	0.0582252	-0.156243	0.986001	0.461151	0.451989	0.0971397	0.117978	0.0136632	0.00645257	
1.794e-08	596	-0.192034	0.060316	0.979533	0.459476	0.448542	0.0434713	0.0968883	0.0136446	0.0103393	
1.8e-08	598	0.434583	-0.292382	0.851851	0.424809	0.442506	0.138451	0.0864375	0.0138963	0.00814457	
1.806e-08	600	-0.225729	-0.0521709	0.972792	0.447375	0.442231	0.0831663	0.0671495	0.00895354	0.00619263	
1.812e-08	602	-0.275998	-0.137325	0.951298	0.463252	0.442622	0.110192	0.0508705	0.0152823	0.0117445	
1.818e-08	604	-0.126539	-0.101999	0.986704	0.466477	0.437504	0.0672144	0.08598	0.0103586	0.00675991	
1.824e-08	606	-0.308681	-0.226319	0.923848	0.413111	0.423793	0.0873716	0.131549	0.0193375	0.0132186	
1.83e-08	608	-0.0635269	-0.258361	0.963957	0.448255	0.416937	0.118759	0.154195	0.0170765	0.00855431	
1.836e-08	610	-0.142036	0.308624	0.94052	0.380087	0.416838	0.0679354	0.129694	0.0176066	0.0115036	
1.842e-08	612	-0.129866	-0.211732	0.968661	0.399198	0.404251	0.114467	0.105319	0.0213859	0.0143845	
1.848e-08	614	-0.0652748	-0.289165	0.955051	0.424639	0.409821	0.117686	0.169785	0.0153169	0.00665017	
1.854e-08	616	0.14817	-0.0661007	0.98675	0.369175	0.396306	0.0910016	0.107631	0.0238087	0.015586	
1.86e-08	618	0.110846	-0.108374	0.987911	0.408626	0.389757	0.129741	0.124059	0.0295998	0.00866809	
1.866e-08	620	0.0740488	0.261982	0.962228	0.401442	0.392648	0.0804767	0.0668143	0.0170258	0.0134414	
1.872e-08	622	0.13335	-0.00187232	0.991067	0.427205	0.381197	0.103465	0.0775482	0.0208996	0.0183915	
1.878e-08	624	0.318475	0.467692	0.824523	0.321302	0.371383	0.108992	0.0952684	0.0211844	0.0127369	
1.884e-08	626	-0.168018	-0.140809	0.975676	0.393071	0.376712	0.0495725	0.0553534	0.0202016	0.0117058	
1.89e-08	628	-0.326872	0.607139	0.724249	0.339959	0.367216	0.106977	0.107363	0.0257324	0.0155135	
1.896e-08	630	0.203893	-0.182106	0.961907	0.375703	0.377066	0.13784	0.127964	0.0301396	0.0106967	
1.902e-08	632	0.0407482	0.246251	0.968349	0.399685	0.347788	0.0674527	0.0668385	0.0208824	0.0172938	
1.908e-08	634	0.239702	-0.130118	-0.962087	0.337746	0.337941	0.111203	0.130822	0.0411892	0.0160595	
1.914e-08	636	-0.33236	0.0396883	-0.942317	0.283326	0.342809	0.0833285	0.11336	0.0249423	0.021438	
1.92e-08	638	-0.310986	0.264922	-0.912745	0.342075	0.340328	0.117109	0.0876126	0.0157813	0.00917042	
1.926e-08	640	-0.222668	0.00927325	-0.97485	0.318745	0.338772	0.0662542	0.060335	0.0197475	0.0138162	
1.932e-08	642	-0.21433	0.493342	-0.843016	0.353645	0.316175	0.127474	0.114392	0.0384042	0.0273299	
1.938e-08	644	0.506649	-0.368125	-0.77961	0.247367	0.326798	0.0625012	0.0844496	0.0190868	0.0139017	
1.944e-08	646	0.673676	-0.197991	-0.712012	0.275359	0.295478	0.181246	0.111693	0.108287	0.0277548	
1.95e-08	648	-0.0150205	0.112678	0.993518	0.287337	0.290979	0.0780697	0.137542	0.979508	0.0281735	
1.956e-08	650	0.239996	0.298086	-0.923876	0.346357	0.30079	0.129421	0.132994	0.0417171	0.0125827	
1.962e-08	652	-0.198437	-0.0599234	0.97828	0.219528	0.281957	0.179467	0.102362	0.285954	0.0277069	
1.968e-08	654	-0.0895719	-0.681326	0.726479	0.238346	0.263616	0.133867	0.0699673	0.667086	0.036805	
1.974e-08	656	-0.142698	-0.404074	0.903527	0.273919	0.273314	0.0712108	0.108565	0.626231	0.0327849	
1.98e-08	658	0.757751	-0.547474	-0.355086	0.2765	0.272385	0.11674	0.138147	0.687586	0.0234168	
1.986e-08	660	0.243377	-0.0267445	0.969563	0.289104	0.253755	0.129393	0.0691271	0.500546	0.0366459	
1.992e-08	662	-0.598278	-0.0787477	0.79741	0.302544	0.243436	0.129928	0.0883805	0.520421	0.0395161	
1.998e-08	664	-0.127706	-0.158174	-0.979118	0.290514	0.21285	0.104804	0.0908311	0.45807	0.0555674	
2.004e-08	666	0.155871	-0.295086	-0.942671	0.265549	0.223341	0.0882437	0.059624	0.0793656	0.0432693	
2.01e-08	668	0.0326227	0.0875754	-0.995624	0.21851	0.231775	0.156888	0.0873137	0.289476	0.0396391	
2.016e-08	670	0.185015	-0.0656008	0.980544	0.274934	0.197917	0.075544	0.0972453	0.323696	0.0607134	
2.022e-08	672	0.556575	-0.256218	-0.790302	0.13856	0.200256	0.083271	0.105088	0.12663	0.0334687	
2.028e-08	674	0.678604	0.293431	-0.673347	0.108404	0.17712	0.0891869	0.083879	0.215788	0.0413755	
2.034e-08	676	0.118871	-0.247952	-0.961452	0.127471	0.193647	0.0663277	0.0922363	0.379318	0.0456046	
2.04e-08	678	-0.271785	-0.0222288	0.962101	0.0677029	0.166347	0.0661705	0.0957421	0.175268	0.0377777	
2.046e-08	680	-0.300836	0.305375	-0.903462	0.181473	0.189225	0.04911	0.104834	0.137256	0.020196	
2.052e-08	682	-0.565956	-0.159551	0.808849	0.179773	0.164833	0.0713111	0.0881413	0.245969	0.0465836	
2.058e-08	684	0.763933	-0.0345155	-0.644372	0.261453	0.150554	0.0956295	0.0735466	0.152165	0.0326986	
2.064e-08	686	-0.413423	0.328924	-0.849053	0.148215	0.138294	0.0708067	0.0535384	0.153722	0.0308613	
2.07e-08	688	-0.935743	0.299558	0.186145	0.150606	0.160403	0.0979441	0.100814	0.154799	0.0287372	
2.076e-08	690	0.334105	-0.942235	0.0238009	0.0440225	0.135347	0.0465591	0.0512722	0.157875	0.0304147	
2.082e-08	692	-0.480723	-0.636305	-0.603341	0.161986	0.134813	0.0769809	0.0735253	0.098985	0.0242332	
2.088e-08	694	-0.222905	-0.616318	0.755292	0.160756	0.132588	0.0776998	0.0432117	0.114943	0.0173364	
2.094e-08	696	-0.0520017	0.995752	-0.0759791	0.056083	0.115998	0.0537981	0.0692905	0.0988067	0.0472541	
2.1e-08	698	-0.998512	-0.0439597	-0.0322561	0.093352	0.105973	0.0286515	0.0461012	0.10006	0.0299081	
2.106e-08	700	-0.551855	0.422967	0.718718	0.108114	0.108164	0.0423861	0.0492619	0.0724703	0.0159482	
2.112e-08	702	0.667858	0.589126	-0.454858	0.132293	0.11035	0.054654	0.0564981	0.0751537	0.028412	
2.118e-08	704	0.531743	-0.0329493	-0.846264	0.163195	0.112445	0.0498524	0.0235421	0.112302	0.0262478	
2.124e-08	706	0.45779	-0.877559	0.142544	0.0638431	0.0987633	0.0534558	0.0496089	0.0467427	0.0238843	
2.13e-08	708	-0.0882447	0.356546	-0.930101	0.0475784	0.103005	0.0303364	0.0547905	0.0619911	0.0143053	
2.136e-08	710	0.436087	0.896129	-0.0823517	0.10694	0.107223	0.0405335	0.0509748	0.073541	0.01951	
2.142e-08	712	-0.275916	-0.779341	-0.562582	0.170281	0.0856938	0.0183483	0.0269794	0.0753226	0.0269737	
2.148e-08	714	-0.052534	0.884318	-0.46392	0.0878659	0.102363	0.0388774	0.0361686	0.0760374	0.018128	
2.154e-08	716	0.992299	0.0491889	0.11368	0.0639652	0.0811179	0.0211244	0.0334533	0.0446992	0.0183828	
2.16e-08	718	-0.700868	0.713196	-0.011666	0.0830256	0.096267	0.046428	0.0430959	0.0403151	0.0136673	
2.166e-08	720	0.412904	-0.724712	0.551636	0.0974176	0.09408	0.0382738	0.0380684	0.0364205	0.00798507	
2.172e-08	722	0.0253457	0.813701	-0.580731	0.100195	0.097693	0.0393229	0.0333399	0.0633964	0.0180216	
2.178e-08	724	-0.110146	0.164558	0.980198	0.143526	0.0831621	0.0296926	0.0312519	0.0315604	0.00871408	
2.184e-08	726	-0.0817003	-0.727606	0.681113	0.0809009	0.0712212	0.0301679	0.0298694	0.0162287	0.015821	
2.19e-08	728	-0.342335	-0.404409	-0.848092	0.0473201	0.0735509	0.0293045	0.0158618	0.0344944	0.0136151	
2.196e-08	730	-0.30301	0.38208	-0.87304	0.0438012	0.08914	0.0365217	0.0293833	0.0473691	0.0176028	
2.202e-08	732	-0.370944	-0.635683	0.676985	0.0864341	0.0876636	0.0291829	0.0306806	0.0487089	0.0141636	
2.208e-08	734	-0.445835	0.55106	-0.705382	0.0608209	0.0795848	0.0190013	0.0221721	0.0473143	0.0112773	
2.214e-08	736	0.501437	-0.65041	0.570551	0.0837811	0.0749356	0.0269098	0.0261264	0.0292659	0.0143899	
2.22e-08	738	0.420937	0.284156	0.861433	0.0408806	0.0703783	0.0204034	0.0179407	0.0331459	0.0109926	
2.226e-08	740	0.661475	0.32758	-0.674642	0.0532548	0.0752808	0.0241913	0.0203719	0.0363429	0.0118945	
2.232e-08	742	0.850317	0.294998	0.435818	0.0546759	0.074495	0.0228662	0.0213308	0.0327697	0.0107646	
2.238e-08	744	-0.354635	-0.287032	-0.889858	0.048484	0.0724021	0.0222348	0.0136815	0.0371183	0.0106606	
2.244e-08	746	0.547767	-0.706188	0.448609	0.0673331	0.0748328	0.0233821	0.0198336	0.0294558	0.00810509	
2.25e-08	748	-0.055681	0.627597	-0.776545	0.111654	0.0691058	0.027331	0.0153018	0.0257206	0.0107476	
2.256e-08	750	0.0787138	0.131164	0.988231	0.10097	0.0633273	0.0227275	0.0151013	0.016076	0.00920219	
2.262e-08	752	-0.386281	-0.453252	0.803337	0.102223	0.0643229	0.018959	0.0159967	0.0183962	0.0058289	
2.268e-08	754	-0.10133	0.936597	-0.335437	0.0570022	0.0683682	0.0189699	0.0200091	0.0240445	0.00678758	
2.274e-08	756	-0.0316946	-0.778579	-0.626746	0.0638359	0.0647602	0.0174177	0.0267855	0.0127027	0.0111605	
2.28e-08	758	-0.650192	0.751675	-0.110613	0.0490798	0.0647923	0.0207647	0.0158884	0.024037	0.0102424	
2.286e-08	760	0.606502	-0.594273	0.5282	0.0644173	0.0631429	0.0138561	0.0212794	0.0205517	0.0096	
2.292e-08	762	-0.192692	-0.30084	-0.934005	0.127152	0.0611948	0.019234	0.0137925	0.0167641	0.00705411	
2.298e-08	764	0.351847	0.873638	0.336097	0.0586637	0.0648496	0.0178255	0.0119191	0.0278064	0.00991084	
2.304e-08	766	0.213584	-0.761853	-0.611525	0.0755787	0.0618364	0.0135487	0.0212244	0.0194223	0.00862049	
2.31e-08	768	0.456488	-0.822421	0.339473	0.0927748	0.0538516	0.0101712	0.0149566	0.0155239	0.00703797	
2.316e-08	770	0.911755	0.266082	-0.312895	0.0565106	0.060035	0.0140798	0.011409	0.0238	0.00731904	
2.322e-08	772	-0.426135	-0.0610883	-0.902595	0.0430367	0.05892	0.0144387	0.0111314	0.0214788	0.00589858	
2.328e-08	774	-0.60478	-0.336297	-0.721904	0.0579148	0.0653373	0.0181001	0.0222128	0.015314	0.00906338	
2.334e-08	776	-0.7364	0.480273	-0.476501	0.0240479	0.0582212	0.0161539	0.0213566	0.0124557	0.0100475	
2.34e-08	778	-0.147073	-0.963075	-0.225514	0.0413514	0.0569107	0.0130591	0.0150457	0.0145121	0.00504664	
2.346e-08	780	0.857795	0.474581	-0.197387	0.0629196	0.0483546	0.0100964	0.00785582	0.0143232	0.00584851	
2.352e-08	782	0.24551	-0.967815	0.0553046	0.0370694	0.0465529	0.0129573	0.00868694	0.0075515	0.00534588	
2.358e-08	784	0.750342	0.379718	-0.541111	0.0195942	0.055793	0.0127442	0.0109017	0.0202177	0.00794178	
2.364e-08	786	-0.0109265	0.570396	0.821297	0.038679	0.0478572	0.00735745	0.0117076	0.0124947	0.00599097	
2.37e-08	788	-0.0595578	-0.0759355	-0.995332	0.0809523	0.0552831	0.0116824	0.014455	0.0133666	0.00589864	
2.376e-08	790	-0.632126	0.771401	-0.0731925	0.0401264	0.0514391	0.0171733	0.00609856	0.0137457	0.00641351	
2.382e-08	792	0.105356	0.897036	0.429215	0.0288295	0.0457392	0.00717369	0.00641891	0.0139596	0.00501613	
2.388e-08	794	-0.459275	0.852171	0.250742	0.0271955	0.0443395	0.00915456	0.00856852	0.00862268	0.00380116	
2.394e-08	796	0.179801	-0.949171	-0.258351	0.0931176	0.0539176	0.0138808	0.00983797	0.0137874	0.00582977	
2.4e-08	798	-0.293281	-0.894405	0.337678	0.0239453	0.0473879	0.00858879	0.00707576	0.0128989	0.00358782	
2.406e-08	800	-0.480035	-0.524885	0.702896	0.0560279	0.0476787	0.00820296	0.00743324	0.0144202	0.00633595	
2.412e-08	802	0.124723	-0.690734	-0.712271	0.103231	0.0537504	0.0107989	0.0114704	0.016891	0.0064528	
2.418e-08	804	-0.268012	-0.394521	-0.878933	0.00877835	0.0445531	0.0137052	0.00851403	0.00806016	0.00763777	
2.424e-08	806	0.726715	0.641407	0.245932	0.0610889	0.0495204	0.0119152	0.00957395	0.0112272	0.00501034	
2.43e-08	808	-0.0617371	0.52121	-0.851192	0.038884	0.0449679	0.00763567	0.00765326	0.00905302	0.00403839	
2.436e-08	810	-0.687755	0.58857	-0.424945	0.0125727	0.0428596	0.00700664	0.00816099	0.0100062	0.0044898	
2.442e-08	812	-0.686542	-0.4955	-0.53211	0.07261	0.0457013	0.00968677	0.00749318	0.00879018	0.00270944	
2.448e-08	814	0.886927	0.318256	-0.334774	0.0377203	0.0558435	0.0140109	0.0132183	0.0124041	0.00485122	
2.454e-08	816	-0.334864	0.0108609	-0.942204	0.011391	0.0421333	0.00850314	0.00776909	0.00562346	0.00246677	
2.46e-08	818	-0.598181	0.516418	0.612773	0.0334722	0.0468807	0.0094901	0.00740128	0.0111161	0.00461971	
2.466e-08	820	-0.279701	-0.667965	0.68963	0.0560028	0.0424902	0.00735763	0.00890427	0.00784281	0.00429059	
2.472e-08	822	0.0251895	-0.900134	0.434885	0.0513821	0.0433285	0.00850129	0.00552873	0.00898572	0.00299919	
2.478e-08	824	-0.817129	-0.519717	-0.249388	0.0428992	0.051984	0.0154872	0.00641936	0.0143692	0.0074936	
2.484e-08	826	0.337258	-0.74257	-0.57866	0.0281227	0.0446066	0.00840498	0.00745798	0.00753755	0.00193683	
2.49e-08	828	-0.0803822	0.816093	0.572304	0.0686931	0.0390647	0.00598713	0.00735663	0.00620815	0.00336989	
2.496e-08	830	0.789191	0.508905	0.343791	0.0199107	0.0406759	0.00892138	0.00851015	0.00397261	0.00355598	
2.502e-08	832	0.88226	-0.443509	0.157852	0.043496	0.041662	0.0120515	0.00576541	0.00518203	0.00457299	
2.508e-08	834	-0.514565	-0.58678	0.62523	0.0522053	0.0423094	0.0066075	0.00729204	0.00839856	0.00354905	
2.514e-08	836	0.747561	0.654861	-0.110946	0.0104247	0.0439733	0.00637787	0.00693816	0.0107478	0.00434765	
2.52e-08	838	-0.929446	-0.368177	-0.0239958	0.047947	0.0363164	0.00519546	0.00475523	0.00698956	0.002901	
2.526e-08	840	-0.130457	-0.946274	0.295884	0.0346954	0.0407598	0.00605662	0.0083813	0.00640323	0.0032439	
2.532e-08	842	0.97803	-0.0263667	0.20679	0.0597266	0.0486197	0.0107531	0.00866561	0.0107583	0.00541812	
2.538e-08	844	-0.183947	-0.768998	0.612214	0.0163606	0.0408197	0.00750991	0.00515603	0.00808643	0.0030688	
2.544e-08	846	0.915879	-0.267796	0.299084	0.0592934	0.0443522	0.00476109	0.0109509	0.00990032	0.00474119	
2.55e-08	848	0.679014	-0.660164	-0.321128	0.023565	0.0470206	0.00958016	0.00689734	0.00987549	0.00409936	
2.556e-08	850	0.0726338	-0.117202	-0.990448	0.0508752	0.0353496	0.00708742	0.00296113	0.00534187	0.00240477	
2.562e-08	852	-0.139828	-0.236317	0.961563	0.0569422	0.0341917	0.00458136	0.0041332	0.0062876	0.00260303	
2.568e-08	854	-0.320935	-0.915466	-0.242742	0.011539	0.0366717	0.00501357	0.00311566	0.00872516	0.00294831	
2.574e-08	856	-0.0732323	-0.577559	0.813058	0.0317895	0.043219	0.00345575	0.0115673	0.00794761	0.00417511	
2.58e-08	858	-0.174883	0.428622	0.886397	0.0562402	0.0377817	0.00666835	0.00569822	0.00445292	0.00240796	
2.586e-08	860	-0.126518	0.821288	0.556309	0.0613546	0.0366885	0.00656991	0.00407465	0.0057307	0.0024646	
2.592e-08	862	0.0763815	-0.451775	-0.888856	0.0439122	0.0420263	0.0058643	0.00792633	0.00573596	0.0023014	
2.598e-08	864	-0.923594	0.260959	-0.280847	0.0573501	0.040012	0.00636984	0.00606121	0.00669712	0.00255305	
2.604e-08	866	-0.997067	-0.0705131	-0.0297412	0.0429878	0.035241	0.0057208	0.00340114	0.00671289	0.00269556	
2.61e-08	868	0.262504	0.835816	0.482187	0.0552611	0.039726	0.00544046	0.00625126	0.00653459	0.00214497	
2.616e-08	870	0.475981	-0.377331	0.794395	0.0601097	0.040261	0.00667452	0.00811147	0.00509589	0.00352293	
2.622e-08	872	-0.959611	-0.210513	0.18663	0.0540985	0.0355209	0.00490976	0.00492852	0.00533759	0.00231155	
2.628e-08	874	-0.763769	0.491889	0.417974	0.0205407	0.0386473	0.00529091	0.00638602	0.00650982	0.00263255	
2.634e-08	876	0.44688	0.632023	0.633124	0.0695053	0.0433117	0.00698272	0.00760597	0.00780252	0.00313521	
2.64e-08	878	-0.11799	0.948944	-0.292548	0.0765843	0.0395818	0.00255994	0.0091249	0.00761106	0.00307656	
2.646e-08	880	-0.413317	0.147271	-0.898599	0.039902	0.033315	0.00357052	0.00333073	0.00635586	0.00199378	
2.652e-08	882	0.577495	-0.76692	0.279879	0.0312448	0.0362803	0.0042967	0.00753178	0.00369351	0.00329692	
2.658e-08	884	-0.2561	-0.419384	-0.870936	0.0448866	0.0395921	0.00480613	0.00697848	0.00554658	0.00256403	
2.664e-08	886	0.374424	-0.915143	0.1494	0.0611181	0.0387121	0.00306712	0.00698519	0.00676103	0.00302721	
2.67e-08	888	0.0736232	-0.365252	-0.927993	0.0460058	0.0417479	0.00645231	0.00524698	0.00907851	0.00353574	
2.676e-08	890	0.407601	0.674212	0.615872	0.0379631	0.0333819	0.0047076	0.00392696	0.00389316	0.00143113	
2.682e-08	892	-0.720271	0.688274	0.086538	0.0394395	0.0381579	0.00750181	0.00748418	0.00225596	0.00236826	
2.688e-08	894	-0.860085	0.248587	-0.445487	0.0353102	0.0364411	0.00414487	0.0069314	0.00414131	0.00193165	
2.694e-08	896	-0.16329	0.691031	0.70414	0.0200743	0.0368456	0.00627791	0.00601819	0.00391128	0.00251594	
2.7e-08	898	-0.406274	-0.835643	-0.369651	0.0458505	0.0350241	0.0049571	0.004978	0.00407757	0.00248256	
2.706e-08	900	0.904021	0.167327	-0.39338	0.0295386	0.034369	0.00510867	0.004485	0.00527298	0.00288146	
