#----------------------------------------------------------------------------------------------------------------------------------------------------------
# Output file for vampire simulation
#   time       : 2024-08-29 04:54:25     process id : 2984679
#   hostname   : node117.viking2.yor.alces.network
#   path       : /users/ky883/parameter/WS_dia5/AI_Dataset/size_5.0_5.0_9.0/Temp_900/random_1
#----------------------------------------------------------------------------------------------------------------------------------------------------------
6e-11	0	0.0042179	0.00141057	0.99999	0.999859	0.999819	0	0	0	0	
1.2e-10	2	0.000816112	-0.000524352	1	0.998873	0.998919	0.029896	0.0460762	7.98063e-06	8.33205e-06	
1.8e-10	4	-0.00241809	0.000999174	0.999997	0.997888	0.997858	0.0387708	0.0352425	1.04972e-05	9.84654e-06	
2.4e-10	6	-0.00446796	-0.00431624	0.999981	0.996752	0.996775	0.0649729	0.0184519	1.0761e-05	1.03612e-05	
3e-10	8	-0.0010166	0.00177485	0.999998	0.995704	0.99569	0.0526261	0.0594148	1.77498e-05	1.59276e-05	
3.6e-10	10	-0.0119828	0.00564649	0.999912	0.994478	0.994632	0.0448068	0.0578438	1.96367e-05	1.96499e-05	
4.2e-10	12	0.00275438	0.00711193	0.999971	0.993505	0.993505	0.0318781	0.0573464	3.28236e-05	3.298e-05	
4.8e-10	14	0.000389106	-0.00828351	0.999966	0.992231	0.992436	0.0426494	0.0667887	4.40664e-05	3.15076e-05	
5.4e-10	16	-0.00846791	0.00442545	0.999954	0.991474	0.991299	0.0559353	0.104413	6.18011e-05	3.84629e-05	
6e-10	18	0.00198912	0.00755793	0.999969	0.990532	0.99026	0.0548558	0.0327806	4.83959e-05	4.30291e-05	
6.6e-10	20	0.0215675	0.00295103	0.999763	0.988977	0.989175	0.0856631	0.024205	4.3735e-05	4.94176e-05	
7.2e-10	22	-0.0206062	-0.00114003	0.999787	0.988379	0.988046	0.0641858	0.0471583	4.94132e-05	4.40917e-05	
7.8e-10	24	-0.000697546	0.0111368	0.999938	0.986752	0.986922	0.0488986	0.0294324	4.88786e-05	4.37224e-05	
8.4e-10	26	0.0127901	-0.00524128	0.999904	0.985488	0.98592	0.0725129	0.0496084	4.92614e-05	4.02008e-05	
9e-10	28	-0.00826275	-0.0135988	0.999873	0.984244	0.98466	0.0370832	0.0806835	7.22307e-05	5.63068e-05	
9.6e-10	30	-0.0275472	0.00704457	0.999596	0.984106	0.983703	0.0561393	0.0450422	6.44263e-05	6.6417e-05	
1.02e-09	32	-0.00388141	0.00935914	0.999949	0.982738	0.982519	0.0725008	0.0514003	8.88739e-05	7.22442e-05	
1.08e-09	34	0.0118515	0.00882606	0.999891	0.98115	0.981339	0.0336064	0.0477283	7.37421e-05	6.47852e-05	
1.14e-09	36	-0.00962811	-0.0149844	0.999841	0.980148	0.98032	0.052228	0.0478902	6.35867e-05	5.64863e-05	
1.2e-09	38	0.0212889	-0.00914265	0.999732	0.978949	0.979244	0.0460392	0.0547524	7.35736e-05	6.28576e-05	
1.26e-09	40	0.00636434	0.0304774	0.999515	0.977554	0.978009	0.0905412	0.0638617	8.0354e-05	6.72994e-05	
1.32e-09	42	-0.0130882	0.000788843	0.999914	0.976755	0.976953	0.055539	0.030219	0.000112048	0.000122909	
1.38e-09	44	-0.00856835	0.00162637	0.999962	0.975085	0.975988	0.0553138	0.0535457	7.84963e-05	7.43676e-05	
1.44e-09	46	-0.0154992	0.0164919	0.999744	0.975022	0.974627	0.0388067	0.0509209	0.000115568	9.95486e-05	
1.5e-09	48	-0.00791025	0.00357204	0.999962	0.974227	0.973799	0.0629508	0.0564578	0.000114856	0.00011341	
1.56e-09	50	-0.0073007	0.0139044	0.999877	0.97212	0.972558	0.0491672	0.0433403	0.000167694	0.000128653	
1.62e-09	52	-0.00947634	-0.00834448	0.99992	0.969757	0.971473	0.0528245	0.0497442	0.000102748	0.000115202	
1.68e-09	54	-0.000389816	0.00976392	0.999952	0.970735	0.970213	0.0299741	0.0320153	0.000152029	0.000148079	
1.74e-09	56	0.000267739	-0.0248425	0.999691	0.968364	0.969054	0.0343884	0.0527384	0.000139129	0.000144094	
1.8e-09	58	0.00384395	-0.0147665	0.999884	0.968694	0.968556	0.0546534	0.0619094	8.12807e-05	9.22365e-05	
1.86e-09	60	-0.020517	-0.007807	0.999759	0.965442	0.966657	0.0466508	0.0412103	0.000276054	0.000254372	
1.92e-09	62	-0.0215421	0.0064993	0.999747	0.964468	0.965711	0.0457649	0.0497015	0.000113355	0.000104548	
1.98e-09	64	0.02408	-0.035389	0.999083	0.964513	0.964887	0.048301	0.0463075	0.000202535	0.000172954	
2.04e-09	66	0.00913606	-0.0310894	0.999475	0.963471	0.9634	0.0745374	0.0761532	0.000193513	0.000136093	
2.1e-09	68	0.0105211	-0.00215029	0.999942	0.962117	0.962544	0.053662	0.0477728	0.000132427	9.61521e-05	
2.16e-09	70	0.0128254	0.00109669	0.999917	0.962673	0.961141	0.0690768	0.033388	0.000275977	0.000231804	
2.22e-09	72	0.0139495	-0.0320416	0.999389	0.960189	0.960185	0.0326854	0.0669862	0.000134146	0.000118333	
2.28e-09	74	0.0217695	0.0138948	0.999666	0.95935	0.958981	0.0466356	0.0786379	0.000187999	0.000127716	
2.34e-09	76	0.00534109	0.00558673	0.99997	0.957272	0.957802	0.044639	0.0662435	0.000276111	0.000250725	
2.4e-09	78	0.00332895	0.00994292	0.999945	0.958145	0.956596	0.0450713	0.0687283	0.000287483	0.000270448	
2.46e-09	80	0.006792	-0.000810107	0.999977	0.954535	0.955574	0.0356331	0.0794148	0.000160109	0.000159839	
2.52e-09	82	0.000744547	0.0218467	0.999761	0.954655	0.954129	0.0503007	0.0541879	0.000183188	0.000145899	
2.58e-09	84	-0.0271677	0.0483053	0.998463	0.953548	0.952951	0.0838082	0.0666829	0.000257071	0.000164928	
2.64e-09	86	0.00877355	-0.0356052	0.999327	0.953972	0.95203	0.0255538	0.0624088	0.00037906	0.000344194	
2.7e-09	88	-0.0035112	0.0107177	0.999936	0.95131	0.951393	0.0515029	0.0497607	0.000173191	0.000140159	
2.76e-09	90	0.0048637	-0.019099	0.999806	0.948396	0.949622	0.0470371	0.0322447	0.000218301	0.000207259	
2.82e-09	92	0.0372797	-0.0121518	0.999231	0.948093	0.948565	0.0355269	0.0318142	0.000238002	0.000249011	
2.88e-09	94	0.0162372	-0.0018927	0.999866	0.94757	0.94703	0.0357396	0.0323211	0.000354479	0.000288771	
2.94e-09	96	-0.000768205	-0.00533215	0.999985	0.945441	0.946317	0.0482517	0.0708525	0.000213763	0.000169186	
3e-09	98	0.0143701	0.0162897	0.999764	0.945234	0.944946	0.0542355	0.0634735	0.000378771	0.000328141	
3.06e-09	100	0.0291681	-0.00502202	0.999562	0.944057	0.943921	0.0323541	0.0363911	9.11263e-05	0.000119042	
3.12e-09	102	0.0375495	0.0242945	0.998999	0.943612	0.942941	0.0443682	0.0562725	0.000210888	0.000196433	
3.18e-09	104	0.0382821	-0.03167	0.998765	0.941433	0.941244	0.04791	0.0586992	0.000242434	0.000192006	
3.24e-09	106	0.0179002	-0.0388152	0.999086	0.939758	0.940631	0.0751061	0.0467683	0.000234381	0.000173765	
3.3e-09	108	-0.0242954	0.0109807	0.999645	0.939306	0.939684	0.0545078	0.0449722	0.000230227	0.000196844	
3.36e-09	110	-0.00101413	0.011651	0.999932	0.937628	0.938248	0.0469228	0.0632443	0.000349293	0.000285237	
3.42e-09	112	-0.00441696	-0.0189539	0.999811	0.935904	0.936378	0.0444442	0.0547653	0.000462554	0.00042652	
3.48e-09	114	-0.000318286	-0.0157114	0.999877	0.936927	0.936049	0.0661991	0.0569714	0.000266768	0.000232907	
3.54e-09	116	0.0341788	-0.0061	0.999397	0.933878	0.934313	0.0824854	0.039322	0.000358054	0.000328379	
3.6e-09	118	-0.0157475	-0.0416658	0.999007	0.932133	0.933067	0.0343304	0.0585961	0.000261472	0.000272998	
3.66e-09	120	0.0022923	-0.0100851	0.999947	0.930613	0.931689	0.0485599	0.0843073	0.00027056	0.000266168	
3.72e-09	122	-0.000690238	0.0193212	0.999813	0.931326	0.930819	0.0783798	0.0444204	0.000468089	0.000387584	
3.78e-09	124	0.0320731	0.0445592	0.998492	0.931918	0.929424	0.0521587	0.0798914	0.000407015	0.000343411	
3.84e-09	126	-0.0536133	-0.0096157	0.998515	0.932364	0.928599	0.0811336	0.0682367	0.000466263	0.000445096	
3.9e-09	128	-0.000108897	0.00153426	0.999999	0.926958	0.926685	0.0466627	0.0706361	0.000148358	0.000156871	
3.96e-09	130	-0.0152664	0.000636011	0.999883	0.930586	0.925452	0.0629751	0.0684541	0.000425923	0.000321027	
4.02e-09	132	-0.00644684	-0.0425983	0.999071	0.924485	0.924771	0.0369349	0.0505529	0.000367769	0.000319677	
4.08e-09	134	-0.00468928	-0.0103974	0.999935	0.923874	0.92263	0.0531772	0.0568129	0.000318057	0.000305273	
4.14e-09	136	-0.00655321	0.0144471	0.999874	0.923619	0.921551	0.045171	0.0477474	0.000347983	0.000328628	
4.2e-09	138	0.0698496	0.00738577	0.99753	0.92069	0.921206	0.0950351	0.0586418	0.000406976	0.000283097	
4.26e-09	140	0.00888548	-0.0158551	0.999835	0.922488	0.919808	0.0637184	0.0469556	0.000467477	0.000370749	
4.32e-09	142	0.0100504	-0.00217572	0.999947	0.916034	0.918143	0.0405119	0.0408347	0.000308182	0.000200714	
4.38e-09	144	-0.0500952	0.0336898	0.998176	0.915989	0.918332	0.043963	0.0518548	0.000422743	0.000348038	
4.44e-09	146	-0.0128565	-0.0434048	0.998975	0.91447	0.916301	0.0461898	0.0597506	0.000386807	0.000364706	
4.5e-09	148	-0.0152695	-0.00357858	0.999877	0.915344	0.914826	0.0571084	0.040801	0.000279127	0.000307016	
4.56e-09	150	-0.0123149	-0.0230344	0.999659	0.91182	0.913926	0.0342359	0.0488561	0.000595881	0.00052801	
4.62e-09	152	0.0170702	0.0341789	0.99927	0.913725	0.912306	0.0791295	0.0572138	0.000321601	0.000241512	
4.68e-09	154	-0.0132632	-0.00367851	0.999905	0.912757	0.911302	0.0402221	0.0680587	0.000288498	0.000245471	
4.74e-09	156	0.0286497	-0.0198387	0.999393	0.910406	0.910475	0.100453	0.0598748	0.00064762	0.000449739	
4.8e-09	158	-0.0166737	0.0118549	0.999791	0.911283	0.908246	0.0696028	0.0565914	0.000352846	0.000316315	
4.86e-09	160	0.030391	-0.0257064	0.999207	0.905895	0.906932	0.0461999	0.0644201	0.000377908	0.000418318	
4.92e-09	162	0.0433239	0.0103038	0.999008	0.909411	0.906389	0.0860427	0.0426333	0.000342385	0.0003603	
4.98e-09	164	-0.0556187	-0.0266163	0.998097	0.904426	0.904572	0.0620498	0.070828	0.000427964	0.000320528	
5.04e-09	166	-0.00899773	-0.0564525	0.998365	0.901259	0.90361	0.0466389	0.0748426	0.000641493	0.000574428	
5.1e-09	168	-0.0104149	0.0122324	0.999871	0.902982	0.902296	0.0962227	0.066636	0.000429385	0.000236085	
5.16e-09	170	0.0311376	-0.0698768	0.99707	0.899706	0.902285	0.0472139	0.0536117	0.000551778	0.000451034	
5.22e-09	172	0.000932337	0.0205705	0.999788	0.904919	0.899758	0.0333283	0.0507897	0.000501147	0.000457156	
5.28e-09	174	-0.030209	0.0306707	0.999073	0.901556	0.898028	0.0524015	0.0473259	0.000858895	0.000815359	
5.34e-09	176	0.00361002	0.0212564	0.999768	0.900528	0.896607	0.0963842	0.0395036	0.000544983	0.000429138	
5.4e-09	178	0.0116816	0.0179601	0.99977	0.898107	0.896298	0.0564323	0.0696418	0.000578259	0.000593788	
5.46e-09	180	-0.0342348	0.0180769	0.99925	0.895124	0.894712	0.0431209	0.0472874	0.000462801	0.000340612	
5.52e-09	182	0.0267143	0.0349217	0.999033	0.893563	0.893023	0.0507958	0.102719	0.000625991	0.000581955	
5.58e-09	184	-0.0121096	-0.0474193	0.998802	0.890327	0.893057	0.0573223	0.0631892	0.000763438	0.000714672	
5.64e-09	186	0.031618	-0.0142734	0.999398	0.891593	0.89098	0.0824357	0.0497673	0.000444016	0.000391238	
5.7e-09	188	0.0286399	-0.015915	0.999463	0.895534	0.889171	0.0712888	0.0409963	0.000709914	0.000525415	
5.76e-09	190	0.0198023	-0.0357917	0.999163	0.889181	0.888515	0.0820289	0.0555201	0.000371653	0.000374535	
5.82e-09	192	0.0199768	0.0286929	0.999389	0.88583	0.885912	0.0586217	0.0776112	0.000764635	0.00061514	
5.88e-09	194	0.00624256	-0.0267282	0.999623	0.886238	0.88549	0.0759444	0.0559271	0.000683139	0.000543486	
5.94e-09	196	0.0115712	0.00584374	0.999916	0.888937	0.88479	0.0586418	0.0738836	0.000571721	0.00046213	
6e-09	198	0.0127796	-0.0320462	0.999405	0.883269	0.88296	0.098688	0.0574269	0.000434861	0.000348392	
6.06e-09	200	-0.000969064	0.0510865	0.998694	0.880641	0.882619	0.0757353	0.0333053	0.000622186	0.000581611	
6.12e-09	202	0.00501857	0.0270869	0.99962	0.884507	0.880182	0.0838098	0.0644864	0.000898719	0.000864164	
6.18e-09	204	0.0331768	-0.0168291	0.999308	0.878793	0.878784	0.0669972	0.059148	0.000429844	0.000402935	
6.24e-09	206	0.0411239	-0.0147322	0.999045	0.874917	0.877972	0.0471596	0.0497949	0.000765017	0.000770594	
6.3e-09	208	-0.0130096	-0.0157156	0.999792	0.872203	0.876182	0.0598598	0.0676323	0.000552485	0.000520635	
6.36e-09	210	-0.00412051	0.00792373	0.99996	0.869176	0.874811	0.0440269	0.0766038	0.000209046	0.000232919	
6.42e-09	212	0.0132371	-0.026426	0.999563	0.873237	0.873696	0.0410915	0.0464285	0.000757695	0.000639141	
6.48e-09	214	0.0180634	0.00222933	0.999834	0.867869	0.873867	0.0658913	0.0660484	0.000837349	0.000692668	
6.54e-09	216	-0.00263126	0.0448999	0.998988	0.871885	0.871123	0.064262	0.0641028	0.000757508	0.000770285	
6.6e-09	218	-0.0239698	-0.0454584	0.998679	0.867419	0.870579	0.0918489	0.0657407	0.000735141	0.000688217	
6.66e-09	220	-0.0103267	-0.0205405	0.999736	0.873419	0.869025	0.0547082	0.0473233	0.000517432	0.00053207	
6.72e-09	222	-0.0377186	-0.0512405	0.997974	0.865625	0.867629	0.0395267	0.0497667	0.000638259	0.000598156	
6.78e-09	224	-0.033505	-0.012319	0.999363	0.866957	0.865797	0.0595978	0.0385918	0.000790745	0.000771171	
6.84e-09	226	0.0129675	0.0111141	0.999854	0.861832	0.864776	0.0757086	0.0470741	0.000710206	0.000683835	
6.9e-09	228	0.0447919	-0.049848	0.997752	0.859419	0.862599	0.0867268	0.0635898	0.000559573	0.000610817	
6.96e-09	230	-0.0292791	-0.0353583	0.998946	0.862312	0.861791	0.049519	0.0519436	0.00064835	0.000546601	
7.02e-09	232	0.0452462	-0.0512538	0.99766	0.853821	0.859826	0.0762846	0.0724138	0.000831795	0.000832329	
7.08e-09	234	0.0816093	-0.0770573	0.993681	0.857973	0.859332	0.0804528	0.0887992	0.000905454	0.000613923	
7.14e-09	236	0.0198874	0.0636625	0.997773	0.856815	0.858439	0.0605725	0.0822277	0.000619864	0.000614473	
7.2e-09	238	0.0136688	0.00947199	0.999862	0.859132	0.857267	0.0456179	0.072244	0.00101094	0.000946219	
7.26e-09	240	-0.00547567	-0.0409798	0.999145	0.851947	0.855104	0.0970213	0.0454875	0.00132123	0.00114446	
7.32e-09	242	-0.00434986	-0.0678799	0.997684	0.856201	0.852922	0.043454	0.0675124	0.000831706	0.000712333	
7.38e-09	244	-0.0197575	0.0468691	0.998706	0.852105	0.851399	0.0989305	0.0560436	0.00129388	0.000944221	
7.44e-09	246	-0.0475729	-0.0481116	0.997708	0.849825	0.849886	0.0608655	0.0686321	0.00064324	0.000556783	
7.5e-09	248	0.09357	0.0482487	0.994443	0.848324	0.850584	0.0636033	0.0762812	0.000935338	0.000663394	
7.56e-09	250	-0.0517788	-0.011032	0.998598	0.84904	0.847837	0.0873176	0.0272089	0.000870266	0.000845635	
7.62e-09	252	0.0706915	0.0423528	0.996599	0.847692	0.846431	0.0657612	0.0725559	0.000769963	0.000586801	
7.68e-09	254	-0.0546918	-0.0283103	0.998102	0.83842	0.845173	0.0563139	0.0874481	0.00151733	0.00150301	
7.74e-09	256	0.035462	0.0470397	0.998263	0.844723	0.844902	0.0390726	0.054528	0.00129124	0.00125619	
7.8e-09	258	-0.0223862	0.0377212	0.999038	0.836721	0.84245	0.0629733	0.0369381	0.000968499	0.000858411	
7.86e-09	260	-0.0335716	0.0133219	0.999348	0.845427	0.84165	0.0509625	0.0663724	0.00103278	0.000951092	
7.92e-09	262	0.0261215	0.00406832	0.99965	0.835491	0.838968	0.0608773	0.0485286	0.00118205	0.000981694	
7.98e-09	264	-0.00685927	-0.0439282	0.999011	0.840131	0.837692	0.0589093	0.0663368	0.000756924	0.000636088	
8.04e-09	266	0.0256901	0.0414206	0.998811	0.836701	0.836195	0.0541749	0.0419257	0.00151859	0.00163401	
8.1e-09	268	0.0636811	0.0232096	0.9977	0.837604	0.834813	0.0649081	0.0607012	0.000850776	0.000848711	
8.16e-09	270	0.0251448	-0.00948421	0.999639	0.832751	0.831948	0.0557958	0.0564193	0.000665259	0.000616422	
8.22e-09	272	0.0596989	0.0307846	0.997742	0.830979	0.83179	0.042084	0.0660466	0.000903434	0.000737297	
8.28e-09	274	0.0224141	-0.065655	0.997591	0.838141	0.830704	0.0621809	0.0861286	0.000725903	0.000753402	
8.34e-09	276	-0.0768358	0.00495699	0.997031	0.833813	0.829726	0.0626713	0.0823268	0.00056831	0.000569478	
8.4e-09	278	0.00357951	0.0709471	0.997474	0.828305	0.827725	0.0527791	0.0579663	0.000708478	0.000830965	
8.46e-09	280	-0.0481289	-0.0435055	0.997893	0.825589	0.82456	0.0579894	0.070551	0.00109492	0.000989223	
8.52e-09	282	-0.0568815	0.0311982	0.997893	0.817124	0.823281	0.0788857	0.0513775	0.0011839	0.00106236	
8.58e-09	284	-0.101434	-0.0170863	0.994696	0.817398	0.822553	0.0917686	0.0610797	0.00177502	0.0016027	
8.64e-09	286	-0.0242513	0.000233423	0.999706	0.818819	0.821485	0.0374868	0.0783704	0.00107929	0.0010629	
8.7e-09	288	-0.0308167	0.00287101	0.999521	0.825607	0.822065	0.0549808	0.0669696	0.00089909	0.000739073	
8.76e-09	290	0.0116394	0.054767	0.998431	0.818437	0.819115	0.0509774	0.0728664	0.00127116	0.00113076	
8.82e-09	292	-0.0186261	0.0709351	0.997307	0.819632	0.817425	0.0589856	0.041602	0.000879476	0.000770401	
8.88e-09	294	-0.0826616	0.0306719	0.996106	0.816439	0.816686	0.0863703	0.0305739	0.00136479	0.00107821	
8.94e-09	296	-0.0447566	-0.0136863	0.998904	0.817996	0.815573	0.0748676	0.0541138	0.00101416	0.000796085	
9e-09	298	-0.0263265	0.0877643	0.995793	0.817794	0.812717	0.0715418	0.0753848	0.00114288	0.000933273	
9.06e-09	300	0.0819084	0.0743095	0.993866	0.812514	0.810044	0.0693999	0.0821575	0.00110441	0.000940281	
9.12e-09	302	0.0091016	-0.0576004	0.998298	0.79889	0.809753	0.0315297	0.0579796	0.00170461	0.00141359	
9.18e-09	304	0.0532871	0.0243298	0.998283	0.80299	0.808008	0.0719044	0.0656337	0.00111387	0.00104076	
9.24e-09	306	-0.0741237	0.090132	0.993168	0.803794	0.807826	0.070791	0.0535137	0.0010045	0.000806261	
9.3e-09	308	-0.0363293	-0.0027641	0.999336	0.809622	0.806777	0.0864053	0.0472379	0.000726457	0.000592238	
9.36e-09	310	0.0915952	-0.00715569	0.995771	0.806209	0.802221	0.0811664	0.0689404	0.00105793	0.00102297	
9.42e-09	312	-0.018699	0.0130962	0.999739	0.805796	0.801715	0.0732708	0.0830747	0.00115071	0.00120655	
9.48e-09	314	-0.109227	-0.0172201	0.993868	0.803058	0.800332	0.0503826	0.0640241	0.00139607	0.00111253	
9.54e-09	316	-0.0828555	-0.0199869	0.996361	0.806953	0.800216	0.0731023	0.101905	0.00187054	0.00156171	
9.6e-09	318	-0.0403931	-0.0269601	0.99882	0.794937	0.79683	0.0696888	0.0463668	0.000893728	0.000981519	
9.66e-09	320	0.0504871	0.0507353	0.997435	0.787893	0.794558	0.0675102	0.0595804	0.0014942	0.00122236	
9.72e-09	322	-0.0476622	-0.0292803	0.998434	0.789194	0.791557	0.0314893	0.0622733	0.00164043	0.00145652	
9.78e-09	324	0.00479267	-0.0612303	0.998112	0.791773	0.79057	0.0675161	0.103533	0.00179588	0.00162501	
9.84e-09	326	-0.0506067	-0.0596399	0.996936	0.799076	0.790752	0.0344892	0.050889	0.00138713	0.00132457	
9.9e-09	328	-0.018408	0.0477108	0.998692	0.790497	0.789461	0.0379966	0.0846268	0.00118784	0.000868167	
9.96e-09	330	0.0429362	-0.0313997	0.998584	0.787777	0.787918	0.0713235	0.0592948	0.00124023	0.00119567	
1.002e-08	332	-0.0318175	0.0729252	0.99683	0.785387	0.785659	0.0672942	0.0626661	0.00120179	0.00104843	
1.008e-08	334	0.0443651	-0.056931	0.997392	0.78443	0.784949	0.0716008	0.0860424	0.00135523	0.00127604	
1.014e-08	336	-0.0409987	0.033148	0.998609	0.772534	0.782883	0.0995133	0.126209	0.00109328	0.000828542	
1.02e-08	338	0.0452561	0.0319796	0.998463	0.799192	0.779699	0.0845009	0.0463197	0.00176402	0.00150539	
1.026e-08	340	0.0252437	-0.127333	0.991539	0.775326	0.780806	0.098137	0.0751966	0.00181383	0.00147598	
1.032e-08	342	-0.103625	-0.0334392	0.994054	0.764002	0.779598	0.0889677	0.106005	0.00158011	0.00125075	
1.038e-08	344	-0.0541059	-0.0141828	0.998434	0.768362	0.776904	0.12277	0.0820501	0.00169109	0.0015487	
1.044e-08	346	0.0873466	-0.0278292	0.995789	0.769613	0.774977	0.0710686	0.0501736	0.00128915	0.000830072	
1.05e-08	348	0.00207826	-0.00634363	0.999978	0.761064	0.773871	0.086514	0.0675258	0.00205329	0.00162207	
1.056e-08	350	-0.0470482	0.0153313	0.998775	0.761331	0.769681	0.0780272	0.0928492	0.00126225	0.00109037	
1.062e-08	352	0.0189176	0.103762	0.994422	0.781536	0.769905	0.0514024	0.0639623	0.00146575	0.00138824	
1.068e-08	354	-0.0893941	0.107209	0.99021	0.771321	0.769945	0.049026	0.0892954	0.00186203	0.001037	
1.074e-08	356	-0.119493	-0.022186	0.992587	0.764755	0.766303	0.101966	0.0767651	0.00239776	0.00183498	
1.08e-08	358	-0.0146451	0.022035	0.99965	0.774329	0.764603	0.0451118	0.0454018	0.00191794	0.0017292	
1.086e-08	360	0.0556553	0.0565804	0.996846	0.762231	0.763571	0.083232	0.0735006	0.00122329	0.000997508	
1.092e-08	362	-0.0283415	0.00904758	0.999557	0.756799	0.76189	0.0811506	0.0653498	0.00129127	0.000902093	
1.098e-08	364	0.0232486	-0.0977738	0.994937	0.761073	0.75829	0.0646557	0.0619892	0.00130597	0.0013149	
1.104e-08	366	-0.0715125	0.0157888	0.997315	0.754039	0.757046	0.117911	0.0616513	0.00305582	0.00232509	
1.11e-08	368	0.0920924	0.0706155	0.993243	0.758045	0.757592	0.0476069	0.083452	0.00263113	0.0020145	
1.116e-08	370	0.147754	-0.0356508	0.988381	0.756215	0.753747	0.137889	0.060973	0.00399382	0.00293244	
1.122e-08	372	0.00354895	0.122095	0.992512	0.752339	0.752367	0.0840306	0.0650449	0.00108192	0.00110807	
1.128e-08	374	0.0301596	-0.0161179	0.999415	0.750907	0.753421	0.0936555	0.0695694	0.00180523	0.00122965	
1.134e-08	376	0.0680133	-0.0284919	0.997277	0.751449	0.748418	0.0901791	0.0793469	0.00146736	0.00120058	
1.14e-08	378	-0.0172744	0.123674	0.992172	0.748672	0.746996	0.0490066	0.0707718	0.0015164	0.00153312	
1.146e-08	380	-0.0531519	-0.0341844	0.998001	0.746307	0.744657	0.0668652	0.0915845	0.00169278	0.00129827	
1.152e-08	382	-0.192875	0.111225	0.974899	0.743741	0.742714	0.0749514	0.0651272	0.0020076	0.00119345	
1.158e-08	384	-0.0139915	0.0585234	0.998188	0.746459	0.742502	0.0785879	0.158703	0.00215016	0.00207145	
1.164e-08	386	0.0769182	0.0926688	0.992722	0.738502	0.739893	0.0907984	0.0482155	0.00168574	0.00161189	
1.17e-08	388	0.0119629	-0.0522917	0.99856	0.735078	0.73853	0.0898851	0.0551594	0.00219473	0.00197039	
1.176e-08	390	-0.0135608	-0.0269893	0.999544	0.743186	0.736249	0.0640248	0.073777	0.00142803	0.00144682	
1.182e-08	392	0.0563456	0.105735	0.992797	0.722375	0.733229	0.0447455	0.0495134	0.00264583	0.00240876	
1.188e-08	394	0.0304216	0.0527896	0.998142	0.743485	0.73319	0.069057	0.134117	0.00380929	0.00222804	
1.194e-08	396	0.0485173	0.0876247	0.994971	0.729328	0.730917	0.127805	0.057726	0.00356189	0.00253849	
1.2e-08	398	-0.0836379	0.0483892	0.995321	0.713181	0.730127	0.0712865	0.10825	0.00305872	0.00235646	
1.206e-08	400	0.0101588	-0.0361289	0.999296	0.735956	0.727274	0.0536691	0.0658634	0.00139988	0.00110566	
1.212e-08	402	-0.0666222	0.0391082	0.997012	0.73887	0.721649	0.0691106	0.0666176	0.00193225	0.0017412	
1.218e-08	404	-0.0234161	0.025749	0.999394	0.738382	0.726071	0.0458396	0.117848	0.0025443	0.00172576	
1.224e-08	406	-0.0325145	0.014986	0.999359	0.721224	0.719821	0.0814015	0.0488752	0.00175518	0.00187301	
1.23e-08	408	-0.0585672	-0.066812	0.996045	0.706878	0.719242	0.0625161	0.0661886	0.00287246	0.00261351	
1.236e-08	410	0.16045	-0.0567697	0.98541	0.713047	0.714723	0.0745359	0.117366	0.00294592	0.00188116	
1.242e-08	412	-0.10388	-0.0791587	0.991435	0.71064	0.714452	0.0830193	0.0623439	0.00181986	0.00168386	
1.248e-08	414	-0.0688953	0.0411241	0.996776	0.697133	0.712638	0.0383184	0.0962375	0.00365553	0.00321415	
1.254e-08	416	0.0708498	-0.00915422	0.997445	0.705457	0.712213	0.0977278	0.0959441	0.00304073	0.00253062	
1.26e-08	418	0.0618084	0.111694	0.991819	0.719263	0.712578	0.0413985	0.0728185	0.00205565	0.0022101	
1.266e-08	420	0.0105656	0.0750968	0.99712	0.714714	0.705539	0.0477437	0.0626914	0.0014501	0.00153687	
1.272e-08	422	-0.021002	-0.0322541	0.999259	0.705396	0.706223	0.0522582	0.0372934	0.002229	0.00204528	
1.278e-08	424	0.0124917	0.0468526	0.998824	0.706177	0.704224	0.0817686	0.0831767	0.00347853	0.00238839	
1.284e-08	426	-0.00312893	-0.0385579	0.999251	0.692628	0.702463	0.0666032	0.0773956	0.00215353	0.00157989	
1.29e-08	428	0.0274207	0.141849	0.989508	0.685531	0.702438	0.0693486	0.0601024	0.00273206	0.00219791	
1.296e-08	430	0.035997	0.00106676	0.999351	0.694157	0.698079	0.109282	0.0844877	0.0024955	0.00204489	
1.302e-08	432	0.0716201	-0.0543486	0.99595	0.715899	0.697072	0.0764159	0.0690011	0.00271687	0.00199522	
1.308e-08	434	-0.0467618	-0.02159	0.998673	0.69833	0.689983	0.0573605	0.062173	0.00291939	0.00234397	
1.314e-08	436	-0.0960185	-0.0941064	0.990921	0.690306	0.690015	0.0853792	0.0458755	0.00240874	0.00199603	
1.32e-08	438	0.0144303	0.121297	0.992511	0.690513	0.687448	0.0537666	0.0478978	0.00257468	0.00234123	
1.326e-08	440	0.0513096	0.0588182	0.996949	0.681693	0.687511	0.109375	0.0779953	0.00406162	0.00378248	
1.332e-08	442	-0.00693265	0.0123912	0.999899	0.664229	0.684942	0.0888384	0.0919392	0.00281874	0.00261145	
1.338e-08	444	0.0107949	0.0122044	0.999867	0.694949	0.683711	0.0461535	0.0745386	0.00206008	0.0018108	
1.344e-08	446	-0.0724959	-0.113931	0.99084	0.688224	0.680535	0.0915066	0.119258	0.00397554	0.00278623	
1.35e-08	448	0.0214924	-0.0080593	0.999737	0.691569	0.682178	0.0707655	0.0607131	0.00224582	0.00262818	
1.356e-08	450	-0.0457882	-0.0360812	0.998299	0.693804	0.676764	0.0690737	0.0790743	0.00180734	0.00167598	
1.362e-08	452	-0.0103099	-0.130488	0.991396	0.683696	0.676835	0.0362718	0.0679918	0.00238745	0.00253214	
1.368e-08	454	0.0188147	0.117744	0.992866	0.66558	0.671449	0.0993647	0.0535317	0.00362713	0.00331303	
1.374e-08	456	0.0486479	0.0902968	0.994726	0.6489	0.67178	0.0575043	0.0947131	0.00321851	0.00206861	
1.38e-08	458	0.0740837	-0.00584995	0.997235	0.665542	0.67014	0.0762207	0.11458	0.00264692	0.00231502	
1.386e-08	460	0.0122284	-0.0852285	0.996286	0.67195	0.6694	0.100077	0.0738321	0.00206504	0.00158059	
1.392e-08	462	0.187228	-0.0540853	0.980826	0.659118	0.661935	0.0677805	0.0728515	0.00184354	0.0019155	
1.398e-08	464	-0.145739	0.0107045	0.989265	0.669583	0.661425	0.0703598	0.0635226	0.00141539	0.00121829	
1.404e-08	466	0.0306592	0.00955249	0.999484	0.67006	0.657072	0.0721835	0.105553	0.00729535	0.00454389	
1.41e-08	468	-0.00287848	0.112628	0.993633	0.654257	0.655154	0.062902	0.0565653	0.00341896	0.00332279	
1.416e-08	470	0.0501908	-0.0932575	0.994376	0.659082	0.65478	0.0856419	0.105532	0.00425597	0.00320795	
1.422e-08	472	-0.0932147	0.0872802	0.991813	0.652773	0.652794	0.060255	0.105809	0.00284417	0.00326136	
1.428e-08	474	0.00610876	-0.0312785	0.999492	0.644216	0.648522	0.0730474	0.156222	0.0033	0.00303671	
1.434e-08	476	-0.124956	0.0842653	0.988577	0.632982	0.647825	0.0917963	0.103763	0.0041713	0.00295638	
1.44e-08	478	0.0290983	0.0114862	0.999511	0.624302	0.644572	0.115071	0.0626965	0.00404971	0.00349386	
1.446e-08	480	0.0942805	0.0369184	0.994861	0.623538	0.645957	0.0830061	0.0524992	0.00282197	0.00263331	
1.452e-08	482	-0.0296124	0.164126	0.985995	0.632197	0.640042	0.0681465	0.0973018	0.004167	0.00290245	
1.458e-08	484	-0.0485909	-0.032006	0.998306	0.637522	0.638104	0.0947282	0.0505546	0.00517473	0.00489671	
1.464e-08	486	0.0065944	-0.0155755	0.999857	0.64273	0.634578	0.0629507	0.0930155	0.00288316	0.00217028	
1.47e-08	488	0.117287	-0.0719987	0.990485	0.632549	0.632659	0.100435	0.0675207	0.00343946	0.00269812	
1.476e-08	490	-0.136275	-0.151454	0.979026	0.645073	0.631741	0.10257	0.0696666	0.00518597	0.00442623	
1.482e-08	492	-0.205327	0.20584	0.956802	0.632504	0.626771	0.0894835	0.102322	0.00306719	0.0029124	
1.488e-08	494	-0.152562	-0.16165	0.974984	0.645547	0.622936	0.0879781	0.060442	0.00316768	0.0034026	
1.494e-08	496	0.134445	0.0473109	0.989791	0.612618	0.626114	0.0677099	0.0691553	0.00310729	0.00251236	
1.5e-08	498	-0.0228519	-0.0498662	0.998494	0.615996	0.622317	0.0876487	0.0936348	0.00415886	0.00321611	
1.506e-08	500	-0.033387	0.085071	0.995815	0.590529	0.614641	0.093101	0.0626951	0.00342607	0.00290215	
1.512e-08	502	0.224733	0.102931	0.968969	0.627561	0.614134	0.118813	0.0903395	0.00489864	0.00417556	
1.518e-08	504	-0.0134258	0.0620661	0.997982	0.617513	0.618575	0.0711567	0.0938431	0.00678538	0.0045565	
1.524e-08	506	0.0338619	0.0205215	0.999216	0.606121	0.610563	0.0713785	0.0695198	0.00462613	0.00431663	
1.53e-08	508	0.1254	0.109239	0.986074	0.617414	0.612248	0.0718622	0.0670102	0.00480543	0.00511915	
1.536e-08	510	0.0578959	-0.0293197	0.997892	0.60266	0.601357	0.0790659	0.0521712	0.0046116	0.00268932	
1.542e-08	512	-0.107562	-0.0957985	0.989572	0.601973	0.603148	0.136916	0.0882538	0.00640969	0.00447248	
1.548e-08	514	0.0714051	-0.184649	0.980207	0.597029	0.600834	0.0598247	0.0656522	0.00628746	0.00573673	
1.554e-08	516	-0.0906152	-0.0809744	0.992589	0.619189	0.601554	0.0542006	0.112866	0.0030582	0.00251039	
1.56e-08	518	-0.0565499	0.0979681	0.993582	0.593941	0.592862	0.0720385	0.0601008	0.00707993	0.00465467	
1.566e-08	520	0.163492	-0.223124	0.960982	0.606531	0.595558	0.0768736	0.0725925	0.00297545	0.00283616	
1.572e-08	522	-0.00454329	-0.0643894	0.997915	0.552873	0.58486	0.0698369	0.0547471	0.00403796	0.00397557	
1.578e-08	524	-0.20507	0.0524476	0.977341	0.57756	0.590015	0.102754	0.0636166	0.00523301	0.00382682	
1.584e-08	526	0.129424	0.102254	0.986303	0.575272	0.583142	0.083251	0.0917699	0.00603107	0.0048429	
1.59e-08	528	0.0620613	0.0410337	0.997228	0.563129	0.578719	0.108693	0.0960179	0.00524416	0.00454258	
1.596e-08	530	-0.0076415	-0.057802	0.998299	0.548405	0.582396	0.0592123	0.0504297	0.00334678	0.00371067	
1.602e-08	532	-0.182021	-0.0276403	0.982906	0.568967	0.574813	0.0915255	0.0572693	0.0040874	0.00394167	
1.608e-08	534	-0.0649424	-0.0971363	0.99315	0.598001	0.576447	0.0671964	0.046538	0.0034969	0.00328433	
1.614e-08	536	-0.0234768	-0.0414474	0.998865	0.562829	0.566735	0.0833299	0.0752781	0.00844891	0.00686667	
1.62e-08	538	0.157805	0.191577	0.968708	0.579294	0.563869	0.0875962	0.0867875	0.00300022	0.00243875	
1.626e-08	540	0.0199774	-0.0679879	0.997486	0.551034	0.561049	0.0955923	0.057076	0.00478705	0.00486785	
1.632e-08	542	-0.169334	-0.105889	0.979854	0.566107	0.559315	0.118052	0.0794454	0.00412403	0.00359229	
1.638e-08	544	0.0394856	-0.162644	0.985895	0.548001	0.557445	0.0492363	0.108232	0.00644649	0.00331186	
1.644e-08	546	-0.139962	-0.000300087	0.990157	0.583653	0.555598	0.0890525	0.101286	0.0066238	0.00461673	
1.65e-08	548	-0.133647	0.0366951	0.990349	0.541659	0.549429	0.0740954	0.0484903	0.00400534	0.00400931	
1.656e-08	550	-0.173812	0.0148518	0.984667	0.541199	0.547395	0.0683567	0.0776515	0.00480523	0.00455034	
1.662e-08	552	0.119289	0.123891	0.9851	0.563101	0.545673	0.0738796	0.069191	0.00604256	0.00573542	
1.668e-08	554	0.0809701	0.0441372	0.995739	0.546782	0.542339	0.0869162	0.086571	0.00338594	0.00262495	
1.674e-08	556	0.0160578	-0.0359692	0.999224	0.564182	0.542405	0.0695015	0.108793	0.00381506	0.00252888	
1.68e-08	558	-0.0559861	-0.0046652	0.998421	0.532364	0.535893	0.0792416	0.132883	0.00404778	0.00301729	
1.686e-08	560	-0.00475379	0.11533	0.993316	0.554552	0.5353	0.0696689	0.0936781	0.003659	0.00267681	
1.692e-08	562	-0.218785	-0.0595738	0.973953	0.53641	0.521298	0.145977	0.0830871	0.0114015	0.00827626	
1.698e-08	564	-0.0420498	0.101837	0.993912	0.517177	0.523971	0.126816	0.121313	0.00958546	0.0061795	
1.704e-08	566	-0.0829827	-0.020789	0.996334	0.531555	0.520227	0.0912101	0.0741944	0.00879898	0.00813708	
1.71e-08	568	0.0659362	-0.0515618	0.996491	0.541092	0.518279	0.074929	0.0638286	0.00856616	0.00748672	
1.716e-08	570	0.0805223	-0.00338587	0.996747	0.49999	0.514707	0.107849	0.108018	0.00917041	0.0042579	
1.722e-08	572	-0.024638	-0.0800491	0.996486	0.484766	0.507771	0.0531088	0.0417203	0.00865459	0.00789673	
1.728e-08	574	-0.128027	-0.169445	0.977189	0.491761	0.510765	0.169916	0.130736	0.0129446	0.00801797	
1.734e-08	576	0.0884265	0.113809	0.98956	0.459612	0.500336	0.0844519	0.105744	0.00721738	0.00650875	
1.74e-08	578	0.186515	0.0117925	0.982381	0.51396	0.498945	0.100525	0.103053	0.00994336	0.00663532	
1.746e-08	580	0.0543791	-0.0021713	0.998518	0.511792	0.497801	0.0900984	0.058934	0.00807473	0.00579307	
1.752e-08	582	-0.102493	-0.0598073	0.992934	0.494174	0.489048	0.0957039	0.0777125	0.0101146	0.00765512	
1.758e-08	584	-0.073895	0.0905127	0.99315	0.474363	0.484973	0.0595838	0.0931483	0.00835133	0.00551426	
1.764e-08	586	-0.092403	-0.305217	0.947789	0.480294	0.485989	0.0857494	0.103103	0.00575865	0.00386136	
1.77e-08	588	-0.0662449	0.00595059	0.997786	0.472288	0.48057	0.0816727	0.115633	0.00832619	0.00495411	
1.776e-08	590	-0.0151371	-0.0400476	0.999083	0.468353	0.480203	0.0837854	0.0635193	0.0115082	0.0103262	
1.782e-08	592	0.121952	0.0256732	0.992204	0.457286	0.473127	0.129086	0.0823944	0.0100822	0.00756779	
1.788e-08	594	0.0630233	-0.0610915	0.996141	0.483717	0.461054	0.1228	0.131741	0.020811	0.0135603	
1.794e-08	596	-0.241515	0.0337436	0.96981	0.426449	0.461178	0.102899	0.117536	0.0116037	0.00955448	
1.8e-08	598	0.0493721	0.218854	0.974508	0.448438	0.462418	0.0846837	0.0747424	0.00953695	0.00795833	
1.806e-08	600	-0.0429472	0.121473	0.991665	0.462269	0.456	0.0800029	0.102199	0.00859994	0.00606862	
1.812e-08	602	-0.173418	0.195235	0.965303	0.452202	0.455447	0.0819768	0.10043	0.0157449	0.0089912	
1.818e-08	604	0.111987	-0.164201	0.980049	0.458545	0.441167	0.114251	0.113903	0.0135082	0.0120365	
1.824e-08	606	-0.247797	-0.00483045	0.9688	0.459129	0.439594	0.0725696	0.0864626	0.0122224	0.0107438	
1.83e-08	608	0.0586264	0.154463	0.986258	0.465921	0.441847	0.0971103	0.0552454	0.00707971	0.0055642	
1.836e-08	610	0.185997	0.238276	0.953221	0.400688	0.430218	0.107653	0.149073	0.0184194	0.0124853	
1.842e-08	612	0.00757402	-0.0434255	0.999028	0.416655	0.426793	0.102492	0.0826289	0.0204697	0.014202	
1.848e-08	614	-0.153191	0.347253	0.925175	0.425413	0.425816	0.0991092	0.106503	0.0157247	0.0123703	
1.854e-08	616	-0.123792	-0.157054	0.979801	0.407218	0.419737	0.0947	0.080558	0.0139289	0.0111009	
1.86e-08	618	-0.0593	-0.0327077	0.997704	0.40056	0.409917	0.089224	0.0646725	0.0116883	0.00920206	
1.866e-08	620	-0.098081	0.0242691	0.994882	0.427646	0.41693	0.0889561	0.0750951	0.00688363	0.0063615	
1.872e-08	622	0.225535	-0.137933	0.964421	0.426965	0.409698	0.116505	0.0897073	0.0125652	0.0130417	
1.878e-08	624	0.163855	-0.153485	0.974471	0.40226	0.40275	0.111406	0.123495	0.0170496	0.00919436	
1.884e-08	626	0.0206429	-0.174391	0.98446	0.363201	0.398629	0.0855062	0.0629111	0.0120828	0.0104216	
1.89e-08	628	-0.0954267	-0.159077	0.982643	0.415907	0.391384	0.0561823	0.0972622	0.014621	0.014063	
1.896e-08	630	0.193308	0.0397892	0.980331	0.423652	0.385785	0.117098	0.111305	0.0294137	0.0232199	
1.902e-08	632	-0.110546	-0.0197128	0.993675	0.369575	0.376436	0.0824367	0.0654051	0.016515	0.0112399	
1.908e-08	634	0.194843	-0.100317	0.975691	0.364049	0.368962	0.101865	0.104551	0.0182357	0.0127125	
1.914e-08	636	-0.0950324	0.0290139	0.995051	0.385824	0.371116	0.106444	0.0867152	0.0148421	0.01138	
1.92e-08	638	-0.157975	-0.0831428	0.983937	0.378646	0.356925	0.187487	0.0598531	0.0506603	0.0195615	
1.926e-08	640	0.0805456	-0.327431	0.941436	0.374557	0.352863	0.0692703	0.0880006	0.0186146	0.0149702	
1.932e-08	642	0.38362	-0.09055	0.919041	0.345041	0.342988	0.118104	0.0925262	0.0451765	0.0235569	
1.938e-08	644	0.543787	0.165805	0.822681	0.346111	0.340017	0.114881	0.121529	0.0319963	0.0198025	
1.944e-08	646	-0.0310512	0.239277	0.970455	0.30984	0.331129	0.107864	0.12071	0.0330042	0.0188346	
1.95e-08	648	-0.20533	-0.460372	0.863653	0.346281	0.333744	0.0478924	0.108121	0.0217208	0.0143899	
1.956e-08	650	0.165676	-0.070141	0.983683	0.339385	0.314716	0.135499	0.115088	0.158462	0.0352956	
1.962e-08	652	0.324888	0.0497517	0.944443	0.328838	0.321124	0.0877917	0.122948	0.0202959	0.0165265	
1.968e-08	654	0.180171	0.0166111	0.983495	0.327309	0.3221	0.108283	0.0815046	0.0316267	0.0231095	
1.974e-08	656	-0.414419	0.0912564	0.905499	0.337801	0.307799	0.140767	0.110938	0.050694	0.0261144	
1.98e-08	658	0.0333277	-0.141894	-0.989321	0.239425	0.290825	0.0696581	0.084593	0.0416816	0.0344867	
1.986e-08	660	-0.00374171	0.192805	-0.98123	0.359219	0.294493	0.0808069	0.0583012	0.016525	0.0159446	
1.992e-08	662	-0.0916011	0.688471	0.719456	0.123658	0.261768	0.158778	0.114574	0.0703671	0.053406	
1.998e-08	664	0.31174	-0.0722044	0.94742	0.284904	0.270947	0.103774	0.0911743	0.0335562	0.0190354	
2.004e-08	666	-0.280491	0.270446	-0.920969	0.257889	0.248575	0.127415	0.112961	0.332253	0.0426706	
2.01e-08	668	0.290009	0.00810177	-0.95699	0.279214	0.235881	0.117727	0.109815	0.135626	0.0683233	
2.016e-08	670	0.209748	-0.297481	-0.931403	0.27882	0.255798	0.0661006	0.0922644	0.0595146	0.0357069	
2.022e-08	672	-0.213457	0.245144	0.945696	0.201897	0.230827	0.132659	0.0996128	0.784022	0.0354458	
2.028e-08	674	-0.0721079	0.383551	-0.9207	0.22958	0.21719	0.132683	0.119951	0.537642	0.0522285	
2.034e-08	676	-0.261257	-0.282707	0.922942	0.240152	0.217332	0.0809712	0.114902	0.25148	0.0435732	
2.04e-08	678	-0.202438	0.0397552	-0.978488	0.251696	0.189457	0.0787717	0.134015	0.538812	0.0660087	
2.046e-08	680	-0.618349	-0.572053	-0.538888	0.138886	0.179172	0.126142	0.0874618	0.222584	0.0480846	
2.052e-08	682	0.381463	0.388568	0.838749	0.25649	0.197195	0.0692098	0.109998	0.620445	0.0563328	
2.058e-08	684	-0.216892	-0.747261	0.62814	0.0898263	0.176563	0.118974	0.124167	0.373856	0.0452427	
2.064e-08	686	0.900983	-0.30146	-0.312012	0.126545	0.173262	0.0965394	0.0684813	0.313449	0.0517941	
2.07e-08	688	-0.273848	0.0980448	0.956762	0.133108	0.164966	0.0806167	0.0892023	0.352227	0.0308235	
2.076e-08	690	0.416541	-0.120575	-0.901086	0.178129	0.145992	0.0885523	0.0636269	0.304358	0.0532471	
2.082e-08	692	0.117019	-0.43415	0.893208	0.232956	0.152847	0.112391	0.118623	0.219838	0.0349989	
2.088e-08	694	0.0542707	0.643294	-0.763693	0.0806441	0.127122	0.079164	0.0638574	0.187989	0.0463785	
2.094e-08	696	-0.251633	0.202439	-0.946414	0.143886	0.127137	0.0539467	0.0734605	0.218482	0.052221	
2.1e-08	698	0.55315	-0.122652	-0.824003	0.150404	0.119147	0.0904744	0.0629199	0.0934283	0.0345467	
2.106e-08	700	-0.0261856	0.999273	-0.027702	0.0850563	0.111604	0.0805203	0.0573923	0.138895	0.0427537	
2.112e-08	702	0.513692	-0.65139	-0.558402	0.0998092	0.11754	0.0519882	0.0992157	0.141136	0.03419	
2.118e-08	704	0.550851	-0.821855	-0.145318	0.0749127	0.105306	0.0438273	0.0695514	0.115702	0.0298855	
2.124e-08	706	-0.0878929	-0.326176	0.941214	0.0256292	0.10209	0.0593763	0.039687	0.125434	0.024774	
2.13e-08	708	-0.402671	-0.856815	0.322061	0.0536692	0.0953983	0.0440295	0.0538588	0.1013	0.027615	
2.136e-08	710	-0.000920365	0.441826	0.8971	0.0786471	0.0875077	0.0432741	0.0536574	0.069989	0.0233233	
2.142e-08	712	-0.175512	-0.254905	0.950904	0.0831346	0.0957721	0.0494529	0.0508208	0.106101	0.0338603	
2.148e-08	714	0.810509	0.543547	-0.218247	0.0810205	0.0921277	0.0710647	0.0472518	0.0551909	0.0144518	
2.154e-08	716	0.651714	-0.387322	0.652113	0.128656	0.101805	0.0560554	0.0424358	0.115131	0.0302663	
2.16e-08	718	-0.599422	0.362053	0.71387	0.0646191	0.0858196	0.0547441	0.0530678	0.0517016	0.0290929	
2.166e-08	720	-0.971498	0.140894	0.190631	0.0492359	0.0771313	0.0272262	0.0503508	0.0459958	0.0169528	
2.172e-08	722	0.844573	-0.357657	-0.398469	0.0685006	0.0877709	0.0435299	0.0421225	0.0775374	0.0204239	
2.178e-08	724	0.981413	-0.0475104	-0.185933	0.0330284	0.0721304	0.0242761	0.0296575	0.0556607	0.0147277	
2.184e-08	726	-0.280532	-0.899462	-0.335067	0.0687397	0.0751799	0.0332398	0.0365656	0.0500463	0.0185713	
2.19e-08	728	0.606863	0.0489802	0.793296	0.0373044	0.0740292	0.0281256	0.027859	0.059919	0.0172082	
2.196e-08	730	0.0360876	-0.257744	-0.965539	0.0495076	0.0616818	0.0281282	0.026718	0.0259279	0.0108274	
2.202e-08	732	0.799399	0.497672	0.336577	0.0776542	0.0742127	0.0324327	0.0294253	0.0510673	0.0126318	
2.208e-08	734	-0.838246	-0.49845	-0.221116	0.0379414	0.0627724	0.0345988	0.0191533	0.03776	0.0195088	
2.214e-08	736	-0.741558	-0.62963	-0.231642	0.0599663	0.0635099	0.0339054	0.0329254	0.0236487	0.0188969	
2.22e-08	738	0.97059	0.215292	0.107727	0.0242318	0.0676975	0.0301404	0.0241688	0.0431067	0.0141092	
2.226e-08	740	-0.896451	0.407775	-0.173477	0.03744	0.0605102	0.0192169	0.0288626	0.0259465	0.0103226	
2.232e-08	742	-0.403049	0.848043	-0.344057	0.0779037	0.0698577	0.0207549	0.0331424	0.044193	0.0137889	
2.238e-08	744	0.259126	0.623904	-0.737291	0.0528485	0.0680116	0.0465089	0.0204027	0.0281998	0.0121082	
2.244e-08	746	0.0247765	-0.739125	0.673113	0.0429434	0.0553588	0.0192112	0.0181097	0.0224508	0.00794499	
2.25e-08	748	0.947459	-0.19202	-0.255831	0.0234276	0.063948	0.0250931	0.0271889	0.0279675	0.0141542	
2.256e-08	750	-0.488362	-0.767706	0.414885	0.063264	0.0666384	0.0287822	0.0336189	0.0354356	0.017702	
2.262e-08	752	-0.309368	-0.948342	0.0702773	0.0470408	0.0517428	0.0172804	0.0167486	0.0181954	0.00471884	
2.268e-08	754	-0.558889	-0.266193	-0.785356	0.0842046	0.0580876	0.0204351	0.0245194	0.0255355	0.0105428	
2.274e-08	756	0.264821	0.527216	0.807412	0.0533851	0.0544115	0.0229251	0.0156742	0.0228047	0.00902765	
2.28e-08	758	0.695073	0.543908	0.470146	0.0491497	0.0610154	0.0163926	0.026026	0.026667	0.011104	
2.286e-08	760	-0.0153906	-0.709943	0.704091	0.0916542	0.0584268	0.0178533	0.0185104	0.0344541	0.0100207	
2.292e-08	762	-0.72321	0.280509	-0.631096	0.0419522	0.0500304	0.0170317	0.0162054	0.0176865	0.0067222	
2.298e-08	764	-0.361907	-0.398872	0.84257	0.0142277	0.0468359	0.013515	0.0164296	0.01465	0.0072702	
2.304e-08	766	0.742264	-0.374382	0.555772	0.0528131	0.052541	0.0169832	0.0206878	0.0154524	0.00812813	
2.31e-08	768	-0.576077	0.817111	0.0215624	0.0395905	0.052628	0.0162277	0.0164481	0.018309	0.00398902	
2.316e-08	770	-0.187351	-0.970002	0.154907	0.0183497	0.0502208	0.0161866	0.0170655	0.0174706	0.00810668	
2.322e-08	772	-0.520364	0.0463913	0.852683	0.0410039	0.0483817	0.0142426	0.0138672	0.0182165	0.00696253	
2.328e-08	774	-0.394286	0.655186	-0.644414	0.0729457	0.0447069	0.0122525	0.017879	0.00979579	0.00654159	
2.334e-08	776	0.167064	-0.14289	0.975537	0.0421959	0.0493194	0.0147234	0.0143803	0.019868	0.00673985	
2.34e-08	778	0.499805	0.822456	0.271588	0.0778567	0.0503872	0.0232129	0.00850364	0.0174504	0.00758487	
2.346e-08	780	0.363915	0.664059	0.65314	0.0569986	0.0486167	0.0125933	0.0207017	0.0126983	0.00692947	
2.352e-08	782	0.640348	0.0812121	-0.763779	0.0345087	0.0445472	0.0114004	0.0124331	0.0155472	0.00505948	
2.358e-08	784	-0.876666	-0.246846	-0.412945	0.063109	0.0486553	0.0168939	0.0183578	0.0082698	0.00589767	
2.364e-08	786	0.949039	-0.314997	0.0100919	0.0660075	0.0427044	0.0110695	0.0090876	0.0176019	0.00649367	
2.37e-08	788	0.579041	-0.75305	0.312455	0.0627254	0.0491607	0.0206553	0.0192499	0.0106915	0.00946944	
2.376e-08	790	0.75462	0.111773	0.646573	0.0283828	0.045542	0.0179258	0.0122873	0.0101175	0.00606546	
2.382e-08	792	0.558502	-0.823568	-0.0990525	0.0179635	0.0432231	0.0112277	0.0141774	0.0114056	0.00514896	
2.388e-08	794	-0.979626	0.0968224	-0.175948	0.0545439	0.0457973	0.0109912	0.0128524	0.0148224	0.00465851	
2.394e-08	796	-0.695973	0.500134	-0.515255	0.0459964	0.0435647	0.0162279	0.00595259	0.0140031	0.00480665	
2.4e-08	798	0.481652	0.524392	-0.702157	0.0708921	0.0475109	0.0198111	0.0111257	0.011662	0.0044832	
2.406e-08	800	-0.243888	-0.88319	0.400617	0.0333817	0.0404371	0.00814719	0.0078305	0.0128714	0.00249781	
2.412e-08	802	0.453203	-0.226951	0.862033	0.0310275	0.0498405	0.0160784	0.0164513	0.015847	0.00653381	
2.418e-08	804	0.360531	-0.198074	0.911474	0.0450844	0.0395229	0.0103201	0.00992613	0.0099312	0.00494664	
2.424e-08	806	0.306543	-0.303671	-0.902117	0.026514	0.0424783	0.0147791	0.00504977	0.0146042	0.00441668	
2.43e-08	808	0.781	0.623494	-0.035966	0.0430611	0.0349972	0.00857331	0.00976978	0.00684227	0.00483883	
2.436e-08	810	0.592083	0.799436	-0.101683	0.0249953	0.0393738	0.0129759	0.00451254	0.00901865	0.00344568	
2.442e-08	812	0.19016	0.0276649	-0.981363	0.0710017	0.0429491	0.00781029	0.00837935	0.0195915	0.00618114	
2.448e-08	814	-0.63544	-0.742952	0.21033	0.0466308	0.0386364	0.0108859	0.00933599	0.00871784	0.00449061	
2.454e-08	816	0.0550796	-0.838868	-0.541541	0.035074	0.036949	0.00887281	0.00917857	0.00672608	0.00251492	
2.46e-08	818	0.991241	0.114652	-0.0655481	0.0429737	0.0397929	0.00919851	0.008003	0.0122295	0.00470795	
2.466e-08	820	-0.785103	-0.18913	-0.589782	0.0281205	0.0332243	0.00493613	0.00723739	0.0103765	0.00481428	
2.472e-08	822	0.0540648	0.764922	-0.64185	0.0346571	0.0340107	0.00500559	0.00946631	0.0078206	0.00338869	
2.478e-08	824	0.915247	0.402856	-0.00552946	0.0375846	0.0396474	0.00632645	0.010335	0.0118547	0.00432285	
2.484e-08	826	-0.652257	-0.277963	-0.705193	0.0366087	0.038866	0.0119262	0.00593351	0.0105908	0.00381518	
2.49e-08	828	0.296793	0.593026	-0.748488	0.0353332	0.0362736	0.00694668	0.0077612	0.0112639	0.00471292	
2.496e-08	830	-0.402519	0.871655	0.279634	0.0382732	0.0385291	0.00872191	0.00980446	0.00806479	0.00271792	
2.502e-08	832	-0.518992	-0.610282	0.5985	0.0219675	0.0432419	0.0105175	0.0119179	0.0140064	0.00676118	
2.508e-08	834	-0.611289	0.458982	0.644718	0.0659095	0.0362626	0.0081146	0.00610234	0.00995838	0.00282139	
2.514e-08	836	0.768406	0.206767	0.60564	0.0257284	0.0421566	0.0106906	0.00810911	0.0134014	0.00381439	
2.52e-08	838	0.438501	0.347649	0.828768	0.036711	0.0355143	0.00507458	0.00773827	0.0105762	0.00344029	
2.526e-08	840	-0.797464	-0.601376	0.0489731	0.0300508	0.0384745	0.0107376	0.00709416	0.00831143	0.00273303	
2.532e-08	842	-0.427724	-0.703787	0.567218	0.039439	0.0328958	0.00575245	0.00733104	0.0074874	0.00344095	
2.538e-08	844	0.885534	-0.453724	-0.0998197	0.0340223	0.0318799	0.00683936	0.00727495	0.00462442	0.00270896	
2.544e-08	846	-0.797213	-0.00424492	-0.603684	0.0945049	0.0374125	0.00815542	0.00788341	0.00884931	0.00490488	
2.55e-08	848	0.0164906	0.818137	0.574787	0.0370646	0.0360199	0.0080152	0.0082174	0.00736358	0.00303746	
2.556e-08	850	0.156853	-0.987622	-0.000779736	0.0555933	0.0329698	0.00525187	0.00541802	0.00747136	0.00258431	
2.562e-08	852	-0.94375	0.0958418	-0.316464	0.037511	0.0355193	0.00515345	0.0101922	0.00747102	0.00357135	
2.568e-08	854	-0.706604	-0.302972	0.639467	0.0253686	0.0360315	0.00658553	0.00626861	0.00982575	0.00233531	
2.574e-08	856	-0.728934	-0.538607	-0.42256	0.0185174	0.030563	0.00436144	0.00467816	0.00652794	0.00174941	
2.58e-08	858	-0.702761	0.0842949	0.706415	0.0188729	0.0335054	0.00619493	0.00657961	0.00756418	0.00258485	
2.586e-08	860	-0.175509	0.23056	-0.957099	0.0484602	0.0335651	0.00652808	0.00403985	0.0106294	0.00412188	
2.592e-08	862	0.129979	-0.461586	0.877521	0.035017	0.0348432	0.00765454	0.00726498	0.00633277	0.00366054	
2.598e-08	864	0.422728	-0.261255	-0.867783	0.0319371	0.0354515	0.00707516	0.00688129	0.00748692	0.00295973	
2.604e-08	866	0.513778	0.555007	0.654217	0.0304854	0.0306724	0.00343291	0.00445949	0.00899589	0.00232393	
2.61e-08	868	-0.352572	-0.538946	0.765004	0.0310981	0.0308109	0.00478223	0.00630306	0.00704317	0.00347458	
2.616e-08	870	-0.814002	-0.558616	-0.159214	0.010205	0.0303977	0.00475644	0.00398743	0.00824	0.0030472	
2.622e-08	872	0.760792	-0.392449	0.516893	0.0245711	0.0313759	0.00515694	0.00516155	0.00713494	0.00234033	
2.628e-08	874	0.953974	-0.296064	0.0477447	0.0467508	0.0331776	0.00662822	0.00547646	0.00609039	0.0019338	
2.634e-08	876	0.0247956	-0.853997	0.519687	0.0357768	0.0324243	0.00765463	0.00341011	0.00740769	0.00271003	
2.64e-08	878	0.128409	0.471621	-0.872402	0.027504	0.0301307	0.00525822	0.00672299	0.00451921	0.00269512	
2.646e-08	880	0.879325	-0.304634	0.366041	0.0164779	0.0287977	0.00380725	0.00268412	0.00715806	0.00246921	
2.652e-08	882	-0.340493	0.42565	-0.838383	0.0419345	0.0294161	0.00600853	0.00459109	0.00448584	0.00175982	
2.658e-08	884	0.565685	0.578224	0.587926	0.0278645	0.0317165	0.00564361	0.00621093	0.00545236	0.00207871	
2.664e-08	886	-0.868604	0.404795	0.285777	0.02155	0.0321371	0.00464517	0.00672958	0.00723652	0.0029466	
2.67e-08	888	0.859432	0.369191	-0.353658	0.00654903	0.030897	0.00596627	0.00652632	0.00512623	0.00349234	
2.676e-08	890	-0.644364	0.564333	0.516065	0.0264248	0.0286355	0.00571811	0.00417158	0.00454442	0.00212953	
2.682e-08	892	0.160163	-0.778641	-0.606685	0.0150383	0.0304541	0.00477046	0.00602209	0.00490755	0.00207225	
2.688e-08	894	0.816411	-0.576825	0.0273169	0.0280198	0.0275161	0.00368175	0.00329782	0.00555431	0.00123096	
2.694e-08	896	-0.408421	0.845425	0.344164	0.0518243	0.0314116	0.00515645	0.00670114	0.00551247	0.00252866	
2.7e-08	898	-0.397366	0.309095	0.864038	0.0354188	0.028879	0.00371166	0.00378204	0.00613046	0.00146124	
2.706e-08	900	-0.140277	0.805469	0.575797	0.0198722	0.0339152	0.0089518	0.00612604	0.00624772	0.00477867	
