#----------------------------------------------------------------------------------------------------------------------------------------------------------
# Output file for vampire simulation
#   time       : 2024-08-29 04:55:30     process id : 211215
#   hostname   : node118.viking2.yor.alces.network
#   path       : /users/ky883/parameter/WS_dia5/AI_Dataset/size_6.0_6.0_9.0/Temp_900/random_1
#----------------------------------------------------------------------------------------------------------------------------------------------------------
6e-11	0	0.0088882	0.00291136	0.999956	0.999876	0.999838	0	0	0	0	
1.2e-10	2	-0.00348706	-0.000123624	0.999994	0.998946	0.998947	0.0412389	0.0752965	4.06004e-06	3.2254e-06	
1.8e-10	4	0.000803187	-0.00175271	0.999998	0.997977	0.997877	0.058709	0.0565037	1.49902e-05	1.44515e-05	
2.4e-10	6	-0.00530568	0.00317762	0.999981	0.99691	0.996849	0.0387814	0.0419851	1.49485e-05	1.53029e-05	
3e-10	8	-0.000739012	-0.000402852	1	0.995848	0.995776	0.0466436	0.0651152	8.11516e-06	7.29527e-06	
3.6e-10	10	0.00390601	-0.00239421	0.99999	0.994741	0.994779	0.0401716	0.0358931	1.37624e-05	1.28749e-05	
4.2e-10	12	-0.00402094	0.000167966	0.999992	0.993565	0.993719	0.0554235	0.0486823	3.33961e-05	2.99653e-05	
4.8e-10	14	0.0011028	0.00556707	0.999984	0.992628	0.992634	0.0449781	0.0473331	1.51084e-05	1.50208e-05	
5.4e-10	16	-0.00019295	0.0123428	0.999924	0.99164	0.991589	0.0493241	0.0489059	1.82299e-05	1.66612e-05	
6e-10	18	0.00564435	0.0148193	0.999874	0.990693	0.990523	0.0319379	0.0713346	3.02465e-05	3.39214e-05	
6.6e-10	20	-5.44476e-05	-0.00514281	0.999987	0.989683	0.989454	0.0532794	0.0355756	4.86118e-05	4.36794e-05	
7.2e-10	22	-0.000288432	0.0106173	0.999944	0.988469	0.988345	0.0451265	0.0510606	6.45006e-05	6.93055e-05	
7.8e-10	24	-0.00724122	-0.00315655	0.999969	0.986828	0.987314	0.0499059	0.0557933	3.63869e-05	3.32002e-05	
8.4e-10	26	-0.00220707	0.0146152	0.999891	0.986291	0.986225	0.0463901	0.0686583	9.41463e-05	8.48633e-05	
9e-10	28	-0.00484172	0.00118951	0.999988	0.985299	0.985119	0.0683036	0.0615046	5.53291e-05	4.58322e-05	
9.6e-10	30	0.0037769	0.0114189	0.999928	0.984324	0.984112	0.051732	0.0518536	6.02013e-05	4.15231e-05	
1.02e-09	32	-0.00150925	-0.0137239	0.999905	0.982495	0.98299	0.0374176	0.0578059	4.89272e-05	4.50975e-05	
1.08e-09	34	0.00749713	0.00809683	0.999939	0.981228	0.981905	0.043457	0.0753251	6.95528e-05	5.88632e-05	
1.14e-09	36	0.00509274	0.00652705	0.999966	0.981033	0.980983	0.0295078	0.0372691	9.43769e-05	8.73747e-05	
1.2e-09	38	-0.0126306	0.00562067	0.999904	0.979689	0.979765	0.0626797	0.0500584	9.55215e-05	8.04205e-05	
1.26e-09	40	0.0207586	0.00189867	0.999783	0.978862	0.978757	0.0360576	0.054675	8.1736e-05	7.98442e-05	
1.32e-09	42	0.00325864	-0.00848155	0.999959	0.977054	0.977353	0.0557442	0.0668331	0.000111959	0.000103634	
1.38e-09	44	0.0168154	-0.00374331	0.999852	0.977125	0.97643	0.0598417	0.0390123	0.000132736	0.000115485	
1.44e-09	46	0.00193246	0.00794999	0.999967	0.975681	0.975494	0.0718501	0.0599898	5.86449e-05	5.43828e-05	
1.5e-09	48	-0.0169281	-0.00706778	0.999832	0.974478	0.97438	0.0508721	0.048313	9.38898e-05	9.98428e-05	
1.56e-09	50	-0.0150569	-0.0260621	0.999547	0.973367	0.973295	0.0630648	0.0572613	6.04305e-05	6.24232e-05	
1.62e-09	52	0.0112513	-0.00616223	0.999918	0.972353	0.972074	0.0472905	0.0683877	0.000150206	0.000142807	
1.68e-09	54	-0.00187185	0.00503938	0.999986	0.972157	0.971006	0.040765	0.0248756	0.000141176	0.000132987	
1.74e-09	56	0.0164196	-0.012055	0.999793	0.970659	0.970102	0.0451439	0.0428322	0.000131198	0.000142395	
1.8e-09	58	-0.00671622	-0.0205731	0.999766	0.967614	0.968882	0.0983582	0.0335796	0.000149713	0.000147344	
1.86e-09	60	0.0274132	-0.015006	0.999512	0.967967	0.967737	0.0794373	0.0478491	0.00013111	0.000111887	
1.92e-09	62	0.021686	0.0076155	0.999736	0.967469	0.966646	0.0657544	0.0696727	0.000202498	0.000123733	
1.98e-09	64	0.0286247	-0.0132107	0.999503	0.965302	0.965522	0.0737074	0.0897291	0.000175099	0.000123426	
2.04e-09	66	0.0322576	0.027838	0.999092	0.963622	0.964373	0.0499534	0.0536668	0.000138245	0.000115927	
2.1e-09	68	-0.00228732	0.00731156	0.999971	0.963207	0.963214	0.0576891	0.04033	0.000117714	0.000125496	
2.16e-09	70	-0.0019839	0.0138337	0.999902	0.961013	0.962424	0.0469582	0.0688464	0.000192053	0.00018112	
2.22e-09	72	-0.00103719	-0.0226638	0.999743	0.962481	0.961289	0.0380198	0.0456166	0.000224178	0.000201074	
2.28e-09	74	-0.00310845	-0.017147	0.999848	0.961022	0.960132	0.0526148	0.0501277	0.000122183	0.000104327	
2.34e-09	76	-0.00416983	0.0179735	0.99983	0.959193	0.958543	0.0521115	0.0570049	0.000168842	0.000183742	
2.4e-09	78	0.0173004	0.0114444	0.999785	0.958383	0.957847	0.0473227	0.0490972	0.000163633	0.000170861	
2.46e-09	80	-0.0164575	0.00775882	0.999834	0.956009	0.956727	0.0460949	0.0648644	0.000306608	0.000263972	
2.52e-09	82	0.000863484	-0.00232754	0.999997	0.955274	0.955371	0.0619552	0.0512196	0.000162356	0.000136312	
2.58e-09	84	0.00986297	-0.00765572	0.999922	0.953161	0.954268	0.068814	0.0339563	0.000204149	0.000183879	
2.64e-09	86	0.0114168	-0.0164103	0.9998	0.953192	0.953163	0.0798041	0.0349455	0.000280809	0.000197987	
2.7e-09	88	-0.0128097	-0.0275494	0.999538	0.951768	0.952125	0.0607325	0.0539256	0.000254952	0.000246776	
2.76e-09	90	-0.0109304	-0.00806382	0.999908	0.954205	0.950857	0.0518057	0.0500601	0.000369022	0.000367213	
2.82e-09	92	0.0215296	-0.0291434	0.999343	0.950252	0.949897	0.0508266	0.0922806	0.000270915	0.000247574	
2.88e-09	94	0.0208416	0.0206706	0.999569	0.94905	0.948203	0.037418	0.0616337	0.000185477	0.00017787	
2.94e-09	96	0.0160881	-0.0142901	0.999768	0.946038	0.947407	0.058345	0.0746444	0.00013572	0.000123133	
3e-09	98	-0.0103616	0.00455868	0.999936	0.946816	0.946423	0.0540231	0.0683283	0.000266504	0.000217378	
3.06e-09	100	0.00245372	-0.0251027	0.999682	0.947431	0.945074	0.0574084	0.0940527	0.000367972	0.000286858	
3.12e-09	102	0.0117744	-0.0162701	0.999798	0.943504	0.94396	0.0427438	0.0881857	0.000280289	0.000314739	
3.18e-09	104	0.0386382	-0.00151841	0.999252	0.942159	0.943094	0.0895077	0.0610712	0.000254035	0.000225934	
3.24e-09	106	-0.0248924	0.00574888	0.999674	0.945172	0.941443	0.0750952	0.0551518	0.000373093	0.000352809	
3.3e-09	108	0.0164369	-0.00130795	0.999864	0.939588	0.940312	0.068338	0.0361476	0.000265462	0.000244571	
3.36e-09	110	-0.00309192	-0.0110599	0.999934	0.939325	0.939965	0.0316394	0.0425096	0.000251147	0.000250974	
3.42e-09	112	-0.0120413	-0.00991835	0.999878	0.93682	0.938523	0.0492155	0.0563346	0.000262843	0.000261664	
3.48e-09	114	-0.0125133	-9.36475e-05	0.999922	0.93704	0.936847	0.0708835	0.0665456	0.000326511	0.000280908	
3.54e-09	116	-0.0254686	-0.0180008	0.999514	0.931882	0.935863	0.0334188	0.0780015	0.000353429	0.000332359	
3.6e-09	118	0.0182227	0.00393569	0.999826	0.934996	0.934853	0.0463443	0.0520086	0.000256677	0.00025522	
3.66e-09	120	0.00817136	0.0107986	0.999908	0.933681	0.933779	0.0325976	0.0232597	0.000238791	0.000232219	
3.72e-09	122	0.0052599	-0.0225745	0.999731	0.930762	0.932567	0.0609764	0.0600069	0.000260872	0.000195172	
3.78e-09	124	-0.0127729	0.0102953	0.999865	0.930361	0.931578	0.0708872	0.0405497	0.000448529	0.0004718	
3.84e-09	126	-0.012175	0.0302449	0.999468	0.932473	0.930311	0.0762192	0.0504284	0.000321004	0.000297738	
3.9e-09	128	0.0298747	0.0329596	0.99901	0.931886	0.929395	0.0666552	0.0549471	0.000179297	0.000196499	
3.96e-09	130	0.0368109	0.0080451	0.99929	0.929005	0.927959	0.0759187	0.0774755	0.000386542	0.000335872	
4.02e-09	132	0.00496668	0.0190979	0.999805	0.928409	0.926638	0.0471961	0.0448222	0.000273209	0.000271339	
4.08e-09	134	-0.00799613	0.037364	0.99927	0.925277	0.925356	0.0799569	0.0491824	0.00023917	0.000213618	
4.14e-09	136	-0.00262263	-0.00665919	0.999974	0.925636	0.924542	0.108968	0.0560417	0.000616252	0.000387443	
4.2e-09	138	-0.00763797	-0.00484456	0.999959	0.922761	0.923016	0.0809258	0.0416327	0.000333737	0.000338423	
4.26e-09	140	-0.0297037	-0.0102956	0.999506	0.922709	0.921445	0.031784	0.0877813	0.000332934	0.000279737	
4.32e-09	142	0.028714	-0.00420448	0.999579	0.921951	0.920553	0.0564351	0.0752392	0.000339326	0.000294329	
4.38e-09	144	0.00559861	-0.00179212	0.999983	0.917492	0.920157	0.0541471	0.0603548	0.000393179	0.000396284	
4.44e-09	146	-0.0124896	0.0396248	0.999137	0.916768	0.918262	0.0573273	0.0537161	0.000311688	0.000317643	
4.5e-09	148	0.0305656	-0.00359433	0.999526	0.918843	0.917323	0.0823039	0.0461961	0.000382542	0.000315476	
4.56e-09	150	0.0134443	0.0354552	0.999281	0.916743	0.916062	0.0481502	0.0819828	0.000360552	0.0002639	
4.62e-09	152	0.00301029	-0.010759	0.999938	0.913525	0.914582	0.0426598	0.0640363	0.000350818	0.000317594	
4.68e-09	154	-0.0243957	-0.0106031	0.999646	0.913984	0.912956	0.0532147	0.0862654	0.000520178	0.000467148	
4.74e-09	156	0.024888	-0.0162067	0.999559	0.910452	0.91198	0.0528901	0.086185	0.000529967	0.000418001	
4.8e-09	158	0.0311943	0.026646	0.999158	0.909186	0.911303	0.0786116	0.0466727	0.000327182	0.000285776	
4.86e-09	160	0.00799789	0.0346169	0.999369	0.90691	0.909677	0.0483835	0.0597775	0.000392837	0.000367008	
4.92e-09	162	0.0175417	0.00724577	0.99982	0.911424	0.908894	0.0358331	0.0270465	0.000342255	0.000323865	
4.98e-09	164	-0.00530969	-0.00739014	0.999959	0.906378	0.907706	0.0922456	0.0883526	0.000414215	0.000339814	
5.04e-09	166	0.0277459	0.0106321	0.999558	0.906588	0.90605	0.0826832	0.0381802	0.000250706	0.000262354	
5.1e-09	168	-0.0264191	-0.010084	0.9996	0.903684	0.905055	0.0720416	0.0560285	0.000331281	0.000284175	
5.16e-09	170	-0.0580599	0.0184837	0.998142	0.903215	0.903866	0.0465765	0.0597132	0.000483075	0.000417715	
5.22e-09	172	-0.00771145	0.00192728	0.999968	0.898226	0.901827	0.0643663	0.0374758	0.000358325	0.000339757	
5.28e-09	174	-0.0236366	-0.0117477	0.999652	0.900458	0.901327	0.052529	0.0485124	0.000651504	0.000654225	
5.34e-09	176	-0.0233651	0.0316469	0.999226	0.899726	0.899687	0.0441176	0.0986196	0.000266983	0.000229451	
5.4e-09	178	-0.0209141	0.00951514	0.999736	0.89652	0.898736	0.0599279	0.0259133	0.000443256	0.000441069	
5.46e-09	180	0.0173025	0.00214844	0.999848	0.895319	0.897529	0.0965907	0.0655406	0.000656993	0.00057311	
5.52e-09	182	0.0330538	-0.00309064	0.999449	0.895185	0.896172	0.0601628	0.0837286	0.000602713	0.000419758	
5.58e-09	184	0.0352919	0.052596	0.997992	0.896746	0.895678	0.0923177	0.0864335	0.000373832	0.0003309	
5.64e-09	186	0.00681229	-0.0294259	0.999544	0.891877	0.893357	0.0688957	0.0448191	0.000493219	0.000529019	
5.7e-09	188	0.0179658	0.00645664	0.999818	0.89281	0.892293	0.0589486	0.111262	0.00042957	0.000375704	
5.76e-09	190	-0.0231825	-0.00127328	0.99973	0.88619	0.891654	0.0656555	0.0592514	0.000500562	0.000496874	
5.82e-09	192	0.0192101	0.0112749	0.999752	0.888728	0.890501	0.0550629	0.0464467	0.000418137	0.000342401	
5.88e-09	194	0.0315331	-0.0101209	0.999451	0.88829	0.888952	0.0748593	0.0324236	0.000707384	0.000614491	
5.94e-09	196	-0.0121214	0.00144368	0.999925	0.885682	0.887831	0.0488093	0.052535	0.000597271	0.000537486	
6e-09	198	0.00406288	-0.0369246	0.99931	0.887743	0.885308	0.0401474	0.0677894	0.000694627	0.000669921	
6.06e-09	200	-0.0134304	-0.0271998	0.99954	0.884717	0.884784	0.0560813	0.0557438	0.00041645	0.000492157	
6.12e-09	202	-0.0167436	0.0116948	0.999791	0.880728	0.883296	0.0657352	0.0435696	0.000674211	0.000624271	
6.18e-09	204	0.000195362	-0.0318504	0.999493	0.885007	0.882596	0.0665095	0.0438813	0.000672969	0.000554429	
6.24e-09	206	-0.00793462	-0.0192266	0.999784	0.880673	0.881888	0.0588284	0.0520909	0.000318746	0.000327151	
6.3e-09	208	-0.0303	0.00412304	0.999532	0.883248	0.879721	0.0658579	0.0503757	0.00074645	0.000652661	
6.36e-09	210	-0.00202753	0.0454872	0.998963	0.878496	0.877782	0.0713981	0.0464608	0.000711881	0.000781233	
6.42e-09	212	-0.0372462	0.00144576	0.999305	0.876063	0.877762	0.0550684	0.0813893	0.000673737	0.000647722	
6.48e-09	214	-0.0206141	-0.0551731	0.998264	0.876206	0.87482	0.0915877	0.0425219	0.000970882	0.000808549	
6.54e-09	216	0.0106977	-0.0168136	0.999801	0.872919	0.873918	0.0338148	0.0868982	0.000935604	0.000835436	
6.6e-09	218	-0.00342747	-0.0285828	0.999586	0.87604	0.873566	0.0545877	0.0693057	0.000565223	0.000562735	
6.66e-09	220	0.00776608	-0.059804	0.99818	0.868966	0.871794	0.0886739	0.0524	0.000815721	0.000767987	
6.72e-09	222	0.00931869	0.0152216	0.999841	0.870272	0.870093	0.0781336	0.0406181	0.000354498	0.000339341	
6.78e-09	224	0.00773613	-0.0307657	0.999497	0.873371	0.870084	0.0348139	0.0527869	0.000660468	0.000648543	
6.84e-09	226	0.0207129	0.0407665	0.998954	0.869591	0.867424	0.0487523	0.0474752	0.000407313	0.000412074	
6.9e-09	228	-0.0159415	0.0229108	0.99961	0.867298	0.867436	0.0564721	0.0479573	0.000686984	0.000666895	
6.96e-09	230	-0.047199	0.03307	0.998338	0.862682	0.865291	0.0855107	0.048535	0.000610311	0.00054666	
7.02e-09	232	0.0149655	-0.0243064	0.999593	0.85652	0.863651	0.0242959	0.0592829	0.000720097	0.000737019	
7.08e-09	234	0.00400804	0.0619796	0.998069	0.862571	0.863975	0.0466448	0.0787655	0.000780666	0.000675526	
7.14e-09	236	-0.0212373	-0.0604968	0.997942	0.861864	0.86164	0.0342616	0.0451048	0.000611634	0.000504622	
7.2e-09	238	-0.0580298	-0.0168452	0.998173	0.853394	0.860462	0.0498317	0.01643	0.00132779	0.00125187	
7.26e-09	240	0.0224213	0.0340633	0.999168	0.864293	0.858575	0.0801295	0.0487119	0.000970807	0.000836094	
7.32e-09	242	-0.00363489	0.0254551	0.999669	0.854892	0.857079	0.0479277	0.0545875	0.000306888	0.000305984	
7.38e-09	244	-0.0081084	-0.0402928	0.999155	0.851653	0.855942	0.0675697	0.0704267	0.000915151	0.000883993	
7.44e-09	246	0.030547	0.0291116	0.999109	0.853919	0.854002	0.0722049	0.0610045	0.000708808	0.0006446	
7.5e-09	248	-0.0530122	-0.00394742	0.998586	0.853835	0.853938	0.0680678	0.0637168	0.000874059	0.000805988	
7.56e-09	250	0.0370724	0.0922919	0.995042	0.855363	0.851987	0.0488209	0.0560655	0.000975702	0.000932434	
7.62e-09	252	0.0204687	0.000637998	0.99979	0.849557	0.851299	0.0292449	0.0720659	0.00049987	0.000504321	
7.68e-09	254	-0.012834	0.0378962	0.999199	0.848968	0.850182	0.0517665	0.0615499	0.000455579	0.000382528	
7.74e-09	256	-0.0422215	-0.0201726	0.998905	0.846258	0.848737	0.0314387	0.056504	0.000883544	0.000855584	
7.8e-09	258	-0.0101122	-0.0240472	0.99966	0.843018	0.846672	0.0859498	0.0530998	0.000697779	0.000573589	
7.86e-09	260	-0.0569573	0.0343791	0.997785	0.845465	0.845064	0.06457	0.0644952	0.000877961	0.00051795	
7.92e-09	262	0.00220832	-0.0443498	0.999014	0.849065	0.844121	0.064225	0.0374586	0.000946987	0.000814456	
7.98e-09	264	0.0309302	0.00311335	0.999517	0.842164	0.84186	0.0671613	0.0562972	0.000657894	0.00050344	
8.04e-09	266	-0.0417432	0.0492007	0.997916	0.843968	0.840561	0.037041	0.0431492	0.000939421	0.000944847	
8.1e-09	268	-0.00265704	-0.0206489	0.999783	0.84121	0.840087	0.0520618	0.0707589	0.000852843	0.000880778	
8.16e-09	270	-0.0613125	-0.014212	0.998017	0.833959	0.838748	0.0482135	0.0656463	0.00117621	0.0010595	
8.22e-09	272	-0.0407668	-0.0069384	0.999145	0.839538	0.836328	0.0793836	0.073291	0.000939173	0.000747554	
8.28e-09	274	-0.044794	0.0431068	0.998066	0.834418	0.835854	0.051727	0.0567931	0.00100423	0.000976093	
8.34e-09	276	-0.0530648	-0.0447204	0.997589	0.83498	0.834135	0.0805103	0.0754443	0.00107886	0.000880228	
8.4e-09	278	-0.00864531	0.000156015	0.999963	0.834934	0.832879	0.0821431	0.0563054	0.00109213	0.000917764	
8.46e-09	280	0.00998519	-0.107696	0.994134	0.833482	0.83052	0.0290513	0.107529	0.000920636	0.000935132	
8.52e-09	282	0.0114575	-0.0642039	0.997871	0.830205	0.829385	0.0514897	0.0397651	0.00150717	0.00146494	
8.58e-09	284	-0.0221355	0.0242811	0.99946	0.831775	0.828028	0.0559793	0.053434	0.000595183	0.000540563	
8.64e-09	286	-0.0195383	0.0259861	0.999471	0.822713	0.826746	0.0466696	0.0541208	0.000988485	0.00087102	
8.7e-09	288	0.0134301	0.0170066	0.999765	0.81812	0.825304	0.0323293	0.0990802	0.00116995	0.00104652	
8.76e-09	290	0.0324382	-0.0122684	0.999398	0.825379	0.823056	0.0753058	0.0383309	0.00106776	0.000926992	
8.82e-09	292	0.00693512	0.0076554	0.999947	0.820524	0.822237	0.0639142	0.0497801	0.00150352	0.00111048	
8.88e-09	294	0.0649638	-0.00430165	0.997878	0.821248	0.82185	0.0471553	0.0552092	0.000923133	0.000877265	
8.94e-09	296	0.0275145	-0.00203655	0.999619	0.825573	0.81958	0.0417071	0.0559559	0.000868294	0.000805016	
9e-09	298	-0.00914985	-0.00478285	0.999947	0.821942	0.818276	0.0573642	0.0907765	0.00153014	0.00115608	
9.06e-09	300	0.0189768	0.0146357	0.999713	0.82171	0.817163	0.057575	0.0402675	0.000937302	0.00105533	
9.12e-09	302	-0.0476296	0.0344166	0.998272	0.812923	0.815333	0.0861469	0.0588188	0.00152109	0.00134159	
9.18e-09	304	-0.0484159	-0.0282007	0.998429	0.811868	0.813594	0.0377402	0.0583618	0.00112194	0.000985362	
9.24e-09	306	0.0716134	-0.0392639	0.996659	0.810153	0.812147	0.080095	0.0829485	0.000976129	0.000852009	
9.3e-09	308	-0.0344997	0.00309564	0.9994	0.811347	0.810327	0.0468885	0.103018	0.000961374	0.000558798	
9.36e-09	310	-0.0303346	0.0211624	0.999316	0.811786	0.808949	0.0863719	0.0356356	0.00135122	0.00110918	
9.42e-09	312	-0.0574929	-0.0225368	0.998092	0.81272	0.808525	0.0896587	0.0227513	0.00145777	0.00145091	
9.48e-09	314	0.0361315	-0.0226321	0.999091	0.808643	0.805798	0.0656963	0.0619772	0.00147121	0.00148297	
9.54e-09	316	-0.01951	-0.0771441	0.996829	0.804078	0.803964	0.0697895	0.079633	0.000932413	0.000845863	
9.6e-09	318	-0.0411541	-0.00127922	0.999152	0.794128	0.802785	0.106605	0.0423095	0.00158854	0.00136321	
9.66e-09	320	-0.0279932	-0.0568624	0.99799	0.799335	0.802742	0.0624483	0.0703471	0.00149278	0.00130329	
9.72e-09	322	0.0301303	0.0538935	0.998092	0.803359	0.799495	0.0402151	0.0791468	0.00141476	0.00130214	
9.78e-09	324	0.0429896	0.0445085	0.998084	0.800244	0.79767	0.066236	0.068334	0.0014338	0.00156284	
9.84e-09	326	-0.0529797	-0.00344377	0.99859	0.792248	0.795415	0.0596025	0.101506	0.00118237	0.00104966	
9.9e-09	328	0.00875977	-0.0281713	0.999565	0.790212	0.795354	0.0753955	0.0771846	0.00229944	0.00216292	
9.96e-09	330	-0.0114496	0.00610192	0.999916	0.797951	0.794224	0.052485	0.0669026	0.00104708	0.000817105	
1.002e-08	332	0.0397921	0.0301624	0.998753	0.790724	0.792212	0.0760265	0.0863044	0.00101608	0.000981296	
1.008e-08	334	-0.0325271	-0.0520544	0.998114	0.796026	0.791225	0.036373	0.049328	0.00102537	0.00103657	
1.014e-08	336	-0.0558799	-0.0180728	0.998274	0.78452	0.789568	0.0732397	0.0501305	0.00162914	0.0018292	
1.02e-08	338	-0.0321529	0.00576479	0.999466	0.78263	0.788723	0.0537656	0.035909	0.000844116	0.00099316	
1.026e-08	340	-0.0260205	0.0225429	0.999407	0.793021	0.786971	0.0694822	0.0602356	0.00199342	0.00136679	
1.032e-08	342	0.0389865	0.0184685	0.999069	0.789817	0.783207	0.0515665	0.0420584	0.00122328	0.00123239	
1.038e-08	344	0.0577092	0.0132859	0.998245	0.787096	0.783836	0.0799894	0.0642919	0.00194189	0.00163941	
1.044e-08	346	-0.0502555	0.0129991	0.998652	0.775581	0.78068	0.111178	0.0796025	0.00179186	0.0015329	
1.05e-08	348	0.013202	0.0476632	0.998776	0.783737	0.779796	0.0454395	0.0482712	0.00143704	0.00156128	
1.056e-08	350	0.00365942	0.0522315	0.998628	0.779985	0.778357	0.0482158	0.119164	0.00123918	0.0012064	
1.062e-08	352	-0.0236329	-0.0683229	0.997383	0.773469	0.77645	0.0655604	0.0682374	0.00191658	0.00192156	
1.068e-08	354	-0.0613736	0.000440039	0.998115	0.780787	0.775365	0.058957	0.0710978	0.00123492	0.000945046	
1.074e-08	356	-0.0260414	0.0356453	0.999025	0.778167	0.772371	0.0643945	0.0915675	0.00170813	0.00150402	
1.08e-08	358	-0.138732	0.056869	0.988696	0.779263	0.771844	0.0853646	0.0546664	0.00122825	0.00115943	
1.086e-08	360	-0.0646137	0.0763557	0.994985	0.772149	0.768929	0.0613553	0.0532394	0.00129904	0.00104355	
1.092e-08	362	0.0583723	0.0233161	0.998023	0.771198	0.768778	0.0457935	0.0819792	0.00111606	0.00101297	
1.098e-08	364	-0.030266	-0.0527574	0.998149	0.778566	0.766824	0.111065	0.0627418	0.0021144	0.00140845	
1.104e-08	366	-0.0485366	0.0072386	0.998795	0.774366	0.764915	0.0479532	0.0645397	0.00140218	0.00121635	
1.11e-08	368	-0.113303	-0.0555943	0.992004	0.770686	0.762229	0.0512519	0.11524	0.00185291	0.00202243	
1.116e-08	370	-0.00036573	0.0447025	0.999	0.76311	0.761433	0.0583259	0.0663481	0.00178856	0.00145058	
1.122e-08	372	-0.0541709	-0.00272407	0.998528	0.749931	0.759404	0.080738	0.0465295	0.00283712	0.0021245	
1.128e-08	374	-0.0474489	0.0272041	0.998503	0.767036	0.759434	0.0413782	0.11151	0.002322	0.00171996	
1.134e-08	376	-0.0404814	-0.0301572	0.998725	0.752867	0.757248	0.0775845	0.0368375	0.00136505	0.00133024	
1.14e-08	378	0.0230869	-0.024206	0.99944	0.750748	0.755288	0.047204	0.0574965	0.00224544	0.00175175	
1.146e-08	380	0.106148	0.127972	0.986081	0.745644	0.751449	0.0580388	0.0801353	0.00203348	0.00174064	
1.152e-08	382	0.000336938	0.0271472	0.999631	0.746447	0.751196	0.0633571	0.0470321	0.00207607	0.00171384	
1.158e-08	384	0.00934198	0.0113223	0.999892	0.750082	0.747922	0.0647425	0.0744932	0.00213989	0.0016951	
1.164e-08	386	-0.00650817	0.0162625	0.999847	0.750287	0.747276	0.0582026	0.0738714	0.00144728	0.00114744	
1.17e-08	388	-0.0840052	-0.010329	0.996412	0.750862	0.744636	0.0477604	0.0514534	0.00199585	0.00158744	
1.176e-08	390	0.0800313	0.0256054	0.996463	0.741415	0.743783	0.042973	0.108698	0.00264535	0.00227211	
1.182e-08	392	0.00547357	-0.0604701	0.998155	0.743974	0.742935	0.0566356	0.0737558	0.00121167	0.00133344	
1.188e-08	394	-0.0152528	-0.0612325	0.998007	0.741108	0.740365	0.0742841	0.11376	0.00152338	0.001305	
1.194e-08	396	-0.129165	0.00703704	0.991598	0.73788	0.739196	0.110497	0.0617017	0.00182049	0.00186767	
1.2e-08	398	0.0205072	0.0909542	0.995644	0.731919	0.734574	0.0903219	0.05172	0.00218412	0.00181086	
1.206e-08	400	0.0419492	-0.00472939	0.999109	0.741391	0.734114	0.0586304	0.0672202	0.00229984	0.00226278	
1.212e-08	402	-0.0667798	0.108187	0.991885	0.742375	0.732857	0.143936	0.0503236	0.00217268	0.00151749	
1.218e-08	404	-0.128421	0.0362608	0.991057	0.730147	0.731219	0.117294	0.0826902	0.00267895	0.00252154	
1.224e-08	406	-0.113554	0.068872	0.991142	0.723814	0.730179	0.0999867	0.124886	0.00221165	0.00144208	
1.23e-08	408	0.0256768	0.0573252	0.998025	0.738508	0.728556	0.0324504	0.0403821	0.00176047	0.00178519	
1.236e-08	410	0.0485143	0.00775072	0.998792	0.731936	0.724639	0.0629958	0.0825069	0.00256284	0.00222042	
1.242e-08	412	-0.0526384	-0.0734936	0.995906	0.72584	0.72542	0.0650717	0.100974	0.00205756	0.00202084	
1.248e-08	414	-0.00645676	-0.0488097	0.998787	0.728781	0.722127	0.0780188	0.0738416	0.00216521	0.00188143	
1.254e-08	416	0.0255469	-0.0231208	0.999406	0.716767	0.721378	0.101029	0.0626029	0.00211173	0.00202123	
1.26e-08	418	0.0510688	-0.09899	0.993777	0.727236	0.721239	0.0549714	0.0486388	0.00218197	0.00170023	
1.266e-08	420	0.0030825	-0.00908478	0.999954	0.714827	0.716876	0.0601674	0.0609945	0.00286574	0.00207737	
1.272e-08	422	0.022232	-0.0178898	0.999593	0.711849	0.712362	0.0507183	0.0930252	0.00220109	0.00174173	
1.278e-08	424	0.0911598	-0.0714752	0.993268	0.709056	0.712928	0.0573627	0.0708736	0.00260692	0.0025362	
1.284e-08	426	0.0644042	0.0030602	0.997919	0.719853	0.711087	0.074954	0.065826	0.00201022	0.00162736	
1.29e-08	428	0.000268974	0.122885	0.992421	0.712332	0.707687	0.0422476	0.0785398	0.0026711	0.00280835	
1.296e-08	430	0.025285	0.0032856	0.999675	0.701476	0.710074	0.131432	0.104522	0.00246824	0.00217841	
1.302e-08	432	0.0804669	-0.0111796	0.996695	0.692911	0.705288	0.105149	0.0549666	0.0042324	0.00372444	
1.308e-08	434	-0.0231862	0.0232491	0.999461	0.700358	0.703628	0.0888851	0.0732146	0.00190759	0.00189215	
1.314e-08	436	0.0533995	0.126624	0.990512	0.706653	0.700929	0.0462073	0.0876958	0.00196097	0.00194213	
1.32e-08	438	-0.000307568	-0.0781827	0.996939	0.690219	0.699578	0.0568469	0.0899862	0.00175458	0.00177735	
1.326e-08	440	0.043673	0.0543445	0.997567	0.707683	0.694215	0.11948	0.0481573	0.00427397	0.00325062	
1.332e-08	442	0.0622226	-0.0239343	0.997775	0.685383	0.69445	0.0560623	0.0548108	0.00158509	0.00154007	
1.338e-08	444	-0.0755305	-0.0564328	0.995545	0.696626	0.693399	0.0667099	0.0726081	0.00246495	0.00208934	
1.344e-08	446	0.0345916	-0.0259633	0.999064	0.69968	0.691777	0.0868555	0.0686917	0.00263738	0.00228009	
1.35e-08	448	-0.0198742	0.0417294	0.998931	0.690023	0.689137	0.0707411	0.0510043	0.00256852	0.00233653	
1.356e-08	450	0.026535	0.0927885	0.995332	0.698842	0.687371	0.0694381	0.0850081	0.00226438	0.00268244	
1.362e-08	452	-0.0127166	0.0490211	0.998717	0.685149	0.685442	0.0729186	0.101684	0.00305289	0.00323258	
1.368e-08	454	-0.00298214	0.0422003	0.999105	0.679993	0.683035	0.031287	0.0926441	0.00279534	0.00268574	
1.374e-08	456	0.0246774	0.00112286	0.999695	0.683733	0.677849	0.146727	0.0752589	0.00280772	0.00259062	
1.38e-08	458	0.111014	-0.0122271	0.993744	0.689976	0.678424	0.0659105	0.073911	0.00187533	0.00163172	
1.386e-08	460	0.100494	0.00902121	0.994897	0.677875	0.67737	0.0657254	0.090528	0.00360474	0.00321111	
1.392e-08	462	0.17876	0.0359323	0.983236	0.671624	0.67467	0.0967206	0.0825899	0.00300057	0.00278499	
1.398e-08	464	-0.0184271	0.0424941	0.998927	0.677046	0.673217	0.0615655	0.100118	0.00400313	0.00323945	
1.404e-08	466	-0.0724565	-0.00180497	0.99737	0.668479	0.670915	0.130136	0.0970756	0.00257195	0.00198882	
1.41e-08	468	-0.0636656	0.0732778	0.995277	0.673508	0.666861	0.0705135	0.0422366	0.00366298	0.00370291	
1.416e-08	470	0.121571	0.103753	0.987145	0.65049	0.664371	0.105009	0.102577	0.00333798	0.00285098	
1.422e-08	472	-0.0846754	-0.0461	0.995342	0.654717	0.665266	0.100689	0.0919641	0.00274524	0.00276115	
1.428e-08	474	0.0865549	-0.0348008	0.995639	0.662642	0.659421	0.0815889	0.0414387	0.00209756	0.00185872	
1.434e-08	476	0.00575992	0.0364398	0.999319	0.652577	0.657676	0.0842723	0.0962018	0.00450868	0.00320431	
1.44e-08	478	-0.0241803	0.0399736	0.998908	0.649727	0.656843	0.0564775	0.0399705	0.00372659	0.00340523	
1.446e-08	480	0.0690013	-0.108558	0.991692	0.656369	0.654641	0.0741461	0.0702175	0.00333999	0.00289077	
1.452e-08	482	-0.0585022	0.00132868	0.998286	0.65605	0.653341	0.106902	0.0526928	0.00403484	0.00301465	
1.458e-08	484	0.00595368	-0.0113511	0.999918	0.652534	0.65158	0.0715869	0.0585732	0.00347216	0.00312967	
1.464e-08	486	0.0265648	0.0426833	0.998735	0.645689	0.649953	0.0840118	0.0468061	0.00309217	0.00264433	
1.47e-08	488	0.0760621	-0.0778598	0.994059	0.639462	0.643588	0.0613756	0.0518441	0.00317016	0.00279899	
1.476e-08	490	-0.0291921	0.0164317	0.999439	0.641056	0.645322	0.0576358	0.123084	0.00392249	0.00307256	
1.482e-08	492	-0.0146262	0.0710016	0.997369	0.630484	0.639093	0.104175	0.0744917	0.00353683	0.00293757	
1.488e-08	494	0.00168333	-0.104299	0.994545	0.642761	0.636905	0.0813342	0.0811273	0.0029804	0.0024503	
1.494e-08	496	-0.0537331	0.0937172	0.994148	0.637194	0.633805	0.0662925	0.105917	0.00257203	0.00250987	
1.5e-08	498	-0.0390375	0.0019457	0.999236	0.634574	0.632176	0.0447186	0.149117	0.00424966	0.00258363	
1.506e-08	500	-0.024119	-0.0753898	0.996862	0.642909	0.631127	0.104887	0.049285	0.00450444	0.00289574	
1.512e-08	502	0.0762754	-0.0580469	0.995396	0.620241	0.624908	0.064349	0.122186	0.00389471	0.00335346	
1.518e-08	504	-0.0228078	-0.0209625	0.99952	0.62452	0.628469	0.0490422	0.108951	0.00313879	0.00213036	
1.524e-08	506	0.0316771	0.0727751	0.996845	0.6144	0.622083	0.0481003	0.0906805	0.00445143	0.00454765	
1.53e-08	508	0.104377	-0.103304	0.989158	0.621653	0.62203	0.0555177	0.0708991	0.00303069	0.00245031	
1.536e-08	510	0.0534288	-0.0029922	0.998567	0.63485	0.618382	0.0660029	0.0563231	0.00411211	0.00389048	
1.542e-08	512	-0.0793313	-0.16165	0.983654	0.614171	0.615759	0.105162	0.0679029	0.00455264	0.00374303	
1.548e-08	514	0.0528144	-0.111545	0.992355	0.623929	0.612325	0.0549396	0.0636809	0.00263801	0.0023819	
1.554e-08	516	0.16407	-0.143029	0.976025	0.61955	0.609752	0.0904954	0.0921169	0.00559086	0.00432932	
1.56e-08	518	-0.123867	0.0699696	0.989829	0.616055	0.607765	0.0741597	0.0512003	0.00376082	0.00312183	
1.566e-08	520	-0.0265239	0.0726816	0.997002	0.619648	0.606696	0.133898	0.150959	0.00488414	0.00425879	
1.572e-08	522	0.057245	0.164881	0.984651	0.604946	0.603535	0.0673506	0.117286	0.0031162	0.00261509	
1.578e-08	524	0.0026706	-0.124992	0.992154	0.59061	0.600426	0.0527303	0.0668752	0.00345725	0.00346971	
1.584e-08	526	-0.0380458	0.0889511	0.995309	0.604759	0.595083	0.0615643	0.133673	0.00405344	0.00264793	
1.59e-08	528	-0.0201889	0.00564212	0.99978	0.609905	0.594941	0.154238	0.0564337	0.00555207	0.00380258	
1.596e-08	530	-0.0495293	0.0223026	0.998524	0.620934	0.594614	0.102191	0.054257	0.00493083	0.00365307	
1.602e-08	532	-0.056379	0.122051	0.990921	0.593513	0.589836	0.0785489	0.0482047	0.00603406	0.00581948	
1.608e-08	534	-0.0825529	-0.0156394	0.996464	0.581485	0.583248	0.0827122	0.105429	0.00650042	0.00523322	
1.614e-08	536	0.123818	0.125824	0.984295	0.594862	0.584026	0.0884724	0.0546702	0.00573481	0.00475492	
1.62e-08	538	0.022058	-0.00383425	0.999749	0.599312	0.579746	0.0693209	0.132859	0.00671739	0.00480991	
1.626e-08	540	0.166614	-0.123085	0.97831	0.571734	0.577775	0.0732116	0.0691384	0.0050211	0.00474275	
1.632e-08	542	-0.0375968	0.1376	0.989774	0.583546	0.573733	0.121934	0.0980731	0.00598044	0.00562163	
1.638e-08	544	-0.110408	0.047954	0.992729	0.532378	0.572235	0.07221	0.119998	0.00746272	0.00682306	
1.644e-08	546	0.0247553	-0.0221688	0.999448	0.574418	0.565773	0.0474164	0.0904265	0.00430595	0.00478917	
1.65e-08	548	0.0289073	-0.00208834	0.99958	0.562956	0.56378	0.0664553	0.0679152	0.00466991	0.00437718	
1.656e-08	550	0.0271733	0.056273	0.998046	0.541034	0.563089	0.0534984	0.0542991	0.00646437	0.00599174	
1.662e-08	552	-0.0632033	0.153419	0.986138	0.549141	0.561587	0.0515185	0.0664564	0.00579459	0.00561571	
1.668e-08	554	-0.0334188	0.125591	0.991519	0.556739	0.557816	0.104344	0.0840706	0.003225	0.00361959	
1.674e-08	556	-0.125038	-0.0733958	0.989433	0.538941	0.552514	0.0797878	0.042749	0.00730627	0.00592243	
1.68e-08	558	0.0172223	-0.0291826	0.999426	0.5554	0.555356	0.102905	0.0712348	0.00299409	0.00364371	
1.686e-08	560	-0.0045817	0.210682	0.977544	0.559406	0.550164	0.0741095	0.101524	0.00503842	0.00396666	
1.692e-08	562	-0.108777	0.0232023	0.993795	0.533537	0.542881	0.0826345	0.0920299	0.00459971	0.0039626	
1.698e-08	564	-0.111905	-0.0371774	0.993023	0.54091	0.539642	0.0613013	0.0907378	0.00410748	0.00317749	
1.704e-08	566	0.123734	0.0505436	0.991027	0.538404	0.539993	0.11516	0.0831177	0.00502909	0.00562196	
1.71e-08	568	-0.0447062	-0.155314	0.986853	0.529391	0.533151	0.0875144	0.0849544	0.00829788	0.0068778	
1.716e-08	570	0.0368448	0.0067454	0.999298	0.529425	0.532784	0.0733571	0.0613231	0.00479892	0.00424328	
1.722e-08	572	0.0536781	0.0129853	0.998474	0.50509	0.526559	0.068798	0.0922022	0.0055441	0.00528453	
1.728e-08	574	0.0755488	-0.139775	0.987297	0.540045	0.522287	0.0553932	0.115146	0.00702834	0.00749392	
1.734e-08	576	-0.0238643	0.00974959	0.999668	0.524777	0.52141	0.110827	0.0635098	0.0128255	0.009494	
1.74e-08	578	0.0696447	-0.0106862	0.997515	0.509769	0.518434	0.0804544	0.0906792	0.00539229	0.00397807	
1.746e-08	580	-0.0487456	0.138468	0.989166	0.514594	0.514891	0.0668821	0.0776522	0.00736619	0.0075375	
1.752e-08	582	0.0629818	0.0509478	0.996713	0.51491	0.510858	0.16053	0.0673191	0.0111339	0.00572979	
1.758e-08	584	0.0754131	-0.113033	0.990725	0.511463	0.502638	0.106354	0.0790909	0.0113313	0.00781497	
1.764e-08	586	0.00608558	-0.127355	0.991839	0.504076	0.504249	0.0288589	0.11884	0.0105902	0.00823047	
1.77e-08	588	0.0798545	-0.14189	0.986656	0.504757	0.501707	0.0786691	0.0413781	0.0122377	0.0108784	
1.776e-08	590	0.0710515	0.014081	0.997373	0.505491	0.492439	0.105271	0.0976476	0.00777698	0.00638008	
1.782e-08	592	-0.0711007	0.0864784	0.993713	0.480907	0.490861	0.114722	0.105865	0.0174849	0.0075759	
1.788e-08	594	-0.0438191	0.0264652	0.998689	0.480667	0.489102	0.0781591	0.075738	0.00969987	0.00824186	
1.794e-08	596	-0.217696	-0.0685434	0.973607	0.453781	0.480848	0.171326	0.161676	0.0148925	0.00793257	
1.8e-08	598	-0.204506	-0.0709361	0.976292	0.458179	0.471071	0.113357	0.0631754	0.0155921	0.012887	
1.806e-08	600	-0.0672132	-0.120198	0.990472	0.459583	0.477511	0.0725658	0.0562018	0.00981169	0.00975598	
1.812e-08	602	0.0796119	-0.306925	0.948398	0.478673	0.465869	0.094876	0.125215	0.0094112	0.00724889	
1.818e-08	604	0.0810275	-0.0933272	0.992333	0.49032	0.471134	0.0763108	0.0624392	0.00516156	0.00417508	
1.824e-08	606	0.0695746	-0.130641	0.988985	0.477229	0.462317	0.0525581	0.0903417	0.00898785	0.00826269	
1.83e-08	608	0.0883939	0.10517	0.990518	0.456629	0.455545	0.10121	0.0944215	0.00966667	0.00703065	
1.836e-08	610	0.086904	-0.0456106	0.995172	0.440554	0.452909	0.0935094	0.0777485	0.00513442	0.0050447	
1.842e-08	612	0.0954649	0.0885877	0.991483	0.455024	0.448411	0.0589811	0.0805291	0.0149589	0.0137424	
1.848e-08	614	0.146582	0.0454728	0.988153	0.468598	0.444138	0.103033	0.0706446	0.0122349	0.0113281	
1.854e-08	616	-0.116577	-0.038715	0.992427	0.482026	0.437795	0.0988693	0.0934504	0.0166893	0.0142419	
1.86e-08	618	0.157775	0.0240018	0.987183	0.439739	0.436578	0.116653	0.0934188	0.0135632	0.0118501	
1.866e-08	620	-0.126226	0.0450748	0.990977	0.429987	0.428357	0.0964474	0.0841222	0.013262	0.0107423	
1.872e-08	622	0.0570049	0.223307	0.97308	0.400043	0.421752	0.101376	0.107694	0.00934078	0.00637554	
1.878e-08	624	0.0169943	0.0214822	0.999625	0.439298	0.419936	0.120333	0.083041	0.0127397	0.0120455	
1.884e-08	626	0.12587	-0.324638	0.937426	0.419435	0.416795	0.0889292	0.115987	0.0104042	0.0107044	
1.89e-08	628	0.111892	0.148257	0.982599	0.424632	0.412117	0.0751244	0.118506	0.0143067	0.0123222	
1.896e-08	630	-0.121479	0.160431	0.979543	0.426311	0.411823	0.0520102	0.133616	0.0189813	0.013082	
1.902e-08	632	-0.123402	-0.319519	0.93951	0.37738	0.409009	0.0850683	0.115812	0.0134936	0.00946525	
1.908e-08	634	-0.0294923	0.385485	0.922243	0.394282	0.395135	0.101348	0.0957234	0.0123656	0.0108997	
1.914e-08	636	0.0962297	-0.195382	0.975995	0.401198	0.393	0.0527584	0.091018	0.0162141	0.0142826	
1.92e-08	638	-0.0504615	0.248084	0.967423	0.409142	0.38765	0.0996482	0.0807346	0.0156612	0.0162828	
1.926e-08	640	-0.220045	0.263124	0.939333	0.397821	0.380294	0.0767485	0.0681406	0.0142732	0.0122437	
1.932e-08	642	0.142452	0.121574	0.982307	0.38532	0.377974	0.0561458	0.108173	0.0138371	0.0131294	
1.938e-08	644	-0.182329	0.113377	0.976679	0.380376	0.365344	0.126485	0.0776936	0.0189848	0.0133224	
1.944e-08	646	0.0300615	-0.00599739	0.99953	0.361001	0.359211	0.126948	0.063117	0.019174	0.0217884	
1.95e-08	648	-0.0158845	0.0461302	0.998809	0.360123	0.350961	0.102645	0.0845316	0.0218179	0.0198567	
1.956e-08	650	-0.0513664	0.0761587	0.995772	0.390861	0.344676	0.129012	0.0842564	0.0269958	0.0208956	
1.962e-08	652	-0.340181	-0.152954	0.927837	0.348651	0.339924	0.157452	0.0745954	0.0344777	0.0267402	
1.968e-08	654	0.0202775	-0.466256	0.884418	0.350378	0.338251	0.0727664	0.108024	0.0316057	0.0192009	
1.974e-08	656	0.135	0.226752	0.964551	0.350724	0.323379	0.143609	0.10082	0.0369168	0.0200351	
1.98e-08	658	0.147274	-0.0503022	0.987816	0.312696	0.32085	0.124566	0.0935139	0.0344941	0.0281991	
1.986e-08	660	-0.111195	0.0123594	0.993722	0.325896	0.320376	0.112561	0.0957053	0.0167626	0.0112635	
1.992e-08	662	-0.00967075	-0.0344074	0.999361	0.334149	0.307982	0.0789039	0.126609	0.0244938	0.0232228	
1.998e-08	664	0.135834	0.0707874	0.9882	0.281821	0.295892	0.123782	0.114655	0.0403898	0.0316671	
2.004e-08	666	0.0954051	0.163209	0.981968	0.308124	0.295649	0.125264	0.0732816	0.0278279	0.0211463	
2.01e-08	668	-0.113702	-0.52407	0.844051	0.291161	0.291733	0.105831	0.129282	0.0246544	0.0183141	
2.016e-08	670	0.230939	0.160074	0.95971	0.331414	0.282194	0.0610935	0.138713	0.0262182	0.0310502	
2.022e-08	672	0.0910238	-0.279828	0.955725	0.267294	0.263121	0.119874	0.147551	0.0599122	0.0411819	
2.028e-08	674	-0.351391	-0.00905848	0.936185	0.194867	0.251609	0.0914715	0.125591	0.0753385	0.0387901	
2.034e-08	676	-0.272747	-0.156961	0.949196	0.21958	0.253484	0.121961	0.0846474	0.0285982	0.0174673	
2.04e-08	678	-0.308321	0.214534	0.926776	0.247918	0.231597	0.127682	0.173025	0.0950215	0.0618145	
2.046e-08	680	0.0180849	-0.216347	0.976149	0.188396	0.237688	0.164015	0.106018	0.0726639	0.0446645	
2.052e-08	682	-0.0746376	0.0103274	-0.997157	0.222205	0.220864	0.123643	0.117409	0.0847691	0.0536118	
2.058e-08	684	0.107791	-0.283132	0.953005	0.266346	0.210162	0.124596	0.0838465	1.02487	0.0569973	
2.064e-08	686	0.0781889	-0.379248	0.921986	0.170058	0.182642	0.0721322	0.122587	0.631302	0.0553058	
2.07e-08	688	-0.513713	0.328518	-0.792574	0.0797522	0.166739	0.0486275	0.124511	0.361635	0.0771946	
2.076e-08	690	0.424884	0.34429	-0.83722	0.150969	0.168848	0.0815744	0.106299	0.567951	0.0652671	
2.082e-08	692	-0.333774	0.420606	-0.843614	0.176021	0.172556	0.0921614	0.0861813	0.224569	0.067013	
2.088e-08	694	-0.0652028	0.30219	0.951015	0.205641	0.145283	0.106831	0.0925728	0.456242	0.0745387	
2.094e-08	696	-0.407408	0.180561	-0.895219	0.2094	0.150316	0.12785	0.0594311	0.387614	0.0556729	
2.1e-08	698	0.0775528	0.125841	-0.989014	0.0778424	0.121238	0.063059	0.0773065	0.291393	0.0534189	
2.106e-08	700	-0.413358	0.849402	-0.328102	0.124099	0.123685	0.0614797	0.0847401	0.333257	0.0834377	
2.112e-08	702	-0.934472	0.326429	0.142147	0.164459	0.109281	0.0911615	0.0855001	0.174156	0.048943	
2.118e-08	704	0.540818	-0.273519	-0.795427	0.149944	0.11702	0.0621041	0.0500483	0.275844	0.0503243	
2.124e-08	706	-0.979945	-0.149724	0.13149	0.0570414	0.0879119	0.0629368	0.0482364	0.120559	0.0348402	
2.13e-08	708	0.596167	-0.345021	-0.724945	0.0904273	0.0946794	0.0553021	0.0676583	0.155118	0.0430951	
2.136e-08	710	-0.445756	0.309855	-0.839817	0.051765	0.0923304	0.05518	0.0577751	0.153293	0.0485873	
2.142e-08	712	0.70407	-0.234414	0.670325	0.0461184	0.0869495	0.0611267	0.0564261	0.0990971	0.0268038	
2.148e-08	714	0.39248	0.281874	-0.875504	0.157674	0.088208	0.0648677	0.0576411	0.105064	0.0273373	
2.154e-08	716	-0.315797	0.546221	0.775832	0.0911716	0.073111	0.0441479	0.0266446	0.0876927	0.0189785	
2.16e-08	718	-0.305223	-0.271034	0.912896	0.0505389	0.0897502	0.0410477	0.0485617	0.165537	0.0382786	
2.166e-08	720	0.425107	0.833656	-0.352565	0.0472917	0.0694709	0.0330446	0.0548212	0.0639264	0.0266046	
2.172e-08	722	0.000744649	-0.865542	-0.500836	0.105817	0.0746994	0.0342272	0.0699927	0.0621299	0.0198	
2.178e-08	724	-0.0259188	-0.92692	-0.374364	0.0599118	0.0601551	0.0205272	0.0527797	0.03248	0.011194	
2.184e-08	726	0.655599	0.100042	0.748453	0.0479447	0.0679383	0.032013	0.0312942	0.0841878	0.0286128	
2.19e-08	728	0.958666	-0.190293	0.211537	0.0689024	0.0693461	0.0283793	0.0482936	0.0681518	0.0205175	
2.196e-08	730	0.0674026	-0.933065	-0.353336	0.0340257	0.0686271	0.0306808	0.0365777	0.0797556	0.0315474	
2.202e-08	732	0.168321	0.271645	-0.947564	0.0483658	0.0625625	0.0310658	0.0319016	0.0585144	0.0187482	
2.208e-08	734	-0.145376	-0.457846	0.877065	0.0654034	0.0571757	0.0330881	0.0256751	0.040457	0.0131016	
2.214e-08	736	-0.470177	0.57012	-0.673718	0.0357687	0.0564147	0.0161992	0.0440146	0.037064	0.0170807	
2.22e-08	738	-0.380419	0.199886	0.902955	0.052686	0.0652879	0.0320011	0.0494972	0.0460624	0.0184344	
2.226e-08	740	-0.880939	0.472956	0.0160914	0.0288309	0.0553189	0.030622	0.0177582	0.044832	0.0145112	
2.232e-08	742	-0.691703	0.720415	-0.0504969	0.0369863	0.0611007	0.0370512	0.0283608	0.042538	0.0190237	
2.238e-08	744	-0.278826	0.446317	-0.850328	0.0879234	0.0506781	0.0236684	0.0153934	0.0393401	0.0138661	
2.244e-08	746	0.121027	0.191792	-0.973945	0.063746	0.0608544	0.0263255	0.0339667	0.0487273	0.0146894	
2.25e-08	748	-0.368545	0.605989	0.704948	0.114142	0.0620015	0.0355421	0.0305789	0.0413636	0.00929968	
2.256e-08	750	0.973596	-0.173813	0.147984	0.0422398	0.0586487	0.0300564	0.028052	0.0380314	0.0101892	
2.262e-08	752	-0.983294	-0.110317	0.144788	0.0577245	0.0466179	0.0218034	0.0218115	0.0196077	0.00735553	
2.268e-08	754	-0.513837	-0.772119	-0.373905	0.0472026	0.0537087	0.0287004	0.0297919	0.0239205	0.0133913	
2.274e-08	756	-0.324085	0.799479	-0.505769	0.0473566	0.04792	0.0161835	0.0127027	0.0393318	0.0104442	
2.28e-08	758	-0.0273842	-0.430722	0.902069	0.0234855	0.0521074	0.0196769	0.0318226	0.0248637	0.0102923	
2.286e-08	760	0.0117509	0.486274	-0.873727	0.0466306	0.0400918	0.013885	0.0169123	0.015591	0.00708613	
2.292e-08	762	0.0120908	0.621143	0.783604	0.0324718	0.04548	0.017634	0.0207154	0.0247968	0.0114787	
2.298e-08	764	0.714928	-0.698675	0.0270287	0.0495425	0.0494748	0.0281276	0.0230574	0.0183337	0.00888617	
2.304e-08	766	-0.991504	0.0578509	0.116501	0.0391556	0.0443065	0.0148107	0.0156523	0.0247844	0.0056406	
2.31e-08	768	0.407694	-0.908315	-0.0935372	0.0526371	0.0450122	0.0152468	0.0265018	0.0213533	0.0134074	
2.316e-08	770	0.137773	0.783911	-0.605394	0.0618005	0.0412116	0.0173831	0.0131673	0.018043	0.00748422	
2.322e-08	772	-0.841127	-0.540833	0.00233852	0.036015	0.0373704	0.00919634	0.0133981	0.0168504	0.00575132	
2.328e-08	774	0.768638	-0.575336	0.279616	0.0273237	0.0393306	0.0165871	0.0109886	0.0140433	0.00398008	
2.334e-08	776	-0.335425	-0.0996519	0.936781	0.0476481	0.0417416	0.0215336	0.0104596	0.0168468	0.00597308	
2.34e-08	778	-0.924551	-0.331039	-0.188727	0.0541544	0.0442908	0.0169867	0.0157313	0.0189605	0.0038658	
2.346e-08	780	0.792736	-0.453287	-0.407555	0.0399188	0.0432697	0.0197193	0.0142731	0.0167111	0.00537322	
2.352e-08	782	0.612577	-0.769722	0.179657	0.0567794	0.0400144	0.0171613	0.0112772	0.0151069	0.005181	
2.358e-08	784	-0.0730625	0.957124	0.280314	0.0283671	0.0449112	0.0197545	0.0200298	0.0110463	0.00430021	
2.364e-08	786	-0.429129	-0.804599	0.41045	0.0219422	0.0442103	0.0196583	0.0195398	0.0173082	0.00841107	
2.37e-08	788	-0.776365	-0.618314	0.12225	0.05566	0.0389127	0.0143347	0.0171565	0.00978842	0.00518254	
2.376e-08	790	0.669692	-0.712596	0.209091	0.0320316	0.0386066	0.0128661	0.0157891	0.0134468	0.00641299	
2.382e-08	792	-0.220593	-0.955643	0.195153	0.0421661	0.0351263	0.0126372	0.00932018	0.0105472	0.00466704	
2.388e-08	794	0.618131	-0.640916	-0.455127	0.0401173	0.0362313	0.012402	0.013044	0.00939932	0.00369848	
2.394e-08	796	-0.988929	-0.147955	-0.011377	0.038883	0.0313498	0.00966921	0.00950871	0.00851118	0.00381271	
2.4e-08	798	-0.120611	-0.258984	0.958322	0.0551281	0.0426658	0.0151611	0.015713	0.0156019	0.00699707	
2.406e-08	800	-0.135174	-0.11035	-0.984658	0.0506607	0.0386873	0.0135073	0.00896207	0.0161218	0.00400089	
2.412e-08	802	-0.207981	0.705675	-0.677323	0.02271	0.0311333	0.00895813	0.00874513	0.0109587	0.00558771	
2.418e-08	804	-0.923281	-0.266115	-0.27701	0.0259776	0.0390544	0.0172989	0.0114311	0.0142279	0.00719639	
2.424e-08	806	0.396438	-0.470447	0.788363	0.0272589	0.0346662	0.0110811	0.0139217	0.00787279	0.004636	
2.43e-08	808	0.00775754	0.0876543	-0.996121	0.0656805	0.0347226	0.0103674	0.0132966	0.00655348	0.00447465	
2.436e-08	810	0.147263	-0.390525	0.908738	0.0325034	0.0389735	0.010883	0.0130949	0.0144588	0.00389355	
2.442e-08	812	0.343877	0.283232	-0.895281	0.00917879	0.0396217	0.0145112	0.0125736	0.0148712	0.00599615	
2.448e-08	814	0.364203	-0.63329	0.682862	0.0209003	0.0329857	0.00570327	0.0118538	0.01229	0.00478269	
2.454e-08	816	0.673431	0.00353479	0.739242	0.0287712	0.0354817	0.0112373	0.0103998	0.0115682	0.00350312	
2.46e-08	818	0.590067	-0.591109	-0.54992	0.0262833	0.0373347	0.00317116	0.0201166	0.0115225	0.00302378	
2.466e-08	820	0.217861	-0.515905	-0.82848	0.0131239	0.0334235	0.00832622	0.0113671	0.0104349	0.0042926	
2.472e-08	822	0.844987	0.354345	-0.400545	0.0323252	0.0315452	0.00991335	0.00758173	0.0105805	0.00539042	
2.478e-08	824	-0.0496597	0.984233	-0.169762	0.0517738	0.0316575	0.00654893	0.00954598	0.0122272	0.00482061	
2.484e-08	826	-0.251211	0.788386	-0.561552	0.0512057	0.0338233	0.0124025	0.009881	0.00822643	0.00456563	
2.49e-08	828	-0.70909	-0.603329	-0.364946	0.0451938	0.0346384	0.0154637	0.00717523	0.0078746	0.00396307	
2.496e-08	830	0.698355	0.281261	0.658173	0.0319018	0.0304839	0.00823883	0.00721169	0.00818828	0.00279646	
2.502e-08	832	0.553024	0.822918	-0.130275	0.0405071	0.0324569	0.00599909	0.00993457	0.0117001	0.00326767	
2.508e-08	834	-0.366027	-0.799634	-0.476035	0.0323872	0.0329963	0.00922108	0.0105303	0.00770587	0.00265348	
2.514e-08	836	0.781806	0.312427	0.5396	0.0120984	0.0278016	0.00734075	0.00655426	0.00660697	0.00283988	
2.52e-08	838	0.0468765	0.959986	-0.276097	0.0370573	0.026856	0.00564861	0.00642791	0.00743276	0.00411869	
2.526e-08	840	-0.980347	0.126021	-0.151783	0.0219017	0.0297555	0.010255	0.0070646	0.00789281	0.00479762	
2.532e-08	842	0.162918	0.0497495	0.985385	0.014819	0.0339885	0.00999056	0.00963766	0.010149	0.00373827	
2.538e-08	844	-0.0129766	-0.773433	0.633745	0.0408915	0.0268673	0.00484133	0.00750518	0.00760568	0.00392521	
2.544e-08	846	0.950534	0.179357	-0.253606	0.0227307	0.0268623	0.00505795	0.00716265	0.0067673	0.00319837	
2.55e-08	848	-0.431597	-0.263502	0.862723	0.00870791	0.0295658	0.00489835	0.00403572	0.0147568	0.00411228	
2.556e-08	850	0.557293	-0.356608	-0.749837	0.0364112	0.0308665	0.00912961	0.00654926	0.00688678	0.00278855	
2.562e-08	852	-0.341423	-0.0900505	-0.935586	0.0351943	0.0287032	0.00825077	0.00514616	0.0082347	0.00336517	
2.568e-08	854	-0.438103	0.835208	0.332405	0.022816	0.0291346	0.00560536	0.0103497	0.0060143	0.00416251	
2.574e-08	856	0.552412	0.768948	-0.321808	0.036466	0.0306141	0.00792701	0.0100775	0.00674036	0.00390503	
2.58e-08	858	-0.458855	0.646855	0.609123	0.0196404	0.028274	0.00486128	0.00874442	0.00723329	0.00307037	
2.586e-08	860	-0.995162	0.0336004	0.0923243	0.0132204	0.026968	0.00658049	0.00719737	0.00508961	0.00281111	
2.592e-08	862	0.955007	0.278568	-0.101788	0.024018	0.0276587	0.00738114	0.00504577	0.00640852	0.00225508	
2.598e-08	864	-0.530428	-0.517524	0.671428	0.0193643	0.0266284	0.00580523	0.00561966	0.00645406	0.0027021	
2.604e-08	866	0.70873	-0.413284	-0.571751	0.0274178	0.0297847	0.00653575	0.00908128	0.00654721	0.00321577	
2.61e-08	868	0.717897	0.611658	-0.332413	0.0107654	0.0284478	0.00500989	0.00716066	0.00930751	0.00405491	
2.616e-08	870	0.363951	-0.879424	0.306844	0.0231536	0.02545	0.00449573	0.00513002	0.00604273	0.00163335	
2.622e-08	872	-0.85779	-0.354263	-0.372417	0.0209583	0.0262414	0.00485343	0.00421343	0.00746496	0.00230898	
2.628e-08	874	0.938976	0.00844718	0.343878	0.0241762	0.0282861	0.00592133	0.00790227	0.00768938	0.00452529	
2.634e-08	876	-0.8406	0.130215	0.525772	0.015125	0.0273793	0.00662424	0.00722552	0.0061326	0.00378526	
2.64e-08	878	0.803524	-0.595234	-0.00673123	0.0399867	0.0269176	0.00569957	0.00708823	0.00517343	0.00242282	
2.646e-08	880	-0.536188	0.781946	0.317905	0.041113	0.0243238	0.00587837	0.00493426	0.00446314	0.00247135	
2.652e-08	882	0.766754	0.514749	0.383565	0.0252536	0.0278011	0.00491319	0.00908109	0.00564933	0.0034045	
2.658e-08	884	0.522681	0.842426	-0.130852	0.0180355	0.0282897	0.00722573	0.00537836	0.00634085	0.00252045	
2.664e-08	886	0.141533	0.983613	-0.11169	0.0268686	0.0250133	0.00572921	0.00545295	0.00468796	0.00288352	
2.67e-08	888	-0.0580042	0.684499	-0.726703	0.0353552	0.0318706	0.00884175	0.00721298	0.00722396	0.00317755	
2.676e-08	890	0.522672	-0.843223	0.125656	0.0171336	0.0242923	0.00309737	0.00735868	0.00332365	0.00176318	
2.682e-08	892	0.24933	0.542528	0.802183	0.033224	0.0245333	0.00460714	0.00567651	0.00471045	0.00210626	
2.688e-08	894	0.790131	-0.412942	-0.452959	0.0262275	0.028432	0.00508831	0.00913117	0.0068445	0.00408613	
2.694e-08	896	0.268064	0.950843	0.155047	0.0251604	0.0278797	0.00519018	0.00743788	0.0064854	0.00292605	
2.7e-08	898	-0.262113	0.679092	-0.685661	0.0389936	0.0240981	0.00478363	0.00377856	0.00621092	0.00267695	
2.706e-08	900	0.61552	-0.042522	0.786973	0.0456777	0.0238737	0.00537382	0.00306812	0.00516552	0.0021736	
