#----------------------------------------------------------------------------------------------------------------------------------------------------------
# Output file for vampire simulation
#   time       : 2024-08-29 04:56:16     process id : 1391296
#   hostname   : node119.viking2.yor.alces.network
#   path       : /users/ky883/parameter/WS_dia5/AI_Dataset/size_7.0_7.0_9.0/Temp_900/random_1
#----------------------------------------------------------------------------------------------------------------------------------------------------------
6e-11	0	0.000550711	0.00826488	0.999966	0.999864	0.999827	0	0	0	0	
1.2e-10	2	0.00158033	-0.00278617	0.999995	0.998966	0.998963	0.0476614	0.0470884	2.35391e-06	2.2439e-06	
1.8e-10	4	0.00112082	0.00122142	0.999999	0.997972	0.997917	0.049258	0.0516561	7.73483e-06	6.74843e-06	
2.4e-10	6	0.00039731	-0.00523019	0.999986	0.996814	0.996881	0.0684348	0.0567961	1.39556e-05	1.33276e-05	
3e-10	8	0.0105519	-0.00544618	0.999929	0.995878	0.995834	0.0454204	0.0377452	1.08e-05	9.81441e-06	
3.6e-10	10	-0.0103566	-5.3428e-06	0.999946	0.994888	0.994808	0.0543317	0.0271031	2.15888e-05	2.18713e-05	
4.2e-10	12	0.00582495	-0.0020641	0.999981	0.993855	0.993734	0.0582294	0.0474587	3.17377e-05	3.02278e-05	
4.8e-10	14	-0.00236883	-0.00303005	0.999993	0.99263	0.992683	0.0438144	0.0414059	3.8302e-05	3.62292e-05	
5.4e-10	16	0.0100749	-0.00500344	0.999937	0.991506	0.991669	0.0714378	0.0368469	3.52606e-05	3.38413e-05	
6e-10	18	-0.00384308	0.000697273	0.999992	0.990891	0.990652	0.0388347	0.0320262	3.3353e-05	3.48813e-05	
6.6e-10	20	-0.00493265	0.00127184	0.999987	0.989783	0.98957	0.066313	0.0882875	3.41618e-05	3.86399e-05	
7.2e-10	22	0.00123684	0.00355479	0.999993	0.988724	0.988505	0.0442153	0.0713995	4.45198e-05	4.2421e-05	
7.8e-10	24	0.000102071	-0.00154301	0.999999	0.987359	0.987486	0.0360551	0.0409343	4.22254e-05	3.85355e-05	
8.4e-10	26	0.00105885	-0.0167273	0.99986	0.986382	0.98637	0.0737884	0.0482819	5.12034e-05	5.27535e-05	
9e-10	28	-0.00640298	0.00124494	0.999979	0.985371	0.985263	0.0337922	0.0412487	6.15359e-05	5.38383e-05	
9.6e-10	30	-0.00886138	0.00127941	0.99996	0.984428	0.984264	0.0810877	0.0288312	4.09562e-05	3.73278e-05	
1.02e-09	32	0.00169728	0.00586449	0.999981	0.983402	0.983176	0.0456294	0.0462739	5.42821e-05	4.73125e-05	
1.08e-09	34	-0.0145007	0.0107734	0.999837	0.981991	0.982082	0.0414522	0.0504584	9.21027e-05	7.87579e-05	
1.14e-09	36	-0.00228074	-0.0208028	0.999781	0.980707	0.981055	0.0583341	0.0635909	6.91603e-05	5.41372e-05	
1.2e-09	38	0.00696234	0.0200256	0.999775	0.980031	0.97998	0.0423751	0.0548281	0.00010127	0.000100948	
1.26e-09	40	-0.00271772	0.00739845	0.999969	0.979547	0.978855	0.0405189	0.0454542	8.91249e-05	8.23936e-05	
1.32e-09	42	0.000214499	0.000862576	1	0.977754	0.977769	0.0363314	0.0536831	0.000116126	0.000116939	
1.38e-09	44	-0.00501289	0.00123748	0.999987	0.977424	0.976827	0.0572241	0.0512394	0.000161887	0.000157439	
1.44e-09	46	0.00993225	-0.000754891	0.99995	0.97532	0.975733	0.0582101	0.0629405	0.000107093	9.53498e-05	
1.5e-09	48	0.00871768	-0.0149277	0.999851	0.974755	0.974469	0.0455682	0.0732214	0.000102763	9.39557e-05	
1.56e-09	50	0.00749292	5.0072e-05	0.999972	0.972957	0.973387	0.0613956	0.0385771	0.000146632	0.000132562	
1.62e-09	52	0.00510489	0.00871155	0.999949	0.971183	0.972494	0.0454284	0.0785465	0.000107574	9.80407e-05	
1.68e-09	54	0.00641118	-0.00313339	0.999975	0.971261	0.971443	0.127084	0.0471459	7.71434e-05	8.73384e-05	
1.74e-09	56	-0.00680756	0.00187711	0.999975	0.971259	0.970332	0.0401995	0.0448592	0.0001782	0.00017254	
1.8e-09	58	0.0198982	-0.0240658	0.999512	0.968469	0.969164	0.0834056	0.070824	0.000130574	0.000102587	
1.86e-09	60	0.0183061	-0.00336429	0.999827	0.969474	0.968237	0.0529927	0.0547298	0.000168971	0.00016412	
1.92e-09	62	0.00714782	-0.0102563	0.999922	0.967136	0.966976	0.0494815	0.0926852	0.00023328	0.000183808	
1.98e-09	64	-0.00108393	0.02187	0.99976	0.965692	0.965866	0.0519124	0.0549716	0.000140985	0.000133493	
2.04e-09	66	0.0178654	0.0262097	0.999497	0.964418	0.964764	0.0423022	0.0489311	8.19903e-05	8.22677e-05	
2.1e-09	68	0.00749569	-0.00255313	0.999969	0.962459	0.963728	0.0929543	0.0719209	0.000204303	0.000207761	
2.16e-09	70	0.0032637	0.00912883	0.999953	0.962478	0.962568	0.0833846	0.0280525	0.000130192	0.00010405	
2.22e-09	72	0.0180028	-0.00938419	0.999794	0.961743	0.961556	0.0666459	0.0336222	0.000122925	0.000114311	
2.28e-09	74	-0.0262113	-0.0180606	0.999493	0.960082	0.960478	0.0473872	0.068032	0.000174884	0.000151471	
2.34e-09	76	-0.00544247	-0.00163223	0.999984	0.959094	0.959354	0.0437778	0.0672955	0.000168991	0.000158639	
2.4e-09	78	-0.0367353	-0.00250568	0.999322	0.958114	0.95814	0.0794805	0.0490819	0.000138261	0.000115734	
2.46e-09	80	0.01148	0.00311109	0.999929	0.956817	0.957398	0.0713627	0.0758905	0.00015145	0.00011901	
2.52e-09	82	-0.0122725	0.00901692	0.999884	0.956642	0.955906	0.0452873	0.0666388	0.000181813	0.000197258	
2.58e-09	84	-0.00481178	0.00481227	0.999977	0.953389	0.954993	0.0604717	0.0395174	0.000168458	0.000158016	
2.64e-09	86	0.0152527	-0.0361932	0.999228	0.954443	0.953661	0.0394815	0.0627891	0.000250703	0.000235183	
2.7e-09	88	-0.0265498	0.00884001	0.999608	0.952768	0.952734	0.0537668	0.0472886	0.000436403	0.00041042	
2.76e-09	90	-0.0269583	0.0211636	0.999413	0.95312	0.951772	0.0615637	0.0555021	0.000458056	0.000417238	
2.82e-09	92	-0.00268121	0.000787249	0.999996	0.950947	0.95024	0.0748736	0.0646858	0.000196665	0.000157197	
2.88e-09	94	0.00611613	0.00238543	0.999978	0.949091	0.9493	0.0780402	0.0536097	0.000148656	0.000147265	
2.94e-09	96	0.00149728	-0.000939139	0.999998	0.94854	0.948165	0.0658723	0.0530148	0.000210893	0.000165773	
3e-09	98	0.0176136	0.00671714	0.999822	0.947014	0.947099	0.047915	0.0657568	0.000200752	0.000181756	
3.06e-09	100	0.00384624	0.0220875	0.999749	0.945842	0.945896	0.0561613	0.0465945	0.000159294	0.000183392	
3.12e-09	102	0.0168823	-0.0379197	0.999138	0.944208	0.944512	0.0586029	0.0897231	0.00030361	0.000238182	
3.18e-09	104	0.00941782	0.00995894	0.999906	0.944878	0.943809	0.0931654	0.0665212	0.000268948	0.000283604	
3.24e-09	106	0.0198834	-0.00769799	0.999773	0.942529	0.942463	0.0708183	0.035441	0.000219766	0.000219918	
3.3e-09	108	0.0212179	-0.012979	0.999691	0.942144	0.941453	0.0462929	0.0277273	0.000273225	0.000253693	
3.36e-09	110	-0.00626377	-0.040262	0.99917	0.938965	0.940179	0.0712034	0.0607483	0.000304202	0.000229149	
3.42e-09	112	0.00811437	-0.000567148	0.999967	0.939498	0.939103	0.0452366	0.0581052	0.000331036	0.000330621	
3.48e-09	114	-0.0142239	-0.0050818	0.999886	0.937099	0.937956	0.0470927	0.0519845	0.000340492	0.000366901	
3.54e-09	116	-0.0015562	0.0110809	0.999937	0.937734	0.936793	0.0435593	0.063372	0.000358406	0.000382824	
3.6e-09	118	-0.0278485	-0.0326951	0.999077	0.936393	0.935801	0.0463821	0.0601716	0.000322391	0.000264672	
3.66e-09	120	-0.00291953	-0.0170772	0.99985	0.93612	0.93411	0.0516479	0.0472872	0.000250388	0.000233584	
3.72e-09	122	-0.00881356	-0.0147968	0.999852	0.933144	0.932962	0.046444	0.0618175	0.000322526	0.00029325	
3.78e-09	124	-0.0210217	-0.00403027	0.999771	0.93255	0.932224	0.0334704	0.0589786	0.000343071	0.000298664	
3.84e-09	126	0.00403554	0.00846644	0.999956	0.931674	0.931417	0.0745232	0.0693686	0.000216108	0.000226088	
3.9e-09	128	0.0176514	-0.0153117	0.999727	0.930385	0.930085	0.0633438	0.0376336	0.000286751	0.000293355	
3.96e-09	130	0.00748724	-0.0176879	0.999816	0.929219	0.928416	0.0553305	0.0682468	0.00027386	0.000233601	
4.02e-09	132	0.041438	-0.0118096	0.999071	0.927223	0.927494	0.0710764	0.0412372	0.000339352	0.000325476	
4.08e-09	134	0.00243119	-0.0325889	0.999466	0.925386	0.926614	0.0287062	0.0597905	0.000310504	0.000302722	
4.14e-09	136	-0.00542329	-0.0299173	0.999538	0.925979	0.925122	0.0423643	0.0601071	0.000400556	0.000368603	
4.2e-09	138	-0.00126989	0.00192061	0.999997	0.924631	0.923623	0.0542154	0.0551612	0.000311057	0.000284134	
4.26e-09	140	-0.0074681	-0.0177545	0.999814	0.923865	0.922459	0.0557126	0.0547342	0.000278309	0.000229522	
4.32e-09	142	-0.00346517	0.0113663	0.999929	0.922021	0.921679	0.063339	0.0591506	0.000303436	0.000309885	
4.38e-09	144	0.00180829	-0.000961077	0.999998	0.920414	0.920417	0.0317531	0.0961782	0.000334967	0.00036283	
4.44e-09	146	0.0272568	-0.00627161	0.999609	0.919965	0.919367	0.0422132	0.0626323	0.000190023	0.000183871	
4.5e-09	148	0.0323124	0.0219549	0.999237	0.916573	0.917867	0.1169	0.0480199	0.000275311	0.000221574	
4.56e-09	150	-0.0102971	-0.00567537	0.999931	0.917436	0.917018	0.0522336	0.0715816	0.000250981	0.000228854	
4.62e-09	152	0.0158755	-0.00469681	0.999863	0.916857	0.915921	0.0425275	0.0516045	0.000403206	0.000383866	
4.68e-09	154	0.0133517	0.0410613	0.999067	0.917093	0.914884	0.0557954	0.0666287	0.000354006	0.000361381	
4.74e-09	156	-0.0106294	-0.0207334	0.999729	0.914089	0.913647	0.0605462	0.0304099	0.000408667	0.000398935	
4.8e-09	158	0.00513831	-0.053589	0.99855	0.911066	0.912071	0.0412977	0.0889274	0.000460592	0.000350195	
4.86e-09	160	-0.0247933	0.0106436	0.999636	0.911816	0.910932	0.0508524	0.0900998	0.000369959	0.000366198	
4.92e-09	162	-0.0530473	-0.00651346	0.998571	0.906592	0.909544	0.0445961	0.0531902	0.00034956	0.000321359	
4.98e-09	164	0.0079781	0.0145573	0.999862	0.908797	0.908109	0.0624385	0.0509705	0.000481083	0.000379149	
5.04e-09	166	-0.00988781	-0.0328645	0.999411	0.905976	0.907206	0.0534308	0.0518703	0.000565048	0.000458495	
5.1e-09	168	-0.0113786	0.024014	0.999647	0.908418	0.90556	0.0500955	0.0704914	0.000466599	0.00041022	
5.16e-09	170	-0.0141272	-0.000277546	0.9999	0.906014	0.904528	0.0627326	0.0492564	0.000704735	0.000592626	
5.22e-09	172	-0.00926489	0.0477159	0.998818	0.903016	0.903462	0.0511229	0.0582161	0.000503961	0.000490162	
5.28e-09	174	-0.00210253	0.00723093	0.999972	0.902062	0.902972	0.0559006	0.0348779	0.000354128	0.000321607	
5.34e-09	176	-0.0376558	-0.000904067	0.99929	0.901161	0.901632	0.0574591	0.0446356	0.000528748	0.00048978	
5.4e-09	178	0.0104273	-0.00660583	0.999924	0.897899	0.900144	0.0538287	0.0722831	0.00035041	0.000307678	
5.46e-09	180	-0.0241536	-0.0214527	0.999478	0.901148	0.898543	0.0668944	0.0386685	0.000410204	0.000343813	
5.52e-09	182	-0.00320679	0.0182929	0.999828	0.900714	0.897924	0.0641006	0.109505	0.000514806	0.000417037	
5.58e-09	184	-0.0355695	-0.0305115	0.998901	0.896583	0.896073	0.102118	0.0798107	0.000568835	0.000599299	
5.64e-09	186	-0.0127964	0.0149693	0.999806	0.892554	0.894889	0.0742796	0.0884105	0.000360923	0.000241126	
5.7e-09	188	-0.0234379	-0.00862616	0.999688	0.893359	0.89352	0.0768926	0.0498836	0.000252511	0.000289307	
5.76e-09	190	0.000815863	0.0341535	0.999416	0.887979	0.892767	0.0552307	0.0320746	0.000640951	0.000583994	
5.82e-09	192	-0.00719566	-0.0465408	0.99889	0.890237	0.891264	0.0717522	0.0499918	0.000746433	0.000661387	
5.88e-09	194	0.0012987	-0.013549	0.999907	0.889739	0.889541	0.0411135	0.0568383	0.000530912	0.000507539	
5.94e-09	196	0.0214647	0.038814	0.999016	0.886407	0.8879	0.065153	0.0641438	0.000525302	0.000472277	
6e-09	198	0.0280831	-0.043665	0.998651	0.889347	0.887725	0.0526629	0.0855684	0.000444303	0.000482002	
6.06e-09	200	0.0163425	-1.11081e-05	0.999866	0.886178	0.88623	0.0766459	0.03989	0.000369491	0.000326867	
6.12e-09	202	0.0266555	-0.0164442	0.999509	0.887284	0.885808	0.0576519	0.0731288	0.000397052	0.000422998	
6.18e-09	204	-0.0132236	-0.024525	0.999612	0.884679	0.883815	0.0635517	0.0966652	0.000830444	0.000766996	
6.24e-09	206	-0.0268735	0.0267114	0.999282	0.885076	0.882627	0.0733394	0.046235	0.000553493	0.000538968	
6.3e-09	208	-0.00749829	-0.0266214	0.999617	0.880851	0.881643	0.0676444	0.0491951	0.000487226	0.000396055	
6.36e-09	210	0.00052164	0.0288009	0.999585	0.879518	0.88026	0.0566774	0.0372235	0.000487242	0.00048479	
6.42e-09	212	-0.00289602	-0.00421621	0.999987	0.881786	0.877817	0.0653983	0.0756865	0.000556875	0.000580977	
6.48e-09	214	-0.0215102	0.0105528	0.999713	0.879076	0.876793	0.0654729	0.0693714	0.000569233	0.000439222	
6.54e-09	216	-0.0276586	0.00122442	0.999617	0.872846	0.875317	0.0628726	0.0610428	0.00065213	0.00058839	
6.6e-09	218	-0.0360643	-0.00474065	0.999338	0.879457	0.874692	0.0683074	0.0459486	0.000542815	0.000505998	
6.66e-09	220	-0.0307055	0.000145263	0.999528	0.874844	0.874233	0.0444716	0.0606162	0.000585954	0.000536288	
6.72e-09	222	0.0226156	-0.029445	0.999311	0.874417	0.872483	0.118226	0.0608729	0.000795304	0.000714567	
6.78e-09	224	0.0123972	0.0156328	0.999801	0.868725	0.871047	0.0631582	0.0898966	0.000577915	0.000514443	
6.84e-09	226	-0.0316144	-0.0562897	0.997914	0.872998	0.870112	0.054481	0.120721	0.000790129	0.000580343	
6.9e-09	228	0.0115637	-0.0215707	0.9997	0.870763	0.868824	0.0837511	0.0658738	0.000607874	0.000675473	
6.96e-09	230	0.0223688	-0.0251189	0.999434	0.865011	0.867382	0.0465532	0.0631521	0.000546723	0.000526977	
7.02e-09	232	-0.0100894	-0.0104259	0.999895	0.864337	0.865386	0.0652533	0.0722712	0.000446782	0.000389702	
7.08e-09	234	-0.00318625	-0.00544983	0.99998	0.868109	0.864527	0.0435687	0.0700642	0.000455326	0.000434818	
7.14e-09	236	-0.000460695	-0.0262278	0.999656	0.859701	0.863527	0.0639392	0.0733106	0.000517229	0.000510906	
7.2e-09	238	-0.0342684	-0.024387	0.999115	0.85925	0.862335	0.0459221	0.0582887	0.000652083	0.000681473	
7.26e-09	240	-0.0134221	-0.00266972	0.999906	0.862675	0.860293	0.0504486	0.0670772	0.000783286	0.000719292	
7.32e-09	242	-0.0343519	-0.000912284	0.999409	0.860677	0.85906	0.065799	0.032141	0.000636136	0.000500977	
7.38e-09	244	0.0368616	-0.013699	0.999226	0.855226	0.857602	0.0654364	0.0572113	0.000989049	0.00094896	
7.44e-09	246	-0.0365264	-0.0174458	0.99918	0.8595	0.856799	0.0701477	0.0394055	0.000809877	0.000736217	
7.5e-09	248	-0.0145699	0.0248935	0.999584	0.859488	0.856398	0.0335907	0.0209417	0.00078034	0.000756721	
7.56e-09	250	-0.0418987	-0.0575115	0.997465	0.851961	0.853579	0.0814583	0.0552367	0.000928747	0.000839231	
7.62e-09	252	0.0277974	-0.0181272	0.999449	0.851919	0.853183	0.0536874	0.0681922	0.000582501	0.000490287	
7.68e-09	254	-0.0812012	0.00606744	0.996679	0.848395	0.85171	0.0533128	0.0754419	0.00111431	0.000988554	
7.74e-09	256	-0.0115238	-0.0140298	0.999835	0.847919	0.84982	0.0742343	0.0797219	0.00082692	0.000654418	
7.8e-09	258	0.0078791	-0.0116452	0.999901	0.848263	0.848884	0.0729392	0.0604836	0.000679415	0.000650395	
7.86e-09	260	-0.0119102	0.00378441	0.999922	0.849767	0.847068	0.0494218	0.0576076	0.000837291	0.000763976	
7.92e-09	262	0.00397441	0.03525	0.999371	0.848076	0.845866	0.0431534	0.0517364	0.000830161	0.000840796	
7.98e-09	264	0.0362643	0.0414516	0.998482	0.844206	0.844345	0.0818954	0.0790769	0.000921232	0.000926851	
8.04e-09	266	-0.0364693	-0.0510329	0.998031	0.847332	0.84333	0.0742677	0.0846095	0.00105675	0.00111685	
8.1e-09	268	-0.0181362	0.0255606	0.999509	0.840423	0.841197	0.0396859	0.0294795	0.000816725	0.000734071	
8.16e-09	270	0.0485631	-0.00709697	0.998795	0.843522	0.840562	0.0369058	0.0892379	0.000490867	0.00045224	
8.22e-09	272	-0.0240964	0.00517616	0.999696	0.835914	0.838459	0.059345	0.0216534	0.000775435	0.000713267	
8.28e-09	274	-0.00621642	-0.000434801	0.999981	0.840028	0.837932	0.075045	0.0429943	0.000561726	0.000555003	
8.34e-09	276	-0.0211343	0.0233136	0.999505	0.841945	0.836733	0.106626	0.0608792	0.00152279	0.00128942	
8.4e-09	278	-0.0552274	-0.0161748	0.998343	0.838328	0.83435	0.0638751	0.0942279	0.00114219	0.000923433	
8.46e-09	280	0.00856352	-0.0202207	0.999759	0.83358	0.83349	0.0736457	0.0550287	0.000896351	0.000821384	
8.52e-09	282	0.0426465	0.0310697	0.998607	0.83009	0.832131	0.0599053	0.0683456	0.0008073	0.000718899	
8.58e-09	284	-0.0234392	-0.00838685	0.99969	0.830081	0.830405	0.0807318	0.0646512	0.00129314	0.00107985	
8.64e-09	286	0.0255741	0.0097703	0.999625	0.829622	0.82829	0.0646688	0.0579702	0.000696249	0.000748509	
8.7e-09	288	0.0155878	0.0264373	0.999529	0.82884	0.828413	0.0716883	0.0902029	0.000972073	0.000949083	
8.76e-09	290	-0.00392638	-0.00372902	0.999985	0.828599	0.826629	0.0361387	0.0631425	0.00106954	0.00115755	
8.82e-09	292	-7.58643e-05	-0.00612067	0.999981	0.824978	0.825184	0.0917714	0.0591598	0.000895466	0.000729033	
8.88e-09	294	0.000964561	-0.0368624	0.99932	0.8242	0.822915	0.0448934	0.0491981	0.00097288	0.000949502	
8.94e-09	296	0.00244806	0.000416195	0.999997	0.820321	0.821844	0.0486037	0.0589483	0.0010299	0.00102993	
9e-09	298	-0.0588278	-0.027355	0.997893	0.815572	0.819267	0.0880598	0.0759786	0.00122089	0.000913004	
9.06e-09	300	-0.0437278	0.0309835	0.998563	0.827178	0.819697	0.07201	0.049462	0.00115617	0.00115649	
9.12e-09	302	0.0105813	-0.00795937	0.999912	0.818075	0.817323	0.0695347	0.0484107	0.000890253	0.000790848	
9.18e-09	304	0.0566896	-0.0752493	0.995552	0.815509	0.815832	0.0679226	0.0738468	0.000797289	0.000707748	
9.24e-09	306	-0.00800739	0.0197186	0.999774	0.812099	0.814857	0.0736783	0.0343839	0.000917139	0.000863977	
9.3e-09	308	0.0355332	-0.0031257	0.999364	0.809027	0.813884	0.0874473	0.0368901	0.00191926	0.00168682	
9.36e-09	310	0.00268221	0.00603155	0.999978	0.809636	0.811475	0.036159	0.0343243	0.00126086	0.00124464	
9.42e-09	312	0.00720964	0.0268552	0.999613	0.812956	0.810341	0.0507521	0.0495771	0.00138267	0.00123255	
9.48e-09	314	-0.0153659	0.0581256	0.998191	0.804358	0.809288	0.062449	0.077459	0.00113313	0.00109959	
9.54e-09	316	0.0202513	-0.0110956	0.999733	0.806353	0.807058	0.0492551	0.0659073	0.00144742	0.00118366	
9.6e-09	318	-0.045093	-0.0138609	0.998887	0.809846	0.80556	0.0679759	0.0642672	0.00157013	0.00143003	
9.66e-09	320	0.057301	0.00479233	0.998345	0.809581	0.804231	0.0675261	0.0469928	0.000743017	0.000928672	
9.72e-09	322	-0.0438005	0.0323012	0.998518	0.800323	0.80262	0.0459886	0.0521694	0.000929212	0.00083012	
9.78e-09	324	0.047795	-0.0232062	0.998588	0.79901	0.800822	0.0738224	0.0705198	0.000871974	0.00101324	
9.84e-09	326	0.00639416	0.00259342	0.999976	0.793351	0.799255	0.0813703	0.0496911	0.000867689	0.000850804	
9.9e-09	328	-0.00833357	0.0409664	0.999126	0.799653	0.797486	0.0814956	0.0619743	0.00172105	0.00161114	
9.96e-09	330	-0.00984307	0.00575295	0.999935	0.800907	0.796139	0.0628067	0.0497044	0.0014599	0.0013212	
1.002e-08	332	-0.0253968	-0.0228799	0.999416	0.793453	0.796798	0.0492262	0.0656814	0.00100772	0.000782507	
1.008e-08	334	0.0468197	-0.00351802	0.998897	0.794487	0.793939	0.0750707	0.0923841	0.00140869	0.00126851	
1.014e-08	336	-0.0154405	0.00487821	0.999869	0.791342	0.792195	0.0821856	0.0841909	0.00140445	0.00142844	
1.02e-08	338	-0.0949033	-0.0667899	0.993243	0.790476	0.790752	0.0790752	0.0723204	0.00082957	0.00076971	
1.026e-08	340	-0.0544011	-0.00813569	0.998486	0.789333	0.78788	0.046053	0.0515766	0.00108036	0.00114044	
1.032e-08	342	-0.0165884	0.0337415	0.999293	0.792729	0.788347	0.0543557	0.0542568	0.00153807	0.00152478	
1.038e-08	344	-0.00333798	-0.000142989	0.999994	0.779483	0.786764	0.0658411	0.0410948	0.00111799	0.00121556	
1.044e-08	346	-0.0223481	-0.105672	0.99415	0.786995	0.784107	0.0867048	0.113664	0.00113133	0.000881116	
1.05e-08	348	0.00102209	0.0025777	0.999996	0.777272	0.782306	0.0821603	0.0630601	0.000940385	0.000896025	
1.056e-08	350	-0.120757	0.0176887	0.992525	0.776865	0.78054	0.0971104	0.0706166	0.00137768	0.00119064	
1.062e-08	352	-0.000876702	-0.023397	0.999726	0.78099	0.778756	0.0555786	0.0976496	0.00146424	0.00133251	
1.068e-08	354	-0.00565717	-0.0221159	0.999739	0.785023	0.778913	0.0296115	0.0674741	0.000789716	0.000739097	
1.074e-08	356	0.00842757	-0.0417245	0.999094	0.778833	0.776966	0.0485077	0.0463292	0.00109501	0.00116355	
1.08e-08	358	-0.00791365	0.0143496	0.999866	0.776274	0.773902	0.0620855	0.0596698	0.000749616	0.000742697	
1.086e-08	360	-0.0342364	-0.0066989	0.999391	0.775907	0.773007	0.0856423	0.0860302	0.00123975	0.00110362	
1.092e-08	362	-0.0606891	0.00576579	0.99814	0.772532	0.771329	0.0391533	0.0736675	0.000970643	0.000937177	
1.098e-08	364	0.0369392	0.0620589	0.997389	0.757316	0.768303	0.0450242	0.0529754	0.00137606	0.0011793	
1.104e-08	366	0.0349914	0.0244638	0.999088	0.76932	0.768309	0.0739105	0.0703218	0.00131485	0.00104015	
1.11e-08	368	-0.00102563	0.0677425	0.997702	0.767257	0.767315	0.0517564	0.0605866	0.00144093	0.00115132	
1.116e-08	370	0.0416142	0.00118766	0.999133	0.762654	0.765036	0.127395	0.0404339	0.00218145	0.00176147	
1.122e-08	372	0.020065	0.0245927	0.999496	0.762782	0.76282	0.0762931	0.0463598	0.00135404	0.00142471	
1.128e-08	374	-0.01853	-0.0208555	0.999611	0.763543	0.760209	0.0912388	0.0524879	0.00236763	0.00236153	
1.134e-08	376	-0.0101639	-0.0370347	0.999262	0.753508	0.759741	0.0578388	0.050356	0.00134021	0.00109865	
1.14e-08	378	0.0706669	0.00799985	0.997468	0.762872	0.758434	0.0905036	0.0407684	0.00198422	0.0015949	
1.146e-08	380	-0.0158988	-0.00167688	0.999872	0.760712	0.756269	0.0709941	0.0739906	0.00137618	0.00126784	
1.152e-08	382	0.0384684	-0.00778667	0.999229	0.752402	0.756031	0.0661926	0.0805223	0.00148433	0.00166202	
1.158e-08	384	-0.029819	0.099937	0.994547	0.75088	0.753725	0.0673878	0.0748597	0.00201057	0.00189142	
1.164e-08	386	-0.0353149	-0.0128014	0.999294	0.751446	0.752579	0.0658409	0.0493289	0.00182193	0.00187695	
1.17e-08	388	-0.0046519	-0.0022781	0.999987	0.752276	0.749848	0.0823429	0.071417	0.00196452	0.00151291	
1.176e-08	390	0.0169707	0.0230147	0.999591	0.740156	0.749531	0.0439862	0.0582719	0.00178984	0.00171636	
1.182e-08	392	-0.0678124	0.0287371	0.997284	0.743305	0.745201	0.0747704	0.0548592	0.00170651	0.00172878	
1.188e-08	394	0.0625951	0.0732748	0.995345	0.746672	0.744709	0.0785309	0.110706	0.00128219	0.00111553	
1.194e-08	396	0.0727737	0.015158	0.997233	0.751311	0.742133	0.0457968	0.0569735	0.00245174	0.00206433	
1.2e-08	398	0.0307893	-0.0209327	0.999307	0.743897	0.740263	0.067198	0.0499794	0.00204912	0.00194143	
1.206e-08	400	0.0335269	-0.0847093	0.995841	0.743125	0.737036	0.0434618	0.0621772	0.00194752	0.00190234	
1.212e-08	402	-0.103156	0.0456987	0.993615	0.737391	0.738177	0.072994	0.0398393	0.002278	0.00214882	
1.218e-08	404	-0.0214554	0.035171	0.999151	0.743392	0.735801	0.103895	0.0624006	0.00185357	0.00149668	
1.224e-08	406	-0.109545	0.030529	0.993513	0.734722	0.733896	0.0964512	0.066989	0.00153826	0.00179027	
1.23e-08	408	-0.0061129	-0.0683904	0.99764	0.730706	0.731575	0.05707	0.0734446	0.00185283	0.0016463	
1.236e-08	410	-0.0300843	-0.0421153	0.99866	0.724993	0.729965	0.0713954	0.0871233	0.00155148	0.00180569	
1.242e-08	412	-0.0352865	-0.0208509	0.99916	0.72247	0.728012	0.0567944	0.0375323	0.00141963	0.00147168	
1.248e-08	414	0.0158541	0.0472442	0.998758	0.731248	0.729484	0.113925	0.0547813	0.00154614	0.00135846	
1.254e-08	416	-0.0713619	-0.00786645	0.997419	0.71971	0.724605	0.0807327	0.0593179	0.00229923	0.00221157	
1.26e-08	418	0.00626259	-0.0165228	0.999844	0.712844	0.722348	0.0634532	0.0681735	0.00217168	0.00220458	
1.266e-08	420	-0.0576777	0.00255336	0.998332	0.706692	0.720091	0.0658885	0.114739	0.00301709	0.00262065	
1.272e-08	422	-0.0341306	0.022975	0.999153	0.718269	0.719028	0.0554324	0.0545505	0.00179566	0.00193711	
1.278e-08	424	0.0873357	-0.0315579	0.995679	0.715952	0.716971	0.0644652	0.129561	0.0013704	0.00154312	
1.284e-08	426	-0.059856	-0.0247799	0.997899	0.722365	0.715982	0.0854886	0.0612161	0.00229027	0.00212681	
1.29e-08	428	0.0424085	0.0546063	0.997607	0.707424	0.713712	0.0586143	0.0835338	0.00256148	0.00235035	
1.296e-08	430	0.0421978	-0.0811204	0.995811	0.701904	0.711707	0.0948038	0.0999586	0.00241577	0.00186717	
1.302e-08	432	-0.122982	0.0148123	0.992298	0.707597	0.709353	0.093835	0.0561046	0.00198585	0.0018249	
1.308e-08	434	0.0330013	-0.0152608	0.999339	0.710818	0.708478	0.0645133	0.0807093	0.00277992	0.00218725	
1.314e-08	436	0.00727256	0.0481526	0.998814	0.717038	0.706917	0.0690996	0.0712177	0.00166188	0.00156463	
1.32e-08	438	0.0645916	0.0490809	0.996704	0.698961	0.70455	0.0604733	0.074351	0.00173007	0.00175486	
1.326e-08	440	0.0202855	-0.0161361	0.999664	0.701105	0.700427	0.0742011	0.0896129	0.0023033	0.00225582	
1.332e-08	442	0.0422571	-0.0223493	0.998857	0.700627	0.70055	0.0676725	0.0562001	0.0015151	0.00150741	
1.338e-08	444	0.0370115	0.0218393	0.999076	0.70079	0.698331	0.0709953	0.0748274	0.00154862	0.00138431	
1.344e-08	446	-0.0367614	0.0582063	0.997627	0.7014	0.697279	0.0732942	0.0736045	0.00247223	0.00231826	
1.35e-08	448	0.0403808	0.0169828	0.99904	0.699542	0.694545	0.0613864	0.057205	0.00285666	0.00248627	
1.356e-08	450	0.0363355	-0.0452361	0.998315	0.696996	0.691745	0.065638	0.0960444	0.00212063	0.00191986	
1.362e-08	452	0.0274855	-0.0936171	0.995229	0.672823	0.689429	0.088952	0.0934179	0.00336163	0.00299219	
1.368e-08	454	0.0502936	-0.0790739	0.995599	0.702058	0.689085	0.101145	0.13791	0.00297048	0.00252118	
1.374e-08	456	0.0151685	-0.0444711	0.998896	0.679437	0.685845	0.101059	0.0940378	0.0020888	0.00139924	
1.38e-08	458	0.057728	0.0952211	0.993781	0.678443	0.682976	0.0658244	0.0767491	0.00219335	0.0021926	
1.386e-08	460	-0.00597197	-0.0177166	0.999825	0.688186	0.682815	0.0786525	0.0551771	0.00260227	0.00245812	
1.392e-08	462	0.0717523	-0.0407041	0.996592	0.667559	0.678962	0.0510255	0.07457	0.00249485	0.00212879	
1.398e-08	464	0.0299472	0.0443853	0.998566	0.678702	0.675613	0.0646209	0.0759865	0.0029858	0.00290045	
1.404e-08	466	-0.104883	0.0495443	0.99325	0.681796	0.672275	0.0673048	0.0461177	0.0023798	0.00222978	
1.41e-08	468	0.0493604	-0.0202707	0.998575	0.676732	0.672715	0.0885302	0.0718821	0.00269474	0.00246869	
1.416e-08	470	0.109593	0.0192379	0.99379	0.671634	0.671455	0.0547453	0.0809588	0.00249429	0.00234573	
1.422e-08	472	-0.000544426	-0.0838962	0.996474	0.680074	0.668691	0.0710368	0.0896467	0.00257496	0.00250204	
1.428e-08	474	0.00101674	0.00859658	0.999963	0.669382	0.666858	0.0491618	0.12713	0.003459	0.00269284	
1.434e-08	476	0.0170777	-0.00069378	0.999854	0.673584	0.663697	0.0832054	0.10419	0.00290626	0.00240135	
1.44e-08	478	-0.0657446	0.0566013	0.99623	0.667353	0.662298	0.0874026	0.0516947	0.00179194	0.00186994	
1.446e-08	480	-0.115399	-0.0303845	0.992854	0.653004	0.657686	0.130513	0.0698469	0.00290601	0.00245131	
1.452e-08	482	-0.0474288	0.0597218	0.997088	0.64129	0.656805	0.0751537	0.123602	0.00450893	0.00445507	
1.458e-08	484	-0.111473	0.0934451	0.989364	0.662679	0.655433	0.0978121	0.0650873	0.00267512	0.0023641	
1.464e-08	486	-0.0643277	0.0243378	0.997632	0.65502	0.654761	0.0566362	0.0684486	0.00298333	0.00318479	
1.47e-08	488	0.0552745	-0.0268696	0.99811	0.65472	0.649289	0.0381427	0.101326	0.00356815	0.00318466	
1.476e-08	490	-0.0842803	-0.000558343	0.996442	0.644625	0.648567	0.0583256	0.0817144	0.00281321	0.00258434	
1.482e-08	492	0.0957994	-0.101969	0.990164	0.658762	0.645853	0.0720696	0.12739	0.00219607	0.00177754	
1.488e-08	494	-0.0679653	0.037108	0.996997	0.645664	0.644768	0.0662061	0.0588566	0.00469506	0.00442585	
1.494e-08	496	-0.0803002	-0.0738824	0.994029	0.630154	0.640243	0.103811	0.0389288	0.003045	0.00242883	
1.5e-08	498	-0.0646282	0.0103069	0.997856	0.633894	0.639049	0.0702611	0.0596519	0.00325123	0.00261893	
1.506e-08	500	-0.0441948	-0.0640824	0.996966	0.631972	0.637095	0.0551209	0.0988081	0.00165638	0.00159791	
1.512e-08	502	-0.0572311	0.0452986	0.997333	0.640236	0.635822	0.0728474	0.0378314	0.0034405	0.00298903	
1.518e-08	504	0.0069179	0.0379694	0.999255	0.629992	0.630349	0.168742	0.0989919	0.00480061	0.00300888	
1.524e-08	506	0.0057368	-0.00230055	0.999981	0.622335	0.630584	0.0571763	0.11162	0.00227795	0.00209808	
1.53e-08	508	0.0216864	0.0875071	0.995928	0.618328	0.626299	0.0896967	0.0749923	0.00556435	0.00473132	
1.536e-08	510	-0.0155728	-0.0327255	0.999343	0.62145	0.623282	0.0348142	0.0542667	0.00254701	0.00239265	
1.542e-08	512	-0.0369235	-0.0894351	0.995308	0.63616	0.620968	0.092196	0.0695619	0.0044388	0.00565562	
1.548e-08	514	-0.0541697	-0.00784804	0.998501	0.609427	0.618256	0.0755659	0.0854528	0.00278457	0.00218969	
1.554e-08	516	-0.0301485	-0.0392767	0.998773	0.60889	0.614672	0.0784369	0.0516508	0.00264087	0.00209174	
1.56e-08	518	0.0260799	-0.0995228	0.994693	0.616997	0.613729	0.121924	0.0598442	0.00501399	0.00371975	
1.566e-08	520	-0.0588061	0.132191	0.989478	0.602878	0.611657	0.0782178	0.107539	0.00329354	0.00287466	
1.572e-08	522	0.0830438	-0.0174178	0.996394	0.592581	0.610003	0.062103	0.122679	0.00278509	0.00279216	
1.578e-08	524	0.0756348	-0.0110297	0.997075	0.603666	0.605533	0.129107	0.075237	0.00454733	0.00298571	
1.584e-08	526	-0.00037252	-4.38458e-05	1	0.603608	0.602969	0.0401309	0.0831104	0.00469564	0.00430498	
1.59e-08	528	-0.194586	-0.0917886	0.976581	0.586111	0.600563	0.0860322	0.0824004	0.00549874	0.00408136	
1.596e-08	530	-0.121689	0.0927237	0.988228	0.600846	0.602736	0.113899	0.077437	0.00216389	0.00239026	
1.602e-08	532	-0.0157138	-0.0436642	0.998923	0.600036	0.592875	0.06645	0.0695262	0.00302024	0.00309394	
1.608e-08	534	-0.0108985	-0.0481404	0.998781	0.603466	0.591552	0.0637195	0.0823633	0.00255282	0.00276135	
1.614e-08	536	0.0179314	0.0283881	0.999436	0.584095	0.587377	0.0720944	0.11777	0.00459928	0.00366884	
1.62e-08	538	-0.0121352	-0.043975	0.998959	0.578132	0.586634	0.084717	0.0505524	0.0040372	0.00350954	
1.626e-08	540	-0.0389181	-0.028217	0.998844	0.597859	0.584983	0.0856382	0.0719042	0.00411714	0.00320947	
1.632e-08	542	0.0465578	0.065536	0.996763	0.568692	0.580511	0.092405	0.0894636	0.00450448	0.0043586	
1.638e-08	544	-0.0758326	-0.144436	0.986604	0.591887	0.576568	0.0786557	0.0686606	0.0055957	0.00533228	
1.644e-08	546	-0.00846581	-0.0897885	0.995925	0.593755	0.576508	0.0322708	0.0835357	0.00712518	0.00617442	
1.65e-08	548	-0.0498206	-0.100238	0.993715	0.57279	0.570653	0.0625042	0.081437	0.00396779	0.00355827	
1.656e-08	550	0.0692218	-0.173415	0.982413	0.582896	0.574357	0.0800778	0.114089	0.00627476	0.00546147	
1.662e-08	552	-0.0268202	0.149634	0.988378	0.566707	0.567143	0.0560709	0.0889902	0.00919587	0.00817645	
1.668e-08	554	-0.0347499	0.0908089	0.995262	0.568342	0.566729	0.077674	0.104065	0.00539043	0.00488167	
1.674e-08	556	-0.0806395	0.0154469	0.996624	0.574664	0.561309	0.117611	0.0946556	0.00582493	0.00491248	
1.68e-08	558	0.0104718	-0.126192	0.991951	0.566003	0.559715	0.0689314	0.0533581	0.00726779	0.00567611	
1.686e-08	560	-0.116227	0.0144646	0.993117	0.571691	0.558145	0.121155	0.0695656	0.00438934	0.00461943	
1.692e-08	562	0.0704963	0.0383225	0.996776	0.557167	0.551272	0.0860673	0.062063	0.00412476	0.0043086	
1.698e-08	564	-0.153468	-0.0154882	0.988032	0.549167	0.548487	0.0815888	0.0469954	0.00675435	0.00577832	
1.704e-08	566	-0.018983	0.0998485	0.994822	0.522033	0.5466	0.0519258	0.0733975	0.00721997	0.00676513	
1.71e-08	568	0.0523738	-0.0874866	0.994788	0.541042	0.54299	0.060736	0.0961042	0.00377202	0.00390316	
1.716e-08	570	0.043313	-0.039542	0.998279	0.534817	0.538239	0.125323	0.036585	0.00488824	0.00425707	
1.722e-08	572	0.0631383	0.00599776	0.997987	0.531691	0.537079	0.134659	0.087386	0.00696134	0.0047668	
1.728e-08	574	-0.185166	-0.112337	0.976265	0.535711	0.533047	0.0748733	0.0760033	0.00808258	0.00752909	
1.734e-08	576	0.041492	-0.11191	0.992852	0.52303	0.526958	0.168766	0.084531	0.00869487	0.00667627	
1.74e-08	578	0.0987431	0.0273459	0.994737	0.530987	0.523577	0.0954445	0.0621925	0.00605296	0.0055623	
1.746e-08	580	0.0208575	0.0749634	0.996968	0.514165	0.51807	0.117042	0.0723193	0.00496079	0.0050918	
1.752e-08	582	-0.00861394	-0.0864552	0.996218	0.490993	0.520077	0.0644734	0.0750997	0.00661641	0.0059559	
1.758e-08	584	0.071123	0.112889	0.991059	0.514816	0.516729	0.0963492	0.0571067	0.00617579	0.00459915	
1.764e-08	586	-0.00466497	0.0354521	0.99936	0.518291	0.511261	0.0764113	0.0711596	0.00674775	0.00593103	
1.77e-08	588	-0.0622024	-0.0232441	0.997793	0.524232	0.507583	0.0618114	0.0877275	0.00550335	0.00486269	
1.776e-08	590	-0.121879	0.125848	0.984534	0.52528	0.504423	0.0769783	0.109739	0.0117082	0.0122109	
1.782e-08	592	-0.101701	0.0457342	0.993763	0.502403	0.50185	0.104013	0.11257	0.00842087	0.00817264	
1.788e-08	594	0.192158	-0.0146967	0.981254	0.491311	0.496422	0.0798065	0.123296	0.0102106	0.00775724	
1.794e-08	596	-0.185649	0.0190048	0.982432	0.499694	0.493225	0.131253	0.0420414	0.00710188	0.00647244	
1.8e-08	598	0.129561	-0.0565238	0.989959	0.489766	0.492816	0.113501	0.0712688	0.0110349	0.00905277	
1.806e-08	600	-0.0271062	-0.0162949	0.9995	0.482527	0.481799	0.0831676	0.0986366	0.00742262	0.0067243	
1.812e-08	602	0.0125437	-0.121432	0.992521	0.468987	0.480189	0.074483	0.100142	0.010596	0.0088654	
1.818e-08	604	0.0452943	0.0354308	0.998345	0.498314	0.479226	0.0486825	0.105045	0.00735613	0.00741316	
1.824e-08	606	-0.0820568	-0.0357218	0.995987	0.460529	0.474933	0.0822945	0.0725135	0.00715675	0.00654369	
1.83e-08	608	-0.0713673	0.0185061	0.997278	0.483906	0.471893	0.107316	0.133667	0.00705965	0.00547983	
1.836e-08	610	-0.0835778	-0.159006	0.983734	0.472357	0.464279	0.0918774	0.173954	0.012472	0.0110232	
1.842e-08	612	-0.0877613	-0.0930775	0.991784	0.452821	0.462233	0.1005	0.0661341	0.0107115	0.0114134	
1.848e-08	614	0.110216	0.0774721	0.990884	0.468294	0.456856	0.0906045	0.0793988	0.00886693	0.00961707	
1.854e-08	616	0.0502464	0.201807	0.978136	0.444869	0.44869	0.104149	0.112479	0.00995509	0.00858346	
1.86e-08	618	-0.070564	0.297154	0.952218	0.432712	0.444924	0.104961	0.105505	0.0106418	0.00772419	
1.866e-08	620	0.0159351	0.024462	0.999574	0.428807	0.438438	0.0750562	0.125873	0.012205	0.0107832	
1.872e-08	622	0.207248	-0.0262555	0.977936	0.416852	0.438125	0.0971249	0.0740435	0.00856656	0.00712261	
1.878e-08	624	0.0547256	0.0509109	0.997203	0.396228	0.43716	0.0986217	0.0872792	0.0100776	0.0110933	
1.884e-08	626	-0.067504	-0.17062	0.983022	0.434167	0.428158	0.101617	0.0696455	0.0124597	0.00835889	
1.89e-08	628	0.0347047	0.157448	0.986917	0.410009	0.423186	0.121133	0.0927772	0.0100967	0.0115928	
1.896e-08	630	0.0285403	-0.10434	0.994132	0.426873	0.416981	0.0767714	0.0958931	0.0106546	0.00890059	
1.902e-08	632	0.148701	0.0998873	0.983824	0.414016	0.417003	0.08265	0.0970934	0.00781813	0.00744548	
1.908e-08	634	0.113632	0.0406812	0.99269	0.393811	0.403826	0.128103	0.0515722	0.0171987	0.013646	
1.914e-08	636	-0.0938485	-0.151586	0.983979	0.417058	0.400898	0.0885364	0.10264	0.0103915	0.00928182	
1.92e-08	638	-0.010118	0.0663292	0.997746	0.410842	0.397424	0.115515	0.0790623	0.0137654	0.0126314	
1.926e-08	640	-0.0226639	-0.0508589	0.998449	0.382263	0.393784	0.100146	0.0881604	0.011589	0.0114986	
1.932e-08	642	-0.00774658	-0.238602	0.971087	0.39184	0.388964	0.0992085	0.151207	0.0145726	0.0116618	
1.938e-08	644	-0.146059	-0.190597	0.970742	0.390965	0.378981	0.093346	0.0882851	0.0184088	0.0176019	
1.944e-08	646	0.050845	0.0724594	0.996075	0.385907	0.377727	0.0823081	0.0602293	0.0149643	0.0145805	
1.95e-08	648	0.147343	0.232171	0.96145	0.379511	0.371972	0.1146	0.142633	0.0170809	0.0120734	
1.956e-08	650	0.188935	0.0638337	0.979913	0.368997	0.361527	0.0714406	0.0671044	0.0133743	0.0132059	
1.962e-08	652	-0.0145151	-0.0953774	0.995335	0.382276	0.352003	0.107244	0.135521	0.0400184	0.0315183	
1.968e-08	654	-0.114139	-0.223248	0.968056	0.329413	0.348693	0.130225	0.192311	0.0244872	0.0174736	
1.974e-08	656	0.201591	-0.315941	0.927115	0.323078	0.349311	0.0845496	0.0909137	0.0252905	0.0193284	
1.98e-08	658	-0.0426403	-0.179374	0.982856	0.321873	0.331463	0.0750166	0.138983	0.0386364	0.0329462	
1.986e-08	660	-0.179573	0.0774662	0.98069	0.32557	0.334248	0.102283	0.0727852	0.0148815	0.0129169	
1.992e-08	662	0.0621418	0.0113442	0.998003	0.337289	0.330188	0.0863105	0.0819412	0.0150753	0.0161104	
1.998e-08	664	-0.0208672	0.0195293	0.999592	0.347752	0.31317	0.122449	0.219531	0.154029	0.0300458	
2.004e-08	666	-0.212125	-0.0437665	0.976262	0.290293	0.312244	0.132379	0.0661412	0.0214019	0.0225854	
2.01e-08	668	-0.132519	-0.153168	0.979274	0.303107	0.306419	0.106987	0.0637986	0.0322724	0.0295427	
2.016e-08	670	-0.100114	-0.0958672	0.990347	0.315804	0.293931	0.0734251	0.0729329	0.0244525	0.0224377	
2.022e-08	672	0.19494	-0.0813865	0.977433	0.252307	0.288884	0.114336	0.0968799	0.0251334	0.0273554	
2.028e-08	674	-0.334148	-0.00338848	0.942515	0.210844	0.27266	0.114366	0.114036	0.064315	0.0538034	
2.034e-08	676	0.270437	0.113092	0.956072	0.238401	0.262551	0.101621	0.158042	0.0385789	0.0288787	
2.04e-08	678	0.113043	0.116676	0.986716	0.251489	0.253076	0.111882	0.11018	0.0467787	0.0342561	
2.046e-08	680	-0.0338467	-0.35233	0.935264	0.203408	0.250033	0.0789355	0.103953	0.08598	0.0439601	
2.052e-08	682	-0.0836792	0.188779	0.978448	0.226307	0.237128	0.0980802	0.0725537	0.0646875	0.0492906	
2.058e-08	684	0.224825	-0.532344	0.816127	0.162122	0.215825	0.11124	0.0925856	0.0705378	0.0565081	
2.064e-08	686	-0.221117	-0.15684	-0.962553	0.207833	0.20558	0.0930372	0.127972	1.12994	0.0656794	
2.07e-08	688	-0.198108	0.0438446	0.979199	0.229665	0.19715	0.0780617	0.123344	1.2201	0.0912973	
2.076e-08	690	-0.406675	0.190252	-0.893543	0.119584	0.207236	0.175281	0.0958372	0.048909	0.0445587	
2.082e-08	692	-0.162631	-0.0950405	-0.982099	0.246915	0.190732	0.109012	0.116693	0.0670518	0.0565046	
2.088e-08	694	-0.291593	0.0288998	0.956106	0.197877	0.188265	0.0696808	0.0736656	0.0890593	0.0715211	
2.094e-08	696	-0.532723	0.721787	-0.441849	0.0379854	0.129522	0.0673582	0.145701	0.486534	0.107532	
2.1e-08	698	0.229181	-0.16337	-0.959576	0.104404	0.155937	0.0756238	0.18769	0.675004	0.0322469	
2.106e-08	700	0.0511042	-0.514781	-0.855797	0.1471	0.132494	0.105488	0.144901	0.480585	0.0589604	
2.112e-08	702	0.105135	-0.926234	0.36199	0.0684487	0.120572	0.0584846	0.0704154	0.310409	0.0605591	
2.118e-08	704	-0.192908	0.146597	-0.970204	0.199616	0.115776	0.088398	0.0803503	0.407386	0.0665855	
2.124e-08	706	0.409058	-0.457195	-0.789712	0.122193	0.108838	0.0996981	0.0745995	0.307322	0.0543629	
2.13e-08	708	0.152931	-0.895444	0.418081	0.0806797	0.104543	0.111118	0.0535168	0.295819	0.0515839	
2.136e-08	710	-0.684583	0.450985	0.572677	0.0836838	0.0870269	0.0772634	0.0983265	0.135483	0.0389323	
2.142e-08	712	0.00605974	0.497112	0.867665	0.0998154	0.0966635	0.0936935	0.076231	0.204839	0.0384423	
2.148e-08	714	-0.575422	0.747642	0.331544	0.0197973	0.0798054	0.0513537	0.067187	0.170819	0.0501027	
2.154e-08	716	0.00367146	0.0649867	-0.997879	0.0739269	0.0666028	0.0585103	0.0534883	0.0761748	0.031545	
2.16e-08	718	-0.603811	-0.470605	0.643384	0.055065	0.0857841	0.0658793	0.09228	0.125284	0.0248487	
2.166e-08	720	0.46005	0.878051	0.131836	0.0760255	0.0714413	0.0455366	0.0782515	0.0924021	0.0392254	
2.172e-08	722	-0.0522185	-0.911114	-0.408833	0.053488	0.0646153	0.0519188	0.0403719	0.0878212	0.0265826	
2.178e-08	724	0.768248	0.524365	-0.3672	0.0333611	0.0647847	0.0609775	0.0462738	0.0682809	0.0208429	
2.184e-08	726	0.0485016	0.501934	-0.863545	0.0900654	0.0579301	0.0458088	0.0359331	0.0579551	0.0183375	
2.19e-08	728	0.637923	0.367681	0.676657	0.0507551	0.0597862	0.035049	0.0494215	0.0664279	0.0230702	
2.196e-08	730	0.0297738	-0.437454	-0.898748	0.0781338	0.0645772	0.0495646	0.05436	0.0698076	0.0221103	
2.202e-08	732	0.804495	-0.582745	-0.114878	0.0504247	0.062526	0.0319041	0.0448815	0.0787077	0.0156268	
2.208e-08	734	0.937795	-0.201933	-0.282425	0.0409461	0.0478306	0.0414985	0.0242229	0.0355114	0.0223735	
2.214e-08	736	0.172232	-0.4004	0.900009	0.0460547	0.0502797	0.0202851	0.0406775	0.0459559	0.0161509	
2.22e-08	738	-0.584378	-0.562471	0.584917	0.0190821	0.0510704	0.0293507	0.0298935	0.051334	0.0166017	
2.226e-08	740	0.759555	0.623076	-0.186686	0.0507298	0.0488365	0.0302687	0.0335567	0.0305106	0.0165195	
2.232e-08	742	-0.808167	0.530501	0.255802	0.0660557	0.0533808	0.0351771	0.0521407	0.0287383	0.0168696	
2.238e-08	744	0.328163	0.255586	0.909387	0.0449264	0.0485	0.0378257	0.0416412	0.0237436	0.0193163	
2.244e-08	746	-0.519747	0.410983	0.74897	0.0781872	0.0537867	0.0425118	0.0290549	0.0439676	0.0127096	
2.25e-08	748	0.0554324	0.986041	0.157004	0.0540446	0.0445953	0.0173421	0.0243507	0.0382914	0.0125305	
2.256e-08	750	0.827574	0.0433281	-0.559682	0.027713	0.0434678	0.0214277	0.0232849	0.0318852	0.00895277	
2.262e-08	752	0.343481	0.813048	0.470079	0.0514848	0.044857	0.0211003	0.0190755	0.0387582	0.00915863	
2.268e-08	754	-0.424986	-0.30433	-0.852508	0.0489611	0.0432536	0.0225429	0.0216872	0.0297363	0.0125416	
2.274e-08	756	0.957086	0.0470065	0.285966	0.0201604	0.0369565	0.0148295	0.0155426	0.0217764	0.00559094	
2.28e-08	758	-0.800892	-0.389031	0.455221	0.0679504	0.0406645	0.014884	0.029097	0.0234491	0.00943501	
2.286e-08	760	-0.80626	-0.352393	-0.475146	0.0514187	0.0403127	0.0226713	0.0258215	0.0153508	0.00768571	
2.292e-08	762	0.634598	-0.0382768	-0.771894	0.0243761	0.0444948	0.0214113	0.0183885	0.0370645	0.0102396	
2.298e-08	764	-0.810124	-0.586226	0.00627316	0.0455406	0.0357551	0.0170233	0.0145527	0.0148748	0.00501578	
2.304e-08	766	0.111349	-0.960471	-0.255141	0.0388758	0.0425562	0.02522	0.0201283	0.0259093	0.00810806	
2.31e-08	768	0.651717	0.224559	0.724457	0.0254845	0.0425937	0.0255418	0.0148255	0.0327645	0.0102804	
2.316e-08	770	0.49606	0.142019	-0.856595	0.0775337	0.0400668	0.0160933	0.0192515	0.032641	0.013806	
2.322e-08	772	-0.602713	-0.797688	-0.0207865	0.0386632	0.0391164	0.0268063	0.0154771	0.0227418	0.0130498	
2.328e-08	774	-0.365436	0.922246	-0.126173	0.0465883	0.0375394	0.0159678	0.0188947	0.0208519	0.00843646	
2.334e-08	776	0.667886	0.555971	0.494797	0.0526382	0.0318619	0.0101234	0.0106649	0.0188513	0.00594275	
2.34e-08	778	-0.443381	0.658687	0.607902	0.0181641	0.0388193	0.0200982	0.017192	0.0235585	0.00935094	
2.346e-08	780	0.683355	0.725641	-0.0804502	0.0270511	0.0373117	0.0181712	0.0194262	0.0214406	0.0116973	
2.352e-08	782	0.325064	0.892094	0.313851	0.0453262	0.0333815	0.013105	0.0119294	0.0131648	0.0041427	
2.358e-08	784	0.858765	0.497992	0.120531	0.0614401	0.0349217	0.011277	0.0143419	0.0239701	0.00788187	
2.364e-08	786	0.859589	0.0309483	-0.510048	0.051698	0.0321831	0.0123595	0.0157592	0.0156356	0.00894576	
2.37e-08	788	-0.920428	0.38632	-0.0597464	0.0342171	0.0346018	0.0149492	0.0140515	0.0157691	0.00512589	
2.376e-08	790	0.665539	-0.628216	-0.402992	0.042572	0.0306616	0.0114214	0.0115172	0.0133101	0.00467018	
2.382e-08	792	0.386519	0.794012	0.469199	0.0339083	0.0318652	0.0157646	0.0101371	0.0130231	0.00624978	
2.388e-08	794	-0.304412	0.949976	-0.0698453	0.0297153	0.0314297	0.011058	0.012316	0.0148607	0.00522388	
2.394e-08	796	0.313783	-0.653094	0.689209	0.0611509	0.0324828	0.00991579	0.0116729	0.020166	0.00751923	
2.4e-08	798	-0.103779	0.117845	-0.987594	0.0407103	0.0356108	0.0144935	0.0171844	0.017704	0.00813024	
2.406e-08	800	-0.247672	-0.826509	-0.505512	0.0324447	0.0293749	0.00702655	0.0102913	0.0130325	0.00369583	
2.412e-08	802	-0.191983	-0.919107	-0.344072	0.0325491	0.0304899	0.0096676	0.00834393	0.0201728	0.00728711	
2.418e-08	804	-0.395293	-0.443157	0.804584	0.0414649	0.0313948	0.0118587	0.00912589	0.017054	0.00574647	
2.424e-08	806	-0.243394	-0.103843	-0.964353	0.040931	0.0317199	0.0108921	0.0134827	0.0136193	0.00480627	
2.43e-08	808	0.863585	0.490834	0.115335	0.0407518	0.034398	0.0144073	0.0135571	0.0145045	0.00378687	
2.436e-08	810	-0.98701	-0.0607619	-0.148723	0.0344749	0.0271019	0.0108028	0.00935137	0.00740671	0.00374973	
2.442e-08	812	-0.346708	0.757307	-0.553425	0.0357787	0.0288021	0.00977855	0.0121877	0.00864174	0.00448162	
2.448e-08	814	-0.603261	0.578153	0.549377	0.0470918	0.0292057	0.0117916	0.00940309	0.00829928	0.00424516	
2.454e-08	816	0.506383	0.0149437	-0.862179	0.0386108	0.0298972	0.0117496	0.00700373	0.0148685	0.00500952	
2.46e-08	818	0.0317601	-0.999178	-0.0251795	0.0196932	0.0249478	0.00960403	0.00536116	0.00799042	0.00329424	
2.466e-08	820	-0.164284	0.946769	-0.276839	0.0250113	0.033502	0.00785829	0.0163763	0.0192994	0.00757484	
2.472e-08	822	-0.744368	-0.0660825	-0.664492	0.0489915	0.0333075	0.01421	0.0113289	0.0133232	0.00338895	
2.478e-08	824	0.449743	-0.161664	0.878405	0.0347443	0.0281655	0.0088954	0.0123727	0.00870103	0.00466369	
2.484e-08	826	0.19079	0.946678	0.259615	0.0227306	0.0278544	0.00814412	0.00855418	0.0103398	0.00353915	
2.49e-08	828	-0.467449	-0.756332	0.457662	0.0104004	0.028797	0.0111971	0.00897994	0.00720217	0.00415869	
2.496e-08	830	0.573678	-0.390842	-0.719817	0.0349384	0.0278215	0.00576064	0.0141053	0.00813184	0.00302962	
2.502e-08	832	0.711341	0.70184	0.0376209	0.0298352	0.0309597	0.0108525	0.00965041	0.0128847	0.00446385	
2.508e-08	834	0.797264	-0.519818	0.306854	0.033751	0.0264672	0.00679303	0.00786473	0.0101333	0.00236811	
2.514e-08	836	-0.998088	-0.0239475	0.0569851	0.0271087	0.0251903	0.00634455	0.00578006	0.00996314	0.00234161	
2.52e-08	838	-0.277221	0.585013	0.762173	0.0317365	0.025057	0.00601708	0.00875462	0.00850965	0.00353678	
2.526e-08	840	0.28142	0.72599	0.627489	0.00761917	0.026944	0.0069031	0.00536149	0.0134296	0.00344242	
2.532e-08	842	0.905173	-0.143601	-0.40005	0.0338771	0.0263231	0.00840334	0.00883837	0.00754637	0.00315487	
2.538e-08	844	0.735376	0.134603	0.664157	0.0161817	0.0239022	0.00374066	0.00905435	0.00860826	0.00376373	
2.544e-08	846	-0.930092	-0.365296	0.038571	0.029485	0.0247912	0.00652677	0.00655149	0.00779425	0.00172143	
2.55e-08	848	0.420906	-0.0365866	-0.906366	0.0155076	0.0227888	0.00612154	0.00643212	0.0073074	0.00362129	
2.556e-08	850	0.456704	-0.600183	-0.65666	0.0351823	0.0227176	0.00619297	0.00555465	0.00627514	0.00220634	
2.562e-08	852	-0.0531845	-0.903967	0.424281	0.0471019	0.0256508	0.00654226	0.00823427	0.00860542	0.00272492	
2.568e-08	854	-0.928369	-0.33941	0.151434	0.00385413	0.0253896	0.00716792	0.00685168	0.00844881	0.00273725	
2.574e-08	856	-0.517739	0.0759483	0.852161	0.0307304	0.0241008	0.00465736	0.00685215	0.0099235	0.00379111	
2.58e-08	858	-0.656803	0.700699	-0.278621	0.0199976	0.027007	0.00673197	0.00950982	0.00728228	0.0022807	
2.586e-08	860	-0.813271	-0.579915	-0.0478379	0.0300987	0.0264308	0.00893759	0.008276	0.00969179	0.00590038	
2.592e-08	862	-0.314762	-0.896659	-0.311331	0.0356396	0.0206277	0.00336024	0.00683052	0.00471969	0.00170206	
2.598e-08	864	0.643799	0.15887	0.748521	0.0145048	0.0229627	0.00658251	0.00619531	0.00616198	0.00303854	
2.604e-08	866	-0.45787	-0.184743	0.869612	0.0284188	0.024969	0.00791884	0.00699839	0.00666137	0.00296304	
2.61e-08	868	-0.570261	0.0611966	-0.819181	0.0194852	0.0266173	0.00659933	0.00826988	0.011433	0.00462528	
2.616e-08	870	-0.95233	0.0388792	0.302583	0.0347661	0.0245947	0.00724367	0.00665105	0.00627681	0.00197327	
2.622e-08	872	-0.00624132	0.98421	-0.176893	0.0274564	0.0223172	0.00467836	0.00608643	0.00661886	0.0024477	
2.628e-08	874	-0.0755714	-0.958244	-0.275783	0.00725757	0.0240447	0.00746467	0.00446559	0.00695277	0.00143676	
2.634e-08	876	0.814056	0.461513	0.352588	0.0116811	0.0262075	0.00798249	0.00942068	0.00536447	0.00347388	
2.64e-08	878	0.262658	-0.375158	0.88897	0.0473193	0.0243961	0.00382427	0.00982582	0.00631768	0.00310041	
2.646e-08	880	-0.820402	-0.0411638	0.570304	0.0218702	0.021994	0.00504666	0.00622022	0.00554657	0.00213985	
2.652e-08	882	-0.942915	-0.193289	0.271201	0.00888288	0.019517	0.00330301	0.00517241	0.00538814	0.00229935	
2.658e-08	884	0.114631	0.968203	-0.222359	0.0188732	0.0217453	0.00499139	0.00529682	0.00628061	0.00344866	
2.664e-08	886	0.319811	0.189774	0.928282	0.0193916	0.0194907	0.00533654	0.0034202	0.00367269	0.001152	
2.67e-08	888	-0.796831	-0.600767	-0.0643409	0.00959131	0.0218189	0.00771817	0.00421385	0.00361501	0.00241395	
2.676e-08	890	0.608816	-0.0700045	0.790217	0.0225607	0.0277733	0.00841005	0.00712458	0.00835362	0.00198826	
2.682e-08	892	-0.528389	-0.472908	0.705098	0.0127539	0.0236345	0.00521793	0.00596365	0.00909159	0.00356443	
2.688e-08	894	-0.547321	0.816411	0.184156	0.00676313	0.0229609	0.00583975	0.00634859	0.00685518	0.00341761	
2.694e-08	896	0.124386	-0.855476	0.502681	0.0169994	0.0205327	0.00339845	0.00838082	0.0036424	0.0029233	
2.7e-08	898	0.285278	0.958133	0.0244639	0.0263988	0.0246974	0.00564667	0.0070267	0.00909838	0.00359957	
2.706e-08	900	0.744163	0.626734	-0.23114	0.021591	0.020849	0.00492123	0.00408039	0.00639302	0.00277072	
