#----------------------------------------------------------------------------------------------------------------------------------------------------------
# Output file for vampire simulation
#   time       : 2024-08-29 04:57:11     process id : 4009418
#   hostname   : node120.viking2.yor.alces.network
#   path       : /users/ky883/parameter/WS_dia5/AI_Dataset/size_8.0_8.0_9.0/Temp_900/random_1
#----------------------------------------------------------------------------------------------------------------------------------------------------------
6e-11	0	-0.0129972	0.00351533	0.999909	0.999917	0.999892	0	0	0	0	
1.2e-10	2	0.00102454	-0.000337207	0.999999	0.998997	0.998968	0.0419628	0.0360894	2.98737e-06	2.59614e-06	
1.8e-10	4	0.00224155	-0.00236608	0.999995	0.997911	0.997936	0.0638947	0.0410234	1.08528e-05	9.42346e-06	
2.4e-10	6	-0.00122328	0.00551003	0.999984	0.996961	0.996902	0.0592927	0.0528563	1.65155e-05	1.60669e-05	
3e-10	8	-0.00584277	0.00510075	0.99997	0.995815	0.995852	0.0362561	0.0520876	2.22502e-05	2.14812e-05	
3.6e-10	10	-0.00304738	-0.000886504	0.999995	0.994799	0.994796	0.0631256	0.0499579	2.32578e-05	1.94947e-05	
4.2e-10	12	-0.000259556	-0.00221364	0.999998	0.993795	0.99378	0.0301869	0.0442865	1.87193e-05	1.66003e-05	
4.8e-10	14	0.00366132	0.000219876	0.999993	0.992882	0.992767	0.0467921	0.0645278	2.35165e-05	2.20207e-05	
5.4e-10	16	-0.00721167	-0.00311173	0.999969	0.991846	0.991723	0.0470155	0.0421817	3.16092e-05	2.98563e-05	
6e-10	18	-0.00145997	0.00252009	0.999996	0.990854	0.990719	0.0862298	0.0671065	5.72538e-05	5.26108e-05	
6.6e-10	20	-0.00485655	-0.000249182	0.999988	0.989646	0.989615	0.0297833	0.0795888	4.13839e-05	3.45947e-05	
7.2e-10	22	0.00642465	-0.00180878	0.999978	0.988666	0.988628	0.0550903	0.0689981	4.03673e-05	3.58123e-05	
7.8e-10	24	0.00731263	0.00315251	0.999968	0.987617	0.987507	0.0662595	0.0858194	7.17818e-05	6.18779e-05	
8.4e-10	26	-0.00229925	0.00260696	0.999994	0.986448	0.986463	0.0274185	0.0544676	5.6175e-05	5.80239e-05	
9e-10	28	-0.00404893	-0.0052658	0.999978	0.985685	0.98546	0.0398704	0.0527519	6.25728e-05	6.25464e-05	
9.6e-10	30	0.000611886	0.00569076	0.999984	0.984295	0.984449	0.0441925	0.0711833	5.04425e-05	4.60857e-05	
1.02e-09	32	0.00463886	-0.00300818	0.999985	0.983216	0.983351	0.0385352	0.0395135	6.41314e-05	5.85791e-05	
1.08e-09	34	-0.00490425	0.00597247	0.99997	0.981855	0.982222	0.0388605	0.0363209	5.71215e-05	6.03893e-05	
1.14e-09	36	0.00538452	0.00252989	0.999982	0.981144	0.981207	0.0270498	0.0531869	4.99328e-05	4.33522e-05	
1.2e-09	38	0.00417978	0.0140211	0.999893	0.979347	0.980163	0.0516185	0.0522378	0.000107091	0.000102128	
1.26e-09	40	0.00235145	-0.00552739	0.999982	0.97922	0.97909	0.0354699	0.073639	9.20888e-05	7.39921e-05	
1.32e-09	42	-0.0093835	0.00412102	0.999947	0.97803	0.978047	0.0396284	0.0489719	0.0001346	0.000125813	
1.38e-09	44	-0.00372713	-0.0110899	0.999932	0.976917	0.977027	0.0429863	0.0570843	6.14408e-05	6.70487e-05	
1.44e-09	46	-0.0117422	0.00701775	0.999906	0.976186	0.975874	0.0802674	0.0584734	9.39639e-05	8.18787e-05	
1.5e-09	48	-0.0127167	0.00705297	0.999894	0.974337	0.974724	0.0704107	0.0492595	0.000114693	0.000122552	
1.56e-09	50	0.0041718	-0.0114849	0.999925	0.9736	0.973781	0.0464736	0.070619	0.000114747	9.32725e-05	
1.62e-09	52	0.00219821	0.0102411	0.999945	0.972576	0.972631	0.0759512	0.0375574	9.49144e-05	0.000103365	
1.68e-09	54	-0.00664355	-0.0150997	0.999864	0.972149	0.971777	0.038197	0.0470436	0.000123508	0.000112678	
1.74e-09	56	-0.0106669	0.00251541	0.99994	0.971159	0.970437	0.0402925	0.0418445	0.000157229	0.000147895	
1.8e-09	58	0.00127905	-0.00177805	0.999998	0.969574	0.96952	0.0397518	0.0378327	5.00812e-05	4.73222e-05	
1.86e-09	60	-0.0073793	0.00517079	0.999959	0.968418	0.968127	0.029816	0.0811191	8.51795e-05	7.5923e-05	
1.92e-09	62	0.00739322	0.00348872	0.999967	0.96773	0.967256	0.0492985	0.0580021	0.000185789	0.000174871	
1.98e-09	64	0.00832681	-0.00187681	0.999964	0.965795	0.966139	0.0540733	0.0507038	0.000186272	0.000164761	
2.04e-09	66	-0.00467592	0.0098609	0.99994	0.964787	0.965109	0.0489792	0.0742444	0.000105919	8.83892e-05	
2.1e-09	68	0.00142378	0.00754285	0.999971	0.963841	0.964018	0.0361537	0.0488247	9.9978e-05	0.000104874	
2.16e-09	70	-0.00171785	-0.00437053	0.999989	0.962967	0.963067	0.0655221	0.0507842	0.000157236	0.000155997	
2.22e-09	72	0.00567759	0.00171323	0.999982	0.962095	0.961933	0.114886	0.0434542	0.000138842	9.77252e-05	
2.28e-09	74	0.00396993	-0.0115971	0.999925	0.960776	0.960594	0.0864177	0.0465086	0.000231914	0.000223613	
2.34e-09	76	-0.00724758	0.00716019	0.999948	0.959839	0.959592	0.0342481	0.0435841	0.000103604	0.00010055	
2.4e-09	78	-0.0104452	-0.0059536	0.999928	0.95797	0.958493	0.0476903	0.0621635	0.000311055	0.000306846	
2.46e-09	80	0.000300102	-0.00195476	0.999998	0.957608	0.957386	0.0603296	0.0536466	0.000249121	0.000230408	
2.52e-09	82	0.00524137	0.00258212	0.999983	0.956963	0.956111	0.0517322	0.0830882	0.000276874	0.000246315	
2.58e-09	84	-0.0040153	-0.010272	0.999939	0.954758	0.95526	0.0952101	0.0521641	0.000211913	0.000188795	
2.64e-09	86	0.00710853	0.000314217	0.999975	0.954626	0.954258	0.0491125	0.0331214	0.000129351	0.000128099	
2.7e-09	88	0.00572219	-0.00461325	0.999973	0.95344	0.952956	0.0437145	0.0613818	0.000263984	0.000235504	
2.76e-09	90	-0.0129061	-0.0128234	0.999834	0.951118	0.951905	0.0556199	0.0586695	0.000164703	0.000176572	
2.82e-09	92	0.0188626	0.00139913	0.999821	0.950998	0.950766	0.0799086	0.0570134	0.000223156	0.000210671	
2.88e-09	94	-0.00681399	0.00763041	0.999948	0.949911	0.949643	0.0690913	0.0406768	0.000157597	0.00012642	
2.94e-09	96	0.0283445	-0.0145751	0.999492	0.948812	0.948684	0.0475452	0.0708728	0.000264	0.000236679	
3e-09	98	-0.0057168	-0.0406237	0.999158	0.947191	0.947314	0.0512996	0.0658555	0.000155161	0.000138069	
3.06e-09	100	0.0011043	-0.0216403	0.999765	0.946536	0.946229	0.0625757	0.0677427	0.000298449	0.000297247	
3.12e-09	102	0.0298311	0.0193788	0.999367	0.9456	0.945152	0.0616631	0.0578352	0.000185559	0.000189995	
3.18e-09	104	0.00123538	0.00859363	0.999962	0.94383	0.944416	0.0673235	0.0468082	0.000262889	0.000300189	
3.24e-09	106	0.0119994	-0.0163317	0.999795	0.940855	0.94308	0.0614408	0.0601989	0.000307744	0.000311085	
3.3e-09	108	0.0113187	0.00292606	0.999932	0.9415	0.941571	0.0719783	0.0632479	0.000202352	0.00020823	
3.36e-09	110	0.0149955	0.0270459	0.999522	0.941772	0.940455	0.0502968	0.0583906	0.000135303	0.000159073	
3.42e-09	112	0.0161361	0.00894656	0.99983	0.939933	0.939653	0.0314154	0.0432788	0.000146846	0.000161398	
3.48e-09	114	0.0070141	-0.0211976	0.999751	0.938534	0.93862	0.0396209	0.0862783	0.000213582	0.000184957	
3.54e-09	116	0.00351976	-0.0153584	0.999876	0.938168	0.937354	0.0653791	0.0538927	0.000247443	0.000223921	
3.6e-09	118	-0.00728196	0.00926597	0.999931	0.935468	0.936339	0.0478854	0.0675563	0.000129645	0.000138003	
3.66e-09	120	-0.00658838	0.0180126	0.999816	0.933944	0.934862	0.0726962	0.0550208	0.000227578	0.000247453	
3.72e-09	122	-0.00219413	0.0266049	0.999644	0.932967	0.933738	0.0546518	0.0660635	0.000358738	0.000332058	
3.78e-09	124	-0.0107882	0.0323362	0.999419	0.932661	0.932525	0.0373672	0.0482364	0.000319984	0.000312583	
3.84e-09	126	-0.0201965	0.017833	0.999637	0.930264	0.931332	0.056796	0.0636103	0.000280106	0.000266542	
3.9e-09	128	-0.0270348	-0.0196816	0.999441	0.929551	0.930535	0.0818968	0.0447484	0.000408412	0.000376042	
3.96e-09	130	0.0184298	0.00777852	0.9998	0.930957	0.929409	0.0776855	0.0623188	0.000301795	0.000274153	
4.02e-09	132	-0.020558	0.0110054	0.999728	0.92675	0.927963	0.0369978	0.0697293	0.000382359	0.000354789	
4.08e-09	134	-0.00786912	0.0127137	0.999888	0.927467	0.926598	0.0686029	0.0692467	0.00054236	0.000475072	
4.14e-09	136	0.0119431	0.00829586	0.999894	0.924979	0.925709	0.0425316	0.0796998	0.000291096	0.000242114	
4.2e-09	138	-0.00954992	-0.0184687	0.999784	0.926401	0.924556	0.0944677	0.0734072	0.000412148	0.000412501	
4.26e-09	140	0.00425524	0.0166501	0.999852	0.922311	0.923049	0.0616354	0.028631	0.000306377	0.000304201	
4.32e-09	142	0.0075692	0.00855594	0.999935	0.923343	0.922037	0.060576	0.0385668	0.000479398	0.000474394	
4.38e-09	144	-0.0097978	-0.0115915	0.999885	0.919961	0.921351	0.0597158	0.0454224	0.000279771	0.000262464	
4.44e-09	146	0.0205158	0.00586126	0.999772	0.918415	0.920024	0.0541682	0.0670075	0.00042689	0.00043017	
4.5e-09	148	0.00279074	-0.0198605	0.999799	0.918258	0.918669	0.0538834	0.0592715	0.000351449	0.000379581	
4.56e-09	150	-0.0602329	-0.0162913	0.998051	0.91708	0.917577	0.0917302	0.0296442	0.00021175	0.000199811	
4.62e-09	152	0.0159321	0.0299777	0.999424	0.916733	0.916178	0.0482989	0.0488854	0.000332076	0.00033057	
4.68e-09	154	0.00827198	-0.0030572	0.999961	0.915974	0.914915	0.0498996	0.0619194	0.000435027	0.000376383	
4.74e-09	156	0.0427841	-0.0154978	0.998964	0.912938	0.914124	0.0572378	0.0349032	0.00034696	0.000346625	
4.8e-09	158	-0.0187178	0.00295075	0.99982	0.912862	0.91295	0.0479451	0.0590552	0.000372021	0.00035448	
4.86e-09	160	-0.00150417	0.025713	0.999668	0.91102	0.911876	0.0515131	0.057633	0.000763523	0.000565335	
4.92e-09	162	0.00106263	0.000324745	0.999999	0.910459	0.910346	0.052012	0.0670065	0.000384828	0.00036135	
4.98e-09	164	0.0284191	-0.0167207	0.999456	0.909329	0.909012	0.0642361	0.0649559	0.000545794	0.000513236	
5.04e-09	166	0.0325238	0.0301593	0.999016	0.909637	0.90802	0.0567969	0.0302404	0.000728299	0.000629307	
5.1e-09	168	-0.0270139	-0.0152078	0.999519	0.909006	0.907002	0.0615702	0.0423451	0.000437887	0.000429638	
5.16e-09	170	0.0138893	-0.0447748	0.998901	0.906888	0.905703	0.0357877	0.117056	0.000437606	0.000428119	
5.22e-09	172	-0.0300736	0.000147601	0.999548	0.903247	0.904673	0.0868619	0.0910808	0.000411735	0.000358351	
5.28e-09	174	0.00899455	0.02965	0.99952	0.905172	0.903416	0.0586277	0.057164	0.000904463	0.000777857	
5.34e-09	176	-0.0208809	0.0120605	0.999709	0.902818	0.902227	0.0527245	0.0522005	0.000420526	0.000404997	
5.4e-09	178	-0.030069	-0.00205646	0.999546	0.902745	0.900542	0.0521463	0.0380199	0.000379729	0.000395728	
5.46e-09	180	-0.0300484	-0.0227546	0.999289	0.897974	0.899572	0.0701762	0.0425716	0.000451563	0.000443936	
5.52e-09	182	0.00115939	-0.00698824	0.999975	0.897846	0.898227	0.0477874	0.0684284	0.000427207	0.000364776	
5.58e-09	184	0.00407468	-0.033593	0.999427	0.894821	0.896953	0.0625169	0.0533618	0.000584779	0.000552522	
5.64e-09	186	-0.0255871	-0.0545759	0.998182	0.896787	0.896463	0.0590002	0.0742439	0.000515134	0.000517963	
5.7e-09	188	-0.018044	0.0109178	0.999778	0.894904	0.894795	0.0292205	0.0502185	0.000509212	0.000456309	
5.76e-09	190	0.0083726	-0.00848967	0.999929	0.890474	0.893438	0.0465543	0.0356968	0.000652359	0.000645409	
5.82e-09	192	0.0162498	0.0222266	0.999621	0.892129	0.892593	0.0492372	0.0913923	0.000376163	0.000295372	
5.88e-09	194	-0.00381129	-0.0267506	0.999635	0.891473	0.89138	0.0672924	0.106549	0.000676674	0.000578764	
5.94e-09	196	-0.0111604	-0.0100655	0.999887	0.890335	0.889748	0.0501039	0.0684972	0.000532523	0.000537838	
6e-09	198	0.0253514	-0.00669224	0.999656	0.889444	0.888758	0.0721659	0.0653378	0.000491793	0.000464934	
6.06e-09	200	-0.00261411	0.0136745	0.999903	0.88815	0.88767	0.0587602	0.0367707	0.000337526	0.000345103	
6.12e-09	202	0.00602825	-0.0143817	0.999878	0.884631	0.885886	0.050944	0.0511474	0.000775438	0.000731038	
6.18e-09	204	0.00185556	-0.006913	0.999974	0.88904	0.885534	0.044902	0.036445	0.000757545	0.000750635	
6.24e-09	206	-0.000172114	-0.0142345	0.999899	0.885222	0.883665	0.0752053	0.0707192	0.000646159	0.000639363	
6.3e-09	208	-0.0230786	0.0203049	0.999527	0.880491	0.882604	0.0809491	0.0464055	0.00051234	0.00045176	
6.36e-09	210	0.0271221	-0.00850343	0.999596	0.883315	0.880881	0.0629722	0.0764719	0.000387778	0.000357406	
6.42e-09	212	-0.0178995	-0.00954408	0.999794	0.881265	0.880468	0.0679545	0.0708039	0.000658527	0.000618119	
6.48e-09	214	0.0240083	0.00880073	0.999673	0.880897	0.878749	0.0351706	0.0581957	0.000609305	0.00063034	
6.54e-09	216	0.00098971	0.000267946	0.999999	0.875474	0.877281	0.0762462	0.117653	0.000561636	0.000434005	
6.6e-09	218	-0.020715	0.0211702	0.999561	0.873662	0.875363	0.0221935	0.101537	0.000579965	0.000564982	
6.66e-09	220	-0.0212984	0.00843271	0.999738	0.876067	0.874515	0.076791	0.046239	0.000824412	0.000779142	
6.72e-09	222	-0.0276879	-0.0147474	0.999508	0.872309	0.873559	0.0579956	0.0502483	0.000569714	0.000520751	
6.78e-09	224	-0.0215435	-0.00662436	0.999746	0.872315	0.872193	0.0477182	0.0783935	0.000502281	0.000436713	
6.84e-09	226	-0.0347541	-0.00306564	0.999391	0.871771	0.871226	0.0707906	0.107813	0.000871964	0.000737562	
6.9e-09	228	-0.0144749	-0.00397768	0.999887	0.869093	0.869533	0.0580322	0.0401104	0.000576631	0.000646602	
6.96e-09	230	0.00724788	0.0230698	0.999708	0.869467	0.867915	0.0552549	0.0349984	0.000879666	0.00089186	
7.02e-09	232	0.0149457	-0.0630229	0.9979	0.865797	0.866806	0.0592057	0.0576846	0.00047659	0.000440862	
7.08e-09	234	-0.0339196	0.0364193	0.998761	0.866355	0.865961	0.0768307	0.0824999	0.000812407	0.000762737	
7.14e-09	236	-0.0156176	-0.0045919	0.999867	0.867171	0.865393	0.0674794	0.0482096	0.000773679	0.000702403	
7.2e-09	238	-0.00224548	-0.000549437	0.999997	0.863111	0.862667	0.0380507	0.0477102	0.000739786	0.000703819	
7.26e-09	240	0.0483865	-0.0271536	0.99846	0.861854	0.861757	0.0670412	0.0995371	0.00086101	0.000908401	
7.32e-09	242	-0.0320888	-0.0279991	0.999093	0.859234	0.860511	0.057049	0.075266	0.000568781	0.00049546	
7.38e-09	244	0.000136363	0.0273328	0.999626	0.857731	0.858751	0.11641	0.0721162	0.000572753	0.00061907	
7.44e-09	246	0.0274303	-0.0174692	0.999471	0.854067	0.857587	0.0599656	0.0509307	0.000739055	0.000818563	
7.5e-09	248	0.00616778	-0.0127715	0.999899	0.857751	0.856559	0.054434	0.0468223	0.000798523	0.000803359	
7.56e-09	250	0.0149656	-0.0387612	0.999136	0.857463	0.855756	0.0599667	0.0495657	0.000552277	0.000462069	
7.62e-09	252	0.00363636	-0.0160502	0.999865	0.853288	0.854425	0.0794985	0.0538044	0.000550463	0.00062531	
7.68e-09	254	0.0134943	0.0222889	0.99966	0.851562	0.851931	0.0562348	0.054364	0.00103446	0.000998234	
7.74e-09	256	0.015402	0.00633774	0.999861	0.853396	0.851116	0.0421129	0.0666168	0.000919615	0.000873	
7.8e-09	258	0.00140075	0.0253322	0.999678	0.849099	0.849844	0.0635963	0.0711174	0.000578615	0.000532152	
7.86e-09	260	-0.0247362	-0.00207197	0.999692	0.844511	0.848343	0.0612759	0.0549271	0.000897819	0.000854457	
7.92e-09	262	0.028442	0.014876	0.999485	0.851167	0.847065	0.0829856	0.0791253	0.000912808	0.000791043	
7.98e-09	264	0.0156413	0.0175928	0.999723	0.843522	0.846208	0.0491177	0.0846741	0.00095752	0.000831872	
8.04e-09	266	-0.0248622	0.00152158	0.99969	0.850524	0.844586	0.0670344	0.0537146	0.000872569	0.000750131	
8.1e-09	268	0.00545025	-0.0227345	0.999727	0.844067	0.84309	0.052058	0.0703783	0.00118968	0.000986294	
8.16e-09	270	0.00564929	-0.0178903	0.999824	0.838964	0.841581	0.0719168	0.0673993	0.00101444	0.000955047	
8.22e-09	272	-0.0234654	0.000508799	0.999725	0.83634	0.83992	0.0594416	0.0615092	0.000582844	0.000521158	
8.28e-09	274	0.000605267	-0.0354884	0.99937	0.841138	0.839075	0.0588332	0.0530418	0.000822819	0.000756591	
8.34e-09	276	0.0548636	0.0349182	0.997883	0.839576	0.836643	0.0414728	0.0999371	0.00069361	0.000702703	
8.4e-09	278	0.0054382	0.0349571	0.999374	0.835028	0.835823	0.0573676	0.0572372	0.000554551	0.00050141	
8.46e-09	280	0.0332815	-0.00830377	0.999412	0.838156	0.833877	0.0612287	0.0680181	0.000770389	0.000787947	
8.52e-09	282	0.0168433	0.00960089	0.999812	0.836699	0.833925	0.0577846	0.0865215	0.00078908	0.000678621	
8.58e-09	284	-0.0112449	0.00266013	0.999933	0.831361	0.831573	0.0557295	0.0856666	0.00118004	0.000969767	
8.64e-09	286	0.0117742	-0.046955	0.998828	0.832799	0.830636	0.0596368	0.0548516	0.000968316	0.000907229	
8.7e-09	288	-0.0407637	-0.0246375	0.998865	0.833809	0.82888	0.0550745	0.0963138	0.000719149	0.000696987	
8.76e-09	290	-0.00916835	0.0315303	0.999461	0.827435	0.826796	0.0257633	0.0456835	0.00103435	0.00103546	
8.82e-09	292	-0.0557491	0.0172958	0.998295	0.821011	0.826993	0.107358	0.0523687	0.00106502	0.000998632	
8.88e-09	294	0.0223203	0.00813042	0.999718	0.823754	0.825089	0.0373034	0.0580887	0.000676101	0.000684711	
8.94e-09	296	0.0252902	0.0557667	0.998123	0.818499	0.823088	0.0691218	0.0518946	0.000938145	0.000987189	
9e-09	298	0.094375	0.0287317	0.995122	0.823768	0.821519	0.079087	0.0548217	0.00117251	0.00100501	
9.06e-09	300	-0.048872	-0.0159105	0.998678	0.818535	0.820834	0.0710273	0.0710712	0.000803556	0.000778254	
9.12e-09	302	0.0303277	-0.0306762	0.999069	0.81982	0.819542	0.0763572	0.0388076	0.000793079	0.000812825	
9.18e-09	304	0.00881288	0.0277976	0.999575	0.821903	0.818372	0.0819001	0.0545262	0.00109978	0.000992929	
9.24e-09	306	-0.0529293	-0.0212633	0.998372	0.80834	0.816	0.0645107	0.0548877	0.00160363	0.00153173	
9.3e-09	308	-0.00175202	0.025866	0.999664	0.812248	0.814464	0.0433508	0.0547745	0.00117028	0.00100506	
9.36e-09	310	0.00945001	-0.0284952	0.999549	0.81672	0.813187	0.0982014	0.0607874	0.00107701	0.000910563	
9.42e-09	312	0.00667143	0.0362847	0.999319	0.814043	0.8119	0.0551355	0.107733	0.00132258	0.00131318	
9.48e-09	314	-0.0644981	-0.0486597	0.996731	0.815236	0.809872	0.0729348	0.0911277	0.00115218	0.00108767	
9.54e-09	316	-0.0576246	-0.00334687	0.998333	0.812988	0.808577	0.0969087	0.0762716	0.00136723	0.0011253	
9.6e-09	318	0.033603	-0.00435172	0.999426	0.8073	0.806633	0.0564228	0.0505867	0.000840529	0.000783739	
9.66e-09	320	-0.00653759	-0.029972	0.999529	0.79971	0.806041	0.0490091	0.0480964	0.00073967	0.000724203	
9.72e-09	322	-0.00382034	-0.0446056	0.998997	0.803477	0.804976	0.06566	0.0949308	0.00141241	0.0013209	
9.78e-09	324	0.0233545	-0.0121227	0.999654	0.803584	0.803164	0.0407125	0.0540226	0.000553775	0.000577171	
9.84e-09	326	-0.0129652	0.0204017	0.999708	0.799418	0.801518	0.0908331	0.041043	0.00103326	0.00104302	
9.9e-09	328	0.0303749	-0.0295046	0.999103	0.799228	0.800192	0.0640788	0.100337	0.00132946	0.00116691	
9.96e-09	330	-0.00763367	-0.00320238	0.999966	0.797101	0.798628	0.0402871	0.066538	0.000640749	0.000701994	
1.002e-08	332	-0.0251717	-0.0449907	0.99867	0.795035	0.796426	0.0609383	0.0690209	0.00130811	0.00132175	
1.008e-08	334	0.0363513	-0.0181854	0.999174	0.794115	0.796475	0.0416323	0.0454403	0.000736073	0.000677607	
1.014e-08	336	-0.0051442	-0.0630092	0.998	0.791325	0.793896	0.11421	0.0689883	0.00172139	0.0011579	
1.02e-08	338	0.0226722	0.020856	0.999525	0.795843	0.791824	0.0802812	0.0383561	0.00143889	0.00141961	
1.026e-08	340	-0.0319523	0.0182349	0.999323	0.796622	0.791058	0.0697273	0.0875257	0.00179608	0.00173713	
1.032e-08	342	-0.0790265	-0.0433425	0.99593	0.794453	0.78969	0.0605758	0.0745089	0.00119857	0.00133326	
1.038e-08	344	0.0291807	-0.000338118	0.999574	0.78945	0.787693	0.0973508	0.0545378	0.00162283	0.00180003	
1.044e-08	346	-0.00166024	0.0426788	0.999087	0.786441	0.78624	0.0548544	0.077714	0.000587489	0.000546037	
1.05e-08	348	-0.028509	0.00759304	0.999565	0.786044	0.785788	0.0322878	0.0698462	0.000683881	0.000653686	
1.056e-08	350	-0.00525349	-0.0738142	0.997258	0.786019	0.78315	0.0824993	0.0690595	0.00205736	0.00209664	
1.062e-08	352	-0.047911	-0.0299861	0.998401	0.776857	0.782752	0.0537133	0.0426406	0.0014264	0.00134702	
1.068e-08	354	0.00441727	-0.0237922	0.999707	0.780615	0.779325	0.0810314	0.0690034	0.00121987	0.00116106	
1.074e-08	356	-0.0192346	-0.0765584	0.99688	0.783528	0.778945	0.052383	0.0663354	0.000962316	0.000951411	
1.08e-08	358	0.0382848	0.0196699	0.999073	0.77903	0.77654	0.083984	0.0666808	0.0012034	0.0011193	
1.086e-08	360	0.00909452	0.061239	0.998082	0.774328	0.774802	0.0623372	0.0795069	0.00209685	0.0019383	
1.092e-08	362	0.00883578	-0.0427776	0.999046	0.773722	0.773863	0.0637169	0.0671004	0.000982815	0.000839755	
1.098e-08	364	0.0125919	0.0428859	0.999001	0.773891	0.770278	0.0555386	0.0563258	0.00109962	0.000996875	
1.104e-08	366	0.01642	-0.0576086	0.998204	0.77249	0.77081	0.0726439	0.0996349	0.00168048	0.00111878	
1.11e-08	368	-0.0361327	0.0360576	0.998696	0.766762	0.767957	0.0757622	0.106588	0.00164676	0.00148343	
1.116e-08	370	0.088463	-0.00346576	0.996073	0.770271	0.767091	0.0828256	0.0492718	0.00122993	0.00144202	
1.122e-08	372	-0.0650605	-0.0691895	0.99548	0.762028	0.765562	0.0921661	0.0673834	0.00186787	0.00148844	
1.128e-08	374	0.0200487	-0.0173729	0.999648	0.769621	0.763756	0.0574008	0.0721149	0.0014899	0.00154645	
1.134e-08	376	-0.0876354	0.00470672	0.996142	0.75394	0.760895	0.0736817	0.0316666	0.00176088	0.00155653	
1.14e-08	378	-0.00319589	0.0024212	0.999992	0.760769	0.760564	0.0926848	0.0944566	0.00113658	0.00109526	
1.146e-08	380	-0.0195303	0.0674335	0.997533	0.765576	0.759395	0.0635842	0.0729249	0.00128987	0.00109582	
1.152e-08	382	-0.00462701	-0.0125927	0.99991	0.75439	0.756284	0.0847373	0.0541483	0.00138539	0.00128688	
1.158e-08	384	-0.0258639	0.0438502	0.998703	0.758854	0.756003	0.0595837	0.0475285	0.00107003	0.00108765	
1.164e-08	386	0.0121152	0.00287738	0.999922	0.755262	0.753638	0.0444034	0.102656	0.00227141	0.00189538	
1.17e-08	388	-0.0593192	-0.0200442	0.998038	0.75436	0.752132	0.0756472	0.0824577	0.000951426	0.00116245	
1.176e-08	390	0.00857973	0.0370465	0.999277	0.755687	0.750208	0.056488	0.112738	0.00112196	0.00106006	
1.182e-08	392	-0.0347694	-0.064011	0.997343	0.750222	0.749199	0.0798235	0.0758334	0.00212474	0.0016645	
1.188e-08	394	0.016779	0.0697478	0.997424	0.752892	0.746359	0.104702	0.0780578	0.00113524	0.00115836	
1.194e-08	396	0.0206674	-0.000929545	0.999786	0.747488	0.744513	0.0738906	0.0942696	0.001412	0.00138061	
1.2e-08	398	0.0117972	-0.00570323	0.999914	0.747805	0.742912	0.0641022	0.037384	0.00167092	0.00148605	
1.206e-08	400	-0.0111562	0.00186392	0.999936	0.743525	0.742241	0.094439	0.106519	0.00199416	0.00182925	
1.212e-08	402	-0.00262948	0.0771542	0.997016	0.742486	0.74121	0.092138	0.0701954	0.00158683	0.0014843	
1.218e-08	404	0.0445108	-0.00667604	0.998987	0.740791	0.738287	0.0909438	0.0752327	0.00192856	0.00184955	
1.224e-08	406	-0.00113873	-0.00895531	0.999959	0.73595	0.736569	0.0272452	0.0496906	0.00193168	0.00193404	
1.23e-08	408	-0.00159225	0.0235099	0.999722	0.737698	0.735549	0.0846479	0.0733255	0.00152456	0.00119073	
1.236e-08	410	-0.0406497	0.0262408	0.998829	0.735347	0.733383	0.0493835	0.0769474	0.00291186	0.00246305	
1.242e-08	412	-0.0304417	0.0363482	0.998875	0.725148	0.730602	0.0896505	0.0738332	0.00194923	0.00167762	
1.248e-08	414	0.0436933	0.0134783	0.998954	0.730747	0.728542	0.0642455	0.0567988	0.00311425	0.00285602	
1.254e-08	416	-0.0401217	0.00507928	0.999182	0.730675	0.727075	0.0982156	0.0539407	0.00234803	0.0019444	
1.26e-08	418	-0.000232977	-0.102953	0.994686	0.715988	0.725035	0.0357308	0.109566	0.00219296	0.00206856	
1.266e-08	420	0.0633679	-0.0317919	0.997484	0.728485	0.72294	0.0673845	0.0760607	0.00198237	0.00183577	
1.272e-08	422	0.0119797	0.0612513	0.99805	0.729119	0.722846	0.0958208	0.033931	0.0014787	0.00140484	
1.278e-08	424	-0.0963533	0.0566967	0.993731	0.727427	0.720397	0.054477	0.0603959	0.001534	0.00158251	
1.284e-08	426	0.0613672	-0.0202298	0.99791	0.72084	0.719364	0.0899528	0.03788	0.00204343	0.00207308	
1.29e-08	428	0.0349454	0.0655537	0.997237	0.716312	0.717088	0.060794	0.044555	0.00178238	0.00162662	
1.296e-08	430	-0.0196864	-0.00383886	0.999799	0.725179	0.714634	0.0939392	0.0510922	0.002752	0.0028419	
1.302e-08	432	-0.0123492	-0.029533	0.999488	0.704914	0.712465	0.0778743	0.060568	0.00185681	0.00165078	
1.308e-08	434	0.0648434	-0.00536454	0.997881	0.719003	0.711181	0.0460332	0.0872544	0.00244187	0.00230168	
1.314e-08	436	0.0465664	-0.0570534	0.997285	0.705237	0.707848	0.101926	0.0572251	0.00207274	0.0020104	
1.32e-08	438	-0.0352296	-0.0301376	0.998925	0.707815	0.705679	0.0771735	0.0534298	0.00238479	0.00227484	
1.326e-08	440	0.00723325	-0.0500071	0.998723	0.710509	0.705372	0.0717635	0.077326	0.00296521	0.00247233	
1.332e-08	442	-0.0165962	0.0382039	0.999132	0.705414	0.704209	0.0888121	0.101928	0.00246857	0.00175708	
1.338e-08	444	-0.0360127	0.00896476	0.999311	0.699502	0.701141	0.0483256	0.0633657	0.00137038	0.00141174	
1.344e-08	446	-0.0456892	0.0468686	0.997856	0.702721	0.698065	0.0563325	0.098756	0.0032406	0.00281705	
1.35e-08	448	0.0316545	0.0972498	0.994756	0.698954	0.696303	0.0680219	0.0913304	0.00231672	0.00226507	
1.356e-08	450	-0.0284175	-0.0214713	0.999366	0.694437	0.69463	0.0778103	0.0472001	0.0023626	0.00268712	
1.362e-08	452	-0.0355885	0.0173396	0.999216	0.685826	0.692322	0.0638265	0.11333	0.00264349	0.00177726	
1.368e-08	454	-0.0382752	-0.0296485	0.998827	0.688133	0.691838	0.104285	0.142607	0.0035367	0.00302735	
1.374e-08	456	7.45678e-05	-0.0238915	0.999715	0.696733	0.689534	0.0498843	0.0742198	0.00299824	0.0029265	
1.38e-08	458	0.0608852	-0.0145624	0.998039	0.684032	0.68769	0.108674	0.077061	0.00329519	0.00313239	
1.386e-08	460	0.0272348	-0.0500706	0.998374	0.688515	0.684638	0.0847349	0.0792674	0.00185084	0.00184213	
1.392e-08	462	0.0776081	-0.0445546	0.995988	0.677182	0.683386	0.0776611	0.0462407	0.0028737	0.00247853	
1.398e-08	464	-0.0545096	0.0269671	0.998149	0.684721	0.681028	0.0590799	0.0817228	0.00179511	0.00159055	
1.404e-08	466	0.027537	-0.0372161	0.998928	0.680461	0.676688	0.0585628	0.115479	0.00249769	0.00162195	
1.41e-08	468	-0.0398158	0.0472995	0.998087	0.677771	0.676945	0.0650634	0.107429	0.00237722	0.00241058	
1.416e-08	470	0.0466487	-0.063184	0.996911	0.672215	0.675151	0.0950685	0.0679184	0.00264914	0.00194452	
1.422e-08	472	-0.00457362	-0.00134249	0.999989	0.685691	0.672609	0.071655	0.11344	0.00442346	0.00331943	
1.428e-08	474	-0.00949378	0.019622	0.999762	0.672431	0.670583	0.0883376	0.0847436	0.00209981	0.00149691	
1.434e-08	476	-0.0187713	0.0293461	0.999393	0.653349	0.667322	0.108913	0.110795	0.00328824	0.0029106	
1.44e-08	478	-0.0257624	-0.00201853	0.999666	0.669272	0.664359	0.0694049	0.0967226	0.00397283	0.00412352	
1.446e-08	480	-0.0113266	0.0250737	0.999621	0.656294	0.662593	0.063033	0.10009	0.00219604	0.00163738	
1.452e-08	482	0.0408482	0.0957796	0.994564	0.661299	0.662559	0.0982789	0.0791428	0.00205587	0.0025461	
1.458e-08	484	-0.0615822	-0.0212739	0.997875	0.659706	0.660875	0.0759612	0.096298	0.00301285	0.00225885	
1.464e-08	486	-0.0353879	-0.0033573	0.999368	0.659496	0.656823	0.0557917	0.0583076	0.00192611	0.00178707	
1.47e-08	488	0.00142872	0.0353386	0.999374	0.654366	0.654032	0.08516	0.0690201	0.00300902	0.00349945	
1.476e-08	490	0.0989621	-0.0568584	0.993465	0.645076	0.652271	0.0573055	0.0683614	0.00322545	0.00303662	
1.482e-08	492	-0.0498371	0.00265371	0.998754	0.654144	0.648999	0.0587825	0.0889858	0.00459345	0.00438542	
1.488e-08	494	-0.0208857	-0.0417823	0.998908	0.643117	0.649417	0.0382567	0.105861	0.00295639	0.00217683	
1.494e-08	496	0.0762194	-0.0565091	0.995488	0.635544	0.642957	0.0544655	0.0857571	0.00416462	0.00393293	
1.5e-08	498	0.0263269	-0.0153393	0.999536	0.644351	0.643944	0.0796806	0.0976543	0.00308239	0.00304466	
1.506e-08	500	0.0690998	-0.0286177	0.997199	0.633258	0.640837	0.0967706	0.0974323	0.00503701	0.00407846	
1.512e-08	502	0.000239903	-0.0287625	0.999586	0.634086	0.637167	0.0740794	0.0419141	0.00331156	0.00309736	
1.518e-08	504	-0.020017	-0.0906239	0.995684	0.629076	0.635249	0.0830594	0.0588898	0.00320677	0.0028641	
1.524e-08	506	-0.00972749	-0.0344912	0.999358	0.639988	0.632426	0.0514667	0.0574796	0.00327099	0.00308013	
1.53e-08	508	0.0157454	0.101806	0.99468	0.629786	0.631209	0.0354377	0.0932958	0.00242258	0.00194948	
1.536e-08	510	-0.0921908	0.00893268	0.995701	0.634585	0.628745	0.0712867	0.0263919	0.00338343	0.00366259	
1.542e-08	512	0.00775972	-0.0538307	0.99852	0.624359	0.628029	0.0922399	0.069656	0.00304802	0.0024581	
1.548e-08	514	-0.000895003	-0.0513849	0.998679	0.623658	0.625751	0.0435744	0.130868	0.00276782	0.00193544	
1.554e-08	516	-0.0797483	-0.0585519	0.995094	0.621231	0.621747	0.0954854	0.089673	0.00332941	0.00336758	
1.56e-08	518	0.0616306	0.0216266	0.997865	0.615199	0.617409	0.0622084	0.0810991	0.00352986	0.00320767	
1.566e-08	520	0.0451998	-0.00404297	0.99897	0.625419	0.616936	0.0812761	0.107156	0.00336016	0.00282859	
1.572e-08	522	0.00163378	0.154089	0.988056	0.623436	0.613154	0.118843	0.0643157	0.0053999	0.00532465	
1.578e-08	524	-0.0811093	0.0434628	0.995757	0.602345	0.608844	0.0917756	0.0672871	0.00385636	0.00407221	
1.584e-08	526	0.0359426	-0.0125072	0.999276	0.610975	0.609195	0.0784612	0.0563459	0.00515789	0.00435873	
1.59e-08	528	-0.0195762	0.0373857	0.999109	0.604515	0.605923	0.0968106	0.0643326	0.00235679	0.00231809	
1.596e-08	530	-0.043072	0.0263511	0.998724	0.607604	0.604079	0.0893475	0.0528107	0.00335486	0.00373609	
1.602e-08	532	-0.00767307	-0.0622661	0.99803	0.603447	0.601309	0.0533985	0.121877	0.00445049	0.00357347	
1.608e-08	534	0.0162959	0.0798201	0.996676	0.602612	0.596924	0.0851727	0.0735481	0.00406787	0.00376894	
1.614e-08	536	-0.0314578	-0.0309064	0.999027	0.598223	0.596301	0.0799841	0.0960291	0.0032661	0.00306075	
1.62e-08	538	-0.0300099	0.010058	0.999499	0.586568	0.591897	0.0658609	0.0845028	0.00558178	0.00628391	
1.626e-08	540	0.00220175	0.00254252	0.999994	0.60106	0.592269	0.0561321	0.117667	0.00462483	0.00412564	
1.632e-08	542	0.0412519	-0.021413	0.998919	0.589178	0.585913	0.0987752	0.047678	0.00557225	0.00479648	
1.638e-08	544	0.0308325	0.000283348	0.999525	0.572757	0.585834	0.0888261	0.0341687	0.00319766	0.00325296	
1.644e-08	546	-0.122821	0.0808916	0.989127	0.581847	0.582514	0.0861212	0.0995066	0.00303011	0.00293214	
1.65e-08	548	-0.0898339	-0.10905	0.989969	0.588246	0.578124	0.0839353	0.0730739	0.00299761	0.00343035	
1.656e-08	550	-0.111882	0.0642261	0.991644	0.574449	0.575139	0.0823808	0.070401	0.00336703	0.00321177	
1.662e-08	552	0.0913202	-0.169603	0.981272	0.561663	0.574957	0.0898494	0.119627	0.00541076	0.00444556	
1.668e-08	554	0.0325427	0.0527123	0.998079	0.573695	0.569138	0.0895638	0.0890522	0.00380688	0.00404339	
1.674e-08	556	-0.0984119	0.00970929	0.995098	0.575987	0.566716	0.0558931	0.0832886	0.00598904	0.00568327	
1.68e-08	558	-0.0107608	0.0609536	0.998083	0.568519	0.563067	0.0904201	0.0662416	0.00466938	0.00389381	
1.686e-08	560	-0.100149	0.00522127	0.994959	0.576411	0.561508	0.119411	0.114729	0.00490162	0.0050049	
1.692e-08	562	0.0462482	0.0366668	0.998257	0.566398	0.554772	0.0801093	0.0876736	0.00514218	0.00426099	
1.698e-08	564	0.00748604	0.0633282	0.997965	0.551256	0.554553	0.0801342	0.0886366	0.0053762	0.00445355	
1.704e-08	566	-0.0664848	0.0116227	0.99772	0.556104	0.553037	0.0580722	0.0521039	0.00512784	0.0050361	
1.71e-08	568	-0.049806	0.00627915	0.998739	0.54885	0.547633	0.0516666	0.0696287	0.00289846	0.00272669	
1.716e-08	570	0.0854359	0.00650872	0.996322	0.531158	0.543738	0.110665	0.119114	0.00634588	0.0055802	
1.722e-08	572	-0.0642777	0.117133	0.991034	0.527217	0.54165	0.110982	0.0737445	0.00498512	0.00533129	
1.728e-08	574	0.12011	-0.0283754	0.992355	0.545894	0.538059	0.0541101	0.0518139	0.00342487	0.00343205	
1.734e-08	576	0.0976117	0.0247274	0.994917	0.525248	0.534351	0.122194	0.0696424	0.00444082	0.00411281	
1.74e-08	578	-0.0650275	-0.0193039	0.997697	0.533333	0.526313	0.109143	0.118486	0.00754351	0.0072043	
1.746e-08	580	-0.0636834	0.108357	0.99207	0.534928	0.530502	0.0587412	0.0733378	0.00412763	0.0039921	
1.752e-08	582	0.070244	0.0637976	0.995488	0.535857	0.525029	0.0790175	0.0567409	0.00617063	0.00588963	
1.758e-08	584	-0.0126402	0.00163003	0.999919	0.53369	0.524974	0.074337	0.0620943	0.0039923	0.00406807	
1.764e-08	586	0.0679575	-0.00934687	0.997644	0.520769	0.520308	0.0634658	0.0916444	0.00747796	0.0064189	
1.77e-08	588	0.101025	0.0896211	0.990839	0.531999	0.514697	0.0876159	0.0840958	0.00403361	0.00420225	
1.776e-08	590	-0.0511829	0.0538713	0.997235	0.505815	0.512751	0.103854	0.0970073	0.00657723	0.00514191	
1.782e-08	592	-0.0259253	-0.0500095	0.998412	0.498071	0.505967	0.0732161	0.0583758	0.00417532	0.00433827	
1.788e-08	594	0.0951183	-0.0689209	0.993077	0.501169	0.500311	0.0659244	0.0665919	0.00707985	0.00751363	
1.794e-08	596	0.00340629	-0.086836	0.996217	0.5048	0.497199	0.110145	0.10402	0.0077696	0.00554073	
1.8e-08	598	-0.0162051	0.00727848	0.999842	0.503531	0.495299	0.0661694	0.107811	0.00583209	0.00615389	
1.806e-08	600	-0.00519329	-0.0124204	0.999909	0.508353	0.488614	0.0625385	0.10102	0.0135091	0.0115912	
1.812e-08	602	-0.0152297	-0.146155	0.989144	0.499485	0.486728	0.12057	0.0475309	0.00675161	0.00651109	
1.818e-08	604	-0.148907	0.0993718	0.983845	0.489645	0.481509	0.0769615	0.0714683	0.00547365	0.00574302	
1.824e-08	606	0.0239585	0.104219	0.994266	0.491279	0.476345	0.0777007	0.10142	0.0105527	0.0102833	
1.83e-08	608	0.0423144	0.0505897	0.997823	0.472174	0.474436	0.0930839	0.0979293	0.0112926	0.0108678	
1.836e-08	610	0.0602962	0.0127139	0.9981	0.475251	0.469578	0.102685	0.0814056	0.00479972	0.00489716	
1.842e-08	612	-0.0683491	0.00468189	0.99765	0.476676	0.468307	0.123738	0.110963	0.0104345	0.009139	
1.848e-08	614	0.20471	0.0998023	0.973721	0.466822	0.465079	0.119735	0.065596	0.0102273	0.00650339	
1.854e-08	616	-0.051647	0.0416382	0.997797	0.4719	0.464671	0.0969105	0.0891173	0.00788922	0.00621489	
1.86e-08	618	-0.00360314	0.153207	0.988188	0.426638	0.455489	0.0825104	0.107656	0.0088224	0.00773757	
1.866e-08	620	0.109636	0.0861273	0.990233	0.459149	0.44895	0.142379	0.086606	0.00897473	0.00824972	
1.872e-08	622	0.0487902	-0.147051	0.987925	0.464415	0.445701	0.143087	0.126987	0.00993859	0.00765449	
1.878e-08	624	0.0799968	0.0342401	0.996207	0.453961	0.439882	0.137562	0.0785068	0.0116457	0.010848	
1.884e-08	626	-0.0486329	0.0217732	0.998579	0.439371	0.435449	0.0725044	0.0806334	0.0110037	0.00864608	
1.89e-08	628	-0.0533196	0.131053	0.98994	0.443399	0.430839	0.0799255	0.0765579	0.0129026	0.0108236	
1.896e-08	630	-0.0315256	-0.200404	0.979206	0.440507	0.426042	0.0867807	0.139153	0.0129402	0.0104779	
1.902e-08	632	0.0842656	0.0486758	0.995254	0.450143	0.422045	0.108049	0.0912774	0.0111955	0.0102617	
1.908e-08	634	0.186453	0.138094	0.97271	0.405975	0.41571	0.0873712	0.0547542	0.0135452	0.0116578	
1.914e-08	636	0.0712708	-0.0265322	0.997104	0.410261	0.410735	0.0947392	0.0813906	0.0139858	0.0116674	
1.92e-08	638	0.0797824	0.0503523	0.99554	0.36893	0.401098	0.0715591	0.14106	0.0201828	0.0156113	
1.926e-08	640	-0.166715	-0.209409	0.963511	0.396231	0.397937	0.0910577	0.077133	0.0111674	0.0114276	
1.932e-08	642	-0.287603	0.0012287	0.957749	0.384605	0.396313	0.123901	0.147994	0.0149927	0.0118216	
1.938e-08	644	-0.0323498	0.0183464	0.999308	0.385882	0.389114	0.117611	0.106679	0.0135793	0.0125498	
1.944e-08	646	-0.0885361	-0.0871512	0.992253	0.393978	0.38446	0.0927389	0.0854934	0.0175642	0.01448	
1.95e-08	648	-0.0111232	-0.0160668	0.999809	0.392512	0.38148	0.109811	0.0810716	0.0209466	0.0137409	
1.956e-08	650	-0.00530875	-0.0912084	0.995818	0.387595	0.374179	0.143765	0.1373	0.0207172	0.0137482	
1.962e-08	652	0.117385	-0.0670502	0.99082	0.388066	0.367992	0.108678	0.0836445	0.0162014	0.0141302	
1.968e-08	654	0.0233077	0.0836376	0.996224	0.379764	0.361057	0.123782	0.150657	0.019579	0.0155357	
1.974e-08	656	0.150053	-0.154863	0.976474	0.391598	0.356583	0.116951	0.0841114	0.0190359	0.0203412	
1.98e-08	658	0.00308256	-0.1808	0.983515	0.372092	0.348956	0.0948506	0.160288	0.0232698	0.0169257	
1.986e-08	660	0.0327682	0.0321842	0.998945	0.34367	0.339317	0.126203	0.0933633	0.0188083	0.0154741	
1.992e-08	662	-0.307875	-0.0790712	0.948135	0.318789	0.331531	0.0983833	0.116866	0.0367415	0.0296511	
1.998e-08	664	0.00719418	-0.0197292	0.999779	0.313832	0.319178	0.0985069	0.11821	0.0433884	0.0367526	
2.004e-08	666	0.0745157	0.159627	0.984361	0.333909	0.321917	0.110973	0.0954271	0.0174905	0.0142654	
2.01e-08	668	-0.111808	0.151896	0.982052	0.333122	0.303775	0.147782	0.11983	0.0386077	0.0300473	
2.016e-08	670	0.148923	0.051232	0.987521	0.289034	0.305181	0.120985	0.0796694	0.0186499	0.0182355	
2.022e-08	672	-0.0357763	-0.0641454	0.997299	0.316607	0.297498	0.0766612	0.142584	0.0310943	0.0307344	
2.028e-08	674	-0.0370231	0.175452	0.983792	0.299324	0.277723	0.167329	0.0879012	0.0450844	0.0297326	
2.034e-08	676	0.295784	-0.11437	0.948383	0.29592	0.273098	0.106613	0.100252	0.0632682	0.0557653	
2.04e-08	678	-0.0509911	0.0248159	0.998391	0.253888	0.270061	0.0651674	0.103194	0.0300013	0.0316129	
2.046e-08	680	-0.0112033	0.0710386	0.997411	0.330629	0.262625	0.0697913	0.0996087	0.0368933	0.0303058	
2.052e-08	682	-0.262849	0.340858	0.902622	0.297937	0.263299	0.12954	0.10754	0.0369325	0.03119	
2.058e-08	684	-0.369915	0.121421	0.921097	0.244651	0.23627	0.153196	0.0510237	0.0590885	0.0652303	
2.064e-08	686	-0.255999	0.0730788	0.963911	0.199307	0.236162	0.117517	0.168822	0.0531142	0.0412981	
2.07e-08	688	-0.168647	-0.246477	-0.954362	0.228831	0.169435	0.149703	0.181844	1.20874	0.126865	
2.076e-08	690	-0.126699	-0.600345	-0.789641	0.211356	0.200346	0.0956598	0.119126	0.080123	0.0661823	
2.082e-08	692	0.247309	-0.153694	0.956669	0.209506	0.195656	0.0947525	0.0992626	1.78623	0.105891	
2.088e-08	694	-0.163973	0.196918	0.966611	0.208456	0.186105	0.114097	0.075381	0.110478	0.072125	
2.094e-08	696	-0.00842715	-0.351386	-0.936193	0.123396	0.172589	0.0836505	0.102234	0.877794	0.069671	
2.1e-08	698	0.0841814	-0.307531	0.947807	0.211103	0.169455	0.0892649	0.119716	0.0851552	0.0636788	
2.106e-08	700	-0.260438	-0.263407	-0.928864	0.134368	0.12673	0.108201	0.120076	0.125974	0.0813388	
2.112e-08	702	0.0198254	-0.236386	0.971457	0.178472	0.125859	0.080922	0.0716936	0.400172	0.07542	
2.118e-08	704	-0.786081	0.144501	-0.600996	0.0985183	0.126215	0.0900177	0.0412613	0.142243	0.0681922	
2.124e-08	706	0.0132445	0.0261212	-0.999571	0.131651	0.113209	0.104399	0.0770563	0.328377	0.0747196	
2.13e-08	708	0.160313	0.715821	0.679632	0.109832	0.108701	0.0691567	0.113549	0.40879	0.0585652	
2.136e-08	710	-0.507512	-0.5362	0.674478	0.0831883	0.098151	0.0936325	0.0995751	0.289034	0.0451962	
2.142e-08	712	-0.496762	-0.0937657	-0.862807	0.0523299	0.0888515	0.107462	0.0621986	0.200049	0.054491	
2.148e-08	714	0.687819	0.217094	0.692659	0.156644	0.0821178	0.0707367	0.0633238	0.216545	0.0635718	
2.154e-08	716	-0.410218	-0.0940489	-0.907125	0.097041	0.0693431	0.0775406	0.0600412	0.129837	0.0401348	
2.16e-08	718	-0.567305	-0.678365	0.46689	0.0587403	0.0629901	0.0429984	0.046761	0.115367	0.0237601	
2.166e-08	720	-0.482194	-0.850398	0.210505	0.0739375	0.0707945	0.0688581	0.0761214	0.12458	0.0501375	
2.172e-08	722	-0.533357	0.279381	-0.798421	0.0325954	0.0667147	0.0654538	0.0617306	0.122167	0.03464	
2.178e-08	724	0.715458	0.147135	0.682987	0.0627799	0.0574976	0.0639318	0.0385619	0.0581106	0.0268681	
2.184e-08	726	0.322612	0.735691	0.59555	0.0704102	0.0555485	0.0369188	0.0544251	0.0738689	0.0207607	
2.19e-08	728	-0.377721	-0.910837	0.166441	0.0752162	0.058819	0.0469578	0.0613566	0.0652529	0.0207167	
2.196e-08	730	0.788173	-0.00366669	0.615443	0.0382476	0.0552709	0.0359937	0.0591217	0.0647418	0.023895	
2.202e-08	732	-0.316915	0.935732	-0.154826	0.0365629	0.0503695	0.0536272	0.0315069	0.0566952	0.0240089	
2.208e-08	734	-0.905988	0.399023	-0.141301	0.0273704	0.0523462	0.0493962	0.0404817	0.051036	0.0122275	
2.214e-08	736	-0.0534933	0.364658	0.929604	0.101431	0.0447166	0.0418304	0.0287263	0.0451373	0.0224308	
2.22e-08	738	0.226657	-0.972148	0.0596257	0.0453726	0.0437914	0.0277741	0.0310885	0.0498523	0.0328303	
2.226e-08	740	0.687784	0.583728	-0.431526	0.0538031	0.0517582	0.0375404	0.037945	0.0571744	0.0150285	
2.232e-08	742	0.231419	0.470264	0.851644	0.0419438	0.0488602	0.0276186	0.0295283	0.0720234	0.0175051	
2.238e-08	744	-0.573444	0.225283	-0.787661	0.0725774	0.043132	0.0372541	0.0250945	0.0290925	0.0101196	
2.244e-08	746	0.397416	-0.740556	-0.541883	0.0402598	0.0431769	0.0364482	0.0315203	0.0305368	0.0114399	
2.25e-08	748	0.653984	-0.154311	0.740603	0.0463431	0.0393046	0.0280313	0.0187107	0.0351133	0.0107842	
2.256e-08	750	-0.557441	-0.629113	0.541734	0.0589792	0.0400953	0.0234778	0.0221179	0.0319841	0.0108135	
2.262e-08	752	0.686089	-0.502735	-0.52587	0.0304841	0.039572	0.0235951	0.0211485	0.0358508	0.00836376	
2.268e-08	754	-0.0792096	0.666809	-0.741007	0.0413298	0.0392134	0.0207496	0.0242085	0.034568	0.00950952	
2.274e-08	756	0.525468	0.331544	-0.783557	0.0485103	0.0414009	0.0284506	0.025648	0.0334264	0.00917688	
2.28e-08	758	0.217168	0.569828	-0.792549	0.0224849	0.0341969	0.015633	0.0153931	0.0298581	0.00833972	
2.286e-08	760	0.562552	0.78036	-0.273082	0.042977	0.0386793	0.0275268	0.0118144	0.0368308	0.0116411	
2.292e-08	762	0.0581387	-0.850862	-0.522163	0.0335115	0.0355259	0.0247068	0.0180857	0.0214021	0.00713162	
2.298e-08	764	0.17169	-0.622948	-0.763189	0.022941	0.0400899	0.0336792	0.0294583	0.017196	0.0118447	
2.304e-08	766	0.647883	-0.423886	-0.632905	0.0565554	0.0349906	0.0212152	0.0209474	0.0208659	0.00773812	
2.31e-08	768	-0.656313	0.27987	-0.700661	0.0691834	0.033385	0.0252048	0.017515	0.0162155	0.0104604	
2.316e-08	770	0.0344772	-0.347117	-0.937188	0.00955707	0.0335984	0.0188451	0.014662	0.0257148	0.00987496	
2.322e-08	772	0.0705802	0.934221	0.349642	0.0460178	0.0360555	0.017256	0.0271245	0.0227568	0.0104247	
2.328e-08	774	0.0307576	-0.72421	0.688893	0.0556111	0.0331686	0.0221202	0.0154165	0.0181348	0.00706776	
2.334e-08	776	-0.825713	0.409774	0.387664	0.0230698	0.0346876	0.0204358	0.0221699	0.0208121	0.0103892	
2.34e-08	778	0.839664	0.163476	0.517919	0.0164028	0.0296667	0.0155654	0.0142401	0.0153812	0.0066315	
2.346e-08	780	-0.693425	0.422866	0.583391	0.02869	0.0355847	0.0122558	0.0193465	0.0264025	0.00591677	
2.352e-08	782	-0.438345	0.801711	0.406341	0.0512543	0.0327122	0.01971	0.0180302	0.0139931	0.00653345	
2.358e-08	784	0.47558	0.837859	0.267986	0.0275389	0.0327259	0.0175375	0.0182739	0.0157321	0.00707905	
2.364e-08	786	-0.13568	0.986876	-0.087556	0.032008	0.0287866	0.00764198	0.0193951	0.0164492	0.00799618	
2.37e-08	788	0.562023	0.229891	0.794531	0.0154265	0.0268147	0.0111736	0.0122142	0.00855784	0.00373007	
2.376e-08	790	0.807035	0.1453	0.572349	0.0387919	0.0285342	0.0105534	0.0103279	0.0231854	0.00826456	
2.382e-08	792	0.555817	0.723106	-0.410104	0.0393041	0.0355345	0.0138313	0.0173959	0.0320198	0.00881778	
2.388e-08	794	0.707019	-0.70385	0.0686995	0.0270399	0.029168	0.0117175	0.0176669	0.0114829	0.00348799	
2.394e-08	796	0.69984	-0.0384527	0.713263	0.0255537	0.0292319	0.0106411	0.0135569	0.0164526	0.00557811	
2.4e-08	798	0.598279	-0.783538	0.167723	0.0344703	0.0297884	0.0156051	0.0106511	0.0187437	0.00619982	
2.406e-08	800	0.270524	-0.929536	0.250559	0.0418744	0.030104	0.0109295	0.01419	0.0127166	0.00477931	
2.412e-08	802	-0.958025	0.0102349	-0.286502	0.0370003	0.0274474	0.0149607	0.00991474	0.0136891	0.00578429	
2.418e-08	804	0.340591	0.165577	-0.925517	0.0286447	0.0259928	0.00918038	0.00846606	0.0176144	0.00675179	
2.424e-08	806	-0.446492	0.834956	-0.321705	0.0295735	0.0289825	0.0162658	0.0134542	0.0115422	0.00512919	
2.43e-08	808	0.829942	0.457047	0.319851	0.0289533	0.0266244	0.0114299	0.0103731	0.0104293	0.00372253	
2.436e-08	810	-0.75002	-0.429392	-0.503083	0.00403299	0.027349	0.0172523	0.00812257	0.0119593	0.00546453	
2.442e-08	812	-0.799224	0.60103	0.00189932	0.0379473	0.0246886	0.0115536	0.00778053	0.0112065	0.00633255	
2.448e-08	814	-0.900017	0.426098	0.0917103	0.00173915	0.0235556	0.00974347	0.0102841	0.00851306	0.00550176	
2.454e-08	816	-0.554057	0.308942	-0.77303	0.0448648	0.0277144	0.00698063	0.0178811	0.013403	0.00535708	
2.46e-08	818	0.215228	-0.499887	0.838922	0.00918922	0.0205192	0.00609102	0.0054212	0.00979571	0.00366498	
2.466e-08	820	-0.0862759	0.919634	-0.383184	0.0299277	0.027487	0.0110087	0.012718	0.0147257	0.00673737	
2.472e-08	822	0.978995	0.196628	0.0539116	0.0163159	0.0279392	0.013584	0.00989253	0.0151971	0.00734713	
2.478e-08	824	-0.886255	-0.0194608	-0.462789	0.014257	0.0260892	0.0109809	0.0107952	0.0104136	0.00629026	
2.484e-08	826	0.888452	-0.409434	-0.207407	0.0129174	0.0209258	0.00534059	0.00771875	0.00969386	0.00428966	
2.49e-08	828	0.638023	0.166812	0.751732	0.0224298	0.0287855	0.0122975	0.0145073	0.0127501	0.00496413	
2.496e-08	830	0.672442	0.176223	-0.718866	0.0286974	0.0221709	0.00780811	0.00783428	0.00720571	0.00341498	
2.502e-08	832	-0.4687	0.880946	-0.0652204	0.0306652	0.0250087	0.0133665	0.0082209	0.00953659	0.00590798	
2.508e-08	834	-0.905178	-0.419829	-0.0663112	0.0368314	0.0263494	0.0109102	0.011984	0.0113285	0.00639902	
2.514e-08	836	0.438832	0.325067	0.83771	0.0153747	0.024637	0.00878245	0.00880319	0.00940141	0.00245685	
2.52e-08	838	-0.141177	0.171734	-0.974975	0.017813	0.0245392	0.00958895	0.00680491	0.012119	0.0036375	
2.526e-08	840	0.713311	0.594276	-0.371514	0.0117064	0.0210633	0.00832005	0.00789319	0.00502723	0.00404465	
2.532e-08	842	0.720615	-0.672558	-0.168467	0.0237921	0.0223294	0.0073115	0.00852349	0.00862133	0.00482855	
2.538e-08	844	0.548099	0.804643	0.228336	0.00732445	0.025993	0.00964084	0.0121838	0.00924472	0.00368415	
2.544e-08	846	0.333472	-0.300101	-0.89372	0.0364661	0.0218853	0.00817104	0.00732841	0.00631126	0.00241083	
2.55e-08	848	-0.544054	0.4941	0.678138	0.0285931	0.0259765	0.00860511	0.0095659	0.0125333	0.00333538	
2.556e-08	850	0.057321	0.989461	0.132969	0.0291021	0.0237688	0.00991535	0.00868422	0.00716412	0.00270782	
2.562e-08	852	0.42403	-0.362645	0.829872	0.00318786	0.0215665	0.00681966	0.00815391	0.00761171	0.00372312	
2.568e-08	854	0.653422	-0.743918	0.140092	0.0326079	0.0196963	0.00821716	0.00494201	0.0040926	0.00271195	
2.574e-08	856	0.981314	0.19134	0.0203097	0.0267856	0.0212642	0.00541128	0.00513375	0.0110024	0.00438088	
2.58e-08	858	0.824011	0.486529	-0.290337	0.0228756	0.0200635	0.00867628	0.00287335	0.00713205	0.00308114	
2.586e-08	860	-0.993772	-0.0617237	-0.0927716	0.0230558	0.0188738	0.00603477	0.00552067	0.00440853	0.00179505	
2.592e-08	862	0.492912	0.869218	0.0386956	0.0155654	0.0210524	0.00542347	0.00512875	0.00830237	0.00228828	
2.598e-08	864	0.471943	-0.506549	-0.72158	0.0255861	0.0216302	0.00789515	0.00568468	0.00709204	0.00344477	
2.604e-08	866	-0.569729	0.727109	-0.383043	0.025354	0.0227059	0.00675794	0.0115477	0.00609439	0.00389962	
2.61e-08	868	-0.136545	0.102568	0.98531	0.0183481	0.0212099	0.00695046	0.00606326	0.00690915	0.00220669	
2.616e-08	870	0.704773	-0.0624039	-0.706683	0.0342332	0.0226036	0.00669886	0.0081397	0.00839174	0.00336429	
2.622e-08	872	0.209241	0.170382	-0.962906	0.027052	0.0191427	0.00648366	0.00493169	0.00515632	0.00233299	
2.628e-08	874	-0.247687	0.815549	-0.523002	0.0185753	0.0200804	0.00661299	0.00665724	0.00558818	0.00296288	
2.634e-08	876	0.100572	0.0171321	0.994782	0.0143318	0.0167019	0.00469249	0.0049229	0.00367926	0.00253484	
2.64e-08	878	0.11008	0.51521	0.849965	0.0145604	0.0220958	0.00621163	0.00687708	0.00827054	0.00208437	
2.646e-08	880	-0.74396	0.0866976	-0.662576	0.0184168	0.019367	0.00456698	0.00581676	0.00628669	0.00181801	
2.652e-08	882	-0.12407	-0.681859	-0.720885	0.0317144	0.0230248	0.00876853	0.00700493	0.00838426	0.00346976	
2.658e-08	884	-0.725177	-0.477533	-0.496065	0.0117443	0.020881	0.00611933	0.00910051	0.00394882	0.0023262	
2.664e-08	886	-0.372419	-0.887023	0.272936	0.0134143	0.020326	0.00515805	0.00738811	0.00516843	0.00192923	
2.67e-08	888	-0.550278	-0.265361	0.791693	0.0114768	0.0187455	0.00509748	0.0050064	0.00609051	0.00270646	
2.676e-08	890	-0.895192	-0.0521357	0.442621	0.00425437	0.0190106	0.00662355	0.00588901	0.0041791	0.00325073	
2.682e-08	892	-0.0154984	0.985352	0.169829	0.0218328	0.0203955	0.00466008	0.0076674	0.0051711	0.00225774	
2.688e-08	894	-0.159956	-0.471946	-0.866995	0.0166984	0.0177149	0.00446808	0.00447547	0.00438634	0.0012966	
2.694e-08	896	-0.975348	0.14733	-0.164284	0.0163111	0.0182467	0.00423733	0.00398052	0.00535823	0.00147706	
2.7e-08	898	0.214859	0.164362	0.962715	0.0202492	0.0190282	0.00504635	0.00454088	0.00702242	0.00295189	
2.706e-08	900	-0.0679766	-0.657188	-0.750655	0.014984	0.0193954	0.00454404	0.00546676	0.00582683	0.00162149	
