#----------------------------------------------------------------------------------------------------------------------------------------------------------
# Output file for vampire simulation
#   time       : 2024-08-29 04:58:37     process id : 4009723
#   hostname   : node120.viking2.yor.alces.network
#   path       : /users/ky883/parameter/WS_dia5/AI_Dataset/size_9.0_9.0_9.0/Temp_900/random_1
#----------------------------------------------------------------------------------------------------------------------------------------------------------
6e-11	0	-0.00516527	-0.00432521	0.999977	0.999917	0.999893	0	0	0	0	
1.2e-10	2	0.000462985	0.00187184	0.999998	0.998981	0.998973	0.0373975	0.0232789	6.28382e-06	6.20663e-06	
1.8e-10	4	0.00328135	-0.00329182	0.999989	0.997989	0.997957	0.0347876	0.095453	8.55295e-06	7.71514e-06	
2.4e-10	6	0.00209727	-0.00203503	0.999996	0.996848	0.996924	0.0504637	0.073271	1.43517e-05	1.49631e-05	
3e-10	8	0.00074838	0.00361427	0.999993	0.99591	0.995907	0.0303975	0.0745837	1.57547e-05	1.22983e-05	
3.6e-10	10	0.00122178	0.00148164	0.999998	0.995017	0.994877	0.0668238	0.0494845	3.47139e-05	3.498e-05	
4.2e-10	12	0.00575817	-0.0038172	0.999976	0.993785	0.993843	0.0790849	0.0648876	3.47039e-05	3.4686e-05	
4.8e-10	14	-0.00133526	6.19096e-05	0.999999	0.992798	0.992816	0.0456102	0.0394326	2.78732e-05	2.81278e-05	
5.4e-10	16	-0.00157652	0.00352296	0.999993	0.991741	0.991735	0.0407873	0.0458771	2.09611e-05	1.97372e-05	
6e-10	18	0.00511745	-0.00101845	0.999986	0.990809	0.990726	0.0388683	0.0414162	1.93904e-05	1.93257e-05	
6.6e-10	20	0.00385875	-0.00967664	0.999946	0.989724	0.989705	0.0280036	0.0630164	4.97529e-05	5.1237e-05	
7.2e-10	22	0.00128624	-0.00476478	0.999988	0.98853	0.988637	0.0516807	0.0445111	4.66403e-05	4.84552e-05	
7.8e-10	24	-0.00494354	-0.00145438	0.999987	0.987528	0.987618	0.0971776	0.0514484	3.3235e-05	2.78592e-05	
8.4e-10	26	0.0052036	-0.00626223	0.999967	0.986741	0.986569	0.0513856	0.0558306	8.64429e-05	8.54016e-05	
9e-10	28	0.00161328	0.00325073	0.999993	0.985463	0.9856	0.0324665	0.0628088	4.36147e-05	4.49003e-05	
9.6e-10	30	-0.0028124	0.0102099	0.999944	0.984673	0.984487	0.0836009	0.06394	7.17168e-05	7.21365e-05	
1.02e-09	32	-0.00150853	0.00845698	0.999963	0.983368	0.983398	0.0647081	0.0298536	5.68199e-05	5.90942e-05	
1.08e-09	34	-0.0131717	-0.00720504	0.999887	0.98217	0.982369	0.0518667	0.066211	8.11453e-05	7.47028e-05	
1.14e-09	36	0.0122116	-0.0045199	0.999915	0.981318	0.981318	0.0930822	0.0372898	6.45644e-05	6.03381e-05	
1.2e-09	38	0.0176918	-0.0020031	0.999841	0.98063	0.980303	0.0627341	0.0327786	4.85975e-05	5.51504e-05	
1.26e-09	40	-0.00147897	-0.00589374	0.999982	0.979209	0.97911	0.0483915	0.0364405	9.3861e-05	9.65287e-05	
1.32e-09	42	-0.00417225	0.0198611	0.999794	0.977582	0.978219	0.0614268	0.0718961	0.000117736	0.000108249	
1.38e-09	44	0.00564408	0.00407066	0.999976	0.977295	0.977093	0.0572348	0.0380859	0.000101446	0.000102217	
1.44e-09	46	-0.0122061	-0.0156088	0.999804	0.976154	0.976093	0.0487751	0.0950419	0.000133081	0.000119738	
1.5e-09	48	0.000387178	0.00246823	0.999997	0.974768	0.974997	0.0689199	0.0529622	0.000125775	0.000111652	
1.56e-09	50	0.00359631	0.00927929	0.99995	0.973962	0.973925	0.0401881	0.0414197	9.07215e-05	9.22368e-05	
1.62e-09	52	-0.0090385	0.00211257	0.999957	0.973276	0.972916	0.0441566	0.062346	0.000100329	0.000101873	
1.68e-09	54	0.00672583	-0.0110827	0.999916	0.97119	0.971707	0.0999148	0.088889	0.000148698	0.000134788	
1.74e-09	56	-0.0117407	0.00192515	0.999929	0.970873	0.970696	0.0371374	0.0429046	0.000139849	0.000145921	
1.8e-09	58	0.00746531	0.00769738	0.999943	0.970082	0.96963	0.0454963	0.047679	0.000119311	0.000115474	
1.86e-09	60	0.0101199	0.00162302	0.999947	0.968571	0.96861	0.0560393	0.046612	0.000103733	0.000120238	
1.92e-09	62	-0.0166626	-0.00747896	0.999833	0.967433	0.967433	0.0523306	0.0781507	0.000175167	0.000158399	
1.98e-09	64	0.0137992	0.00333061	0.999899	0.96645	0.966433	0.0377052	0.0492154	0.000155951	0.000153036	
2.04e-09	66	-0.0161525	0.00269036	0.999866	0.966287	0.965347	0.0465498	0.0575751	0.000132911	0.000123561	
2.1e-09	68	0.00864422	0.00732048	0.999936	0.964038	0.964275	0.021794	0.0289363	0.000283894	0.00028127	
2.16e-09	70	-0.00219709	-0.00104057	0.999997	0.963276	0.963188	0.0567024	0.0250389	0.00021095	0.000190118	
2.22e-09	72	-0.00977033	-0.0123669	0.999876	0.961616	0.962121	0.0402552	0.0334302	0.000206723	0.000204631	
2.28e-09	74	-0.00925629	-0.00498989	0.999945	0.960264	0.9611	0.0523406	0.0403538	0.000200478	0.00019364	
2.34e-09	76	-0.0050233	0.00663732	0.999965	0.959549	0.959761	0.044051	0.0371117	0.000152657	0.000146642	
2.4e-09	78	-0.000904536	0.00585179	0.999982	0.959503	0.958904	0.0418466	0.0409141	0.000184603	0.000165704	
2.46e-09	80	0.002807	-0.00219553	0.999994	0.957534	0.957765	0.0409773	0.0490202	0.000242591	0.000235861	
2.52e-09	82	-0.0113705	0.00437316	0.999926	0.957302	0.956814	0.0773115	0.0493416	0.000242095	0.000232017	
2.58e-09	84	-0.00583786	0.00718437	0.999957	0.955674	0.955528	0.0694263	0.0486756	0.000153559	0.000132371	
2.64e-09	86	-0.0232771	0.000147535	0.999729	0.954958	0.954428	0.10167	0.0467216	0.000175701	0.000172004	
2.7e-09	88	-0.00923353	-0.00727488	0.999931	0.953524	0.953183	0.039383	0.088427	0.000163764	0.000146168	
2.76e-09	90	0.000691465	0.00971333	0.999953	0.950962	0.952261	0.067616	0.0573668	0.000195812	0.000209223	
2.82e-09	92	-0.00322622	0.0014495	0.999994	0.951912	0.951164	0.0593835	0.0473396	0.000133205	0.000130826	
2.88e-09	94	0.0122583	-0.0135989	0.999832	0.949982	0.949969	0.0334125	0.0458544	0.000177304	0.00018419	
2.94e-09	96	0.000427016	-0.00132396	0.999999	0.947798	0.94904	0.0418227	0.0544404	0.000213339	0.000214079	
3e-09	98	-0.00100783	-0.0141214	0.9999	0.948067	0.947807	0.0351873	0.100646	0.000262034	0.000224688	
3.06e-09	100	0.011055	-0.00361519	0.999932	0.947489	0.946793	0.0489486	0.0594595	0.000192135	0.000193778	
3.12e-09	102	-0.0179151	-0.0158764	0.999713	0.945551	0.945591	0.049257	0.0724076	0.000251054	0.00024171	
3.18e-09	104	-0.0127788	-0.00574604	0.999902	0.944822	0.944499	0.0356967	0.0907063	0.000260399	0.000209341	
3.24e-09	106	0.0179128	0.0173302	0.999689	0.942868	0.943457	0.0670012	0.0843335	0.000258207	0.000248113	
3.3e-09	108	0.00852945	-0.00861335	0.999927	0.94255	0.942119	0.0690584	0.0551742	0.000164854	0.000185523	
3.36e-09	110	0.00731987	-0.0196097	0.999781	0.942068	0.941124	0.0477545	0.083356	0.000214162	0.000226523	
3.42e-09	112	-0.015975	-0.00802545	0.99984	0.939327	0.940079	0.0537031	0.0414347	0.000284724	0.000293753	
3.48e-09	114	-0.00155603	-0.0124438	0.999921	0.939487	0.938724	0.0461913	0.0548208	0.000229261	0.000220739	
3.54e-09	116	0.0125889	0.0151142	0.999807	0.938238	0.937673	0.0638459	0.0688573	0.000362626	0.000340053	
3.6e-09	118	0.00426465	-0.00528937	0.999977	0.935953	0.936254	0.0419829	0.0729928	0.000180295	0.000179586	
3.66e-09	120	-0.0109541	-0.0114897	0.999874	0.935909	0.934991	0.0692034	0.0918498	0.000314663	0.000281928	
3.72e-09	122	0.0148777	-0.0156463	0.999767	0.934649	0.934017	0.0379854	0.0506874	0.00015767	0.000150211	
3.78e-09	124	-0.0073066	0.00521022	0.99996	0.93238	0.933126	0.0612647	0.0388442	0.000284809	0.00026875	
3.84e-09	126	-0.0113656	0.000348695	0.999935	0.931431	0.932054	0.041213	0.0254296	0.000272214	0.000259893	
3.9e-09	128	-0.00243157	0.00400211	0.999989	0.930356	0.930746	0.0906542	0.0592847	0.000293669	0.000319793	
3.96e-09	130	-0.0193975	-0.00325529	0.999807	0.928631	0.929781	0.0695347	0.0451931	0.000261652	0.000242727	
4.02e-09	132	-0.020298	-0.0080179	0.999762	0.929087	0.928471	0.0662014	0.0365469	0.000212398	0.000228077	
4.08e-09	134	0.030819	0.0247387	0.999219	0.926253	0.927435	0.0433426	0.0420477	0.000237431	0.000210656	
4.14e-09	136	-0.0135251	-0.0186738	0.999734	0.927399	0.926135	0.0746709	0.0409078	0.000276655	0.000244646	
4.2e-09	138	-0.000333529	-0.0012586	0.999999	0.924771	0.924845	0.0481405	0.0626784	0.000309052	0.000288518	
4.26e-09	140	-0.00462012	0.0209467	0.99977	0.923907	0.923711	0.0466753	0.0812988	0.000232672	0.000185576	
4.32e-09	142	0.00976219	0.00130471	0.999951	0.925556	0.922484	0.0404318	0.0944242	0.000383699	0.000362221	
4.38e-09	144	-0.0306494	-0.017176	0.999383	0.921786	0.921625	0.0611953	0.0806304	0.000360428	0.000329591	
4.44e-09	146	0.0181135	-0.0116831	0.999768	0.9199	0.920284	0.0728466	0.0405303	0.000394019	0.000397241	
4.5e-09	148	-0.0138661	0.0137549	0.999809	0.917944	0.919048	0.0475332	0.0551084	0.000528213	0.000537744	
4.56e-09	150	-0.0204689	-0.0340234	0.999211	0.917195	0.918076	0.0766807	0.046493	0.000567927	0.000514393	
4.62e-09	152	0.0167911	-0.00147989	0.999858	0.918223	0.916962	0.0471286	0.0634994	0.000234577	0.000253374	
4.68e-09	154	0.00318417	0.00992014	0.999946	0.917687	0.915862	0.0539078	0.0605722	0.000778063	0.000674907	
4.74e-09	156	-0.0350962	-0.00883707	0.999345	0.915435	0.914532	0.0844623	0.0789848	0.000247253	0.000245894	
4.8e-09	158	0.00342961	-0.0125272	0.999916	0.914881	0.913633	0.0744796	0.0323423	0.000452491	0.000425036	
4.86e-09	160	-0.0313982	0.0191446	0.999324	0.911209	0.912302	0.075155	0.0613671	0.000342948	0.000355185	
4.92e-09	162	-0.000703218	0.0169641	0.999856	0.91218	0.911112	0.0687935	0.0507526	0.000396513	0.00034385	
4.98e-09	164	0.0347208	0.00804291	0.999365	0.910005	0.909835	0.107927	0.093402	0.00056252	0.000554794	
5.04e-09	166	0.0106375	0.00860198	0.999906	0.908962	0.908879	0.0493864	0.0808701	0.000337668	0.000273014	
5.1e-09	168	0.0115662	-0.00134457	0.999932	0.907452	0.907661	0.0396883	0.0546856	0.000539212	0.000564293	
5.16e-09	170	0.0200978	-0.0141699	0.999698	0.906753	0.906347	0.072089	0.0746381	0.000537199	0.000537312	
5.22e-09	172	0.0159258	-0.0256989	0.999543	0.907373	0.905516	0.0849088	0.0582456	0.000300567	0.000273587	
5.28e-09	174	0.00498601	0.0192865	0.999802	0.903866	0.903707	0.033633	0.0688669	0.000439675	0.000443639	
5.34e-09	176	-0.00217778	-0.0066249	0.999976	0.902744	0.902575	0.0518413	0.0633618	0.000512453	0.000519598	
5.4e-09	178	0.0119103	0.00965883	0.999882	0.903371	0.901577	0.0466895	0.0447143	0.000600593	0.000568655	
5.46e-09	180	0.0121344	0.0160432	0.999798	0.902423	0.900761	0.0608895	0.0770115	0.000348536	0.000349208	
5.52e-09	182	-0.0243756	0.00775927	0.999673	0.899754	0.89893	0.0612038	0.0725611	0.000361346	0.000335366	
5.58e-09	184	-0.0115201	-0.0049509	0.999921	0.897162	0.897968	0.0426112	0.0219371	0.000530803	0.000507314	
5.64e-09	186	0.00602492	-0.00556103	0.999966	0.897723	0.896302	0.0790078	0.0417397	0.000508428	0.000474426	
5.7e-09	188	-0.0146908	0.00121982	0.999891	0.892371	0.894902	0.06639	0.0781797	0.000389175	0.000411062	
5.76e-09	190	-0.00445972	-0.0315922	0.999491	0.895889	0.894365	0.0376718	0.0232399	0.000624995	0.000641578	
5.82e-09	192	0.0178611	0.0101644	0.999789	0.894138	0.893386	0.079433	0.0476501	0.000359208	0.000337684	
5.88e-09	194	0.0150349	-0.000672218	0.999887	0.894081	0.891822	0.0637174	0.0600493	0.000355092	0.000347971	
5.94e-09	196	-0.0326016	0.01584	0.999343	0.892721	0.890568	0.0818702	0.0639285	0.000508501	0.000454452	
6e-09	198	-0.00160226	0.0257234	0.999668	0.885368	0.889502	0.0577254	0.0610505	0.000774768	0.000770151	
6.06e-09	200	-0.0159663	0.00932382	0.999829	0.886719	0.88758	0.0693616	0.0791582	0.000488822	0.000451426	
6.12e-09	202	-0.0176552	0.0120333	0.999772	0.888663	0.886243	0.0527506	0.0618165	0.000456872	0.000412915	
6.18e-09	204	0.0352198	-0.0138968	0.999283	0.884934	0.885748	0.0841974	0.0425322	0.000608134	0.000581303	
6.24e-09	206	-0.0169955	0.0214073	0.999626	0.883784	0.884339	0.0634122	0.0630367	0.000596203	0.000529156	
6.3e-09	208	0.0296545	0.00600553	0.999542	0.883825	0.882909	0.0662116	0.0581654	0.000419087	0.000460624	
6.36e-09	210	0.0130757	0.00357308	0.999908	0.882986	0.88218	0.0752753	0.0662762	0.000416005	0.000372116	
6.42e-09	212	-0.00651557	0.0127952	0.999897	0.880017	0.880059	0.0605763	0.0464148	0.000719867	0.000680956	
6.48e-09	214	-0.0420375	-0.00198742	0.999114	0.877974	0.879017	0.0812748	0.0665929	0.000339782	0.000283094	
6.54e-09	216	0.0115748	-0.0145723	0.999827	0.878693	0.877949	0.0777571	0.102423	0.000541866	0.000566785	
6.6e-09	218	-0.0146628	-0.0056233	0.999877	0.878064	0.876884	0.0817534	0.0474591	0.000433895	0.00043456	
6.66e-09	220	0.0139804	-0.0123852	0.999826	0.877968	0.875894	0.0789891	0.064703	0.000455994	0.000404332	
6.72e-09	222	0.0178166	0.00679949	0.999818	0.872825	0.874203	0.0555067	0.0493205	0.000817291	0.000794806	
6.78e-09	224	-0.0158342	-0.00521865	0.999861	0.86917	0.872874	0.03141	0.0337152	0.00063773	0.000656266	
6.84e-09	226	-0.0258847	-0.0286009	0.999256	0.872024	0.87168	0.0470642	0.0582049	0.000498543	0.000482882	
6.9e-09	228	0.022657	0.015974	0.999616	0.873174	0.870298	0.060157	0.0628818	0.000660633	0.000618975	
6.96e-09	230	-0.0263485	0.0134204	0.999563	0.869947	0.869136	0.0457919	0.0425739	0.000760048	0.00075799	
7.02e-09	232	-0.0285331	0.00295318	0.999588	0.871156	0.867595	0.054103	0.0564996	0.00113744	0.0011298	
7.08e-09	234	0.0145927	0.00774524	0.999864	0.868043	0.866306	0.052776	0.0844874	0.000639531	0.000626051	
7.14e-09	236	0.0116573	0.0143127	0.99983	0.866116	0.865558	0.0608604	0.0440081	0.000474026	0.000472298	
7.2e-09	238	-0.0140612	-0.0463705	0.998825	0.86487	0.863567	0.0610967	0.0880309	0.000569413	0.000657069	
7.26e-09	240	0.0168372	0.0239027	0.999572	0.864125	0.862202	0.0611339	0.0471678	0.000762743	0.000729829	
7.32e-09	242	0.0112654	0.0111257	0.999875	0.860542	0.861088	0.0899129	0.0497813	0.000672595	0.00061952	
7.38e-09	244	0.00857971	0.008092	0.99993	0.85596	0.860042	0.0784679	0.069983	0.000573854	0.00052339	
7.44e-09	246	0.0426389	0.00112187	0.99909	0.857965	0.858739	0.0632381	0.0384761	0.000939516	0.00101673	
7.5e-09	248	-0.0123107	0.00491163	0.999912	0.856674	0.857645	0.0593701	0.04836	0.000708059	0.000670197	
7.56e-09	250	0.00758717	-0.00895338	0.999931	0.858245	0.85609	0.0579421	0.0418747	0.00116185	0.00110617	
7.62e-09	252	0.00978906	-0.0156186	0.99983	0.855755	0.855002	0.0560574	0.0469103	0.000840609	0.000813062	
7.68e-09	254	0.00301668	-0.00507734	0.999983	0.854175	0.854026	0.0529598	0.0717754	0.000686249	0.000789398	
7.74e-09	256	-0.0217879	-0.00410908	0.999754	0.850453	0.851709	0.0632488	0.0805484	0.000801761	0.000730949	
7.8e-09	258	-0.0257798	-0.0342849	0.99908	0.850896	0.851179	0.0599715	0.0574087	0.00060335	0.000641484	
7.86e-09	260	0.0118944	-0.0129116	0.999846	0.846172	0.849156	0.0422664	0.050257	0.00114244	0.00113346	
7.92e-09	262	-0.0296322	0.0144111	0.999457	0.847107	0.848256	0.0589225	0.0561991	0.000597649	0.00052635	
7.98e-09	264	0.0240998	-0.0122368	0.999635	0.84672	0.846657	0.0438897	0.0715203	0.000741385	0.000701008	
8.04e-09	266	-0.0338281	-0.0188787	0.999249	0.846877	0.844861	0.0840266	0.0465695	0.000655267	0.000638336	
8.1e-09	268	0.00384401	-0.0150716	0.999879	0.842003	0.843662	0.0500794	0.0501359	0.000328658	0.000356978	
8.16e-09	270	0.00131018	-0.00138584	0.999998	0.845318	0.842641	0.0818851	0.0569387	0.000953729	0.000912321	
8.22e-09	272	-0.0093708	0.0358504	0.999313	0.84239	0.841904	0.0493243	0.11977	0.000627139	0.000711718	
8.28e-09	274	0.000193115	0.0262938	0.999654	0.836949	0.839485	0.0386753	0.0745312	0.000768532	0.000757892	
8.34e-09	276	-0.0388178	-0.0298968	0.998799	0.839678	0.839053	0.0454171	0.0524725	0.00074776	0.000732351	
8.4e-09	278	0.00776042	0.0224853	0.999717	0.835802	0.837947	0.0541544	0.0606529	0.000608741	0.000581146	
8.46e-09	280	0.012687	-0.0261411	0.999578	0.836006	0.836343	0.0522676	0.0396695	0.00069049	0.000688198	
8.52e-09	282	0.00578482	0.0214279	0.999754	0.835776	0.833968	0.107851	0.0527413	0.000879399	0.000860379	
8.58e-09	284	0.0130864	-0.00175362	0.999913	0.830908	0.833053	0.0485825	0.0440478	0.00072069	0.000644244	
8.64e-09	286	-0.00901164	-0.0158607	0.999834	0.832446	0.831851	0.049932	0.0482719	0.000769408	0.000748436	
8.7e-09	288	0.0311673	0.0353101	0.99889	0.827664	0.830998	0.0654498	0.119748	0.00113379	0.000919905	
8.76e-09	290	-0.00431581	-0.013187	0.999904	0.829303	0.828026	0.0597306	0.0683849	0.00069121	0.000656323	
8.82e-09	292	-0.0273709	-0.0229446	0.999362	0.831219	0.828348	0.0622299	0.0719801	0.00119704	0.00105075	
8.88e-09	294	-0.0523908	0.028808	0.998211	0.830419	0.826838	0.0503441	0.0670959	0.000849804	0.000880958	
8.94e-09	296	0.0043001	0.0248418	0.999682	0.827156	0.825083	0.0686513	0.0496592	0.00110475	0.00100216	
9e-09	298	-0.0217565	-0.0036027	0.999757	0.826013	0.823181	0.0723876	0.0536661	0.00108707	0.00103189	
9.06e-09	300	-0.0257034	0.0338287	0.999097	0.821756	0.821338	0.0441274	0.0692082	0.000746043	0.00067223	
9.12e-09	302	-0.00497496	0.0103782	0.999934	0.819065	0.819617	0.057261	0.0811859	0.00110733	0.00101775	
9.18e-09	304	-0.000251303	-0.0343815	0.999409	0.818352	0.818883	0.0902316	0.0653563	0.000927579	0.000789236	
9.24e-09	306	-0.0278747	-0.00177288	0.99961	0.820243	0.818065	0.0538272	0.040622	0.000698905	0.000699496	
9.3e-09	308	-0.0198912	0.00426135	0.999793	0.813408	0.81552	0.0745918	0.0742305	0.000953944	0.000934524	
9.36e-09	310	0.0152203	0.00784595	0.999853	0.813705	0.814569	0.0740819	0.0414138	0.000924042	0.000893953	
9.42e-09	312	-0.0269075	0.00797684	0.999606	0.815108	0.813575	0.103221	0.0476289	0.00102625	0.000959311	
9.48e-09	314	-0.0103287	0.0380346	0.999223	0.804313	0.811726	0.0608728	0.0660393	0.00165479	0.00159199	
9.54e-09	316	-0.0233728	-0.0249091	0.999416	0.808088	0.809745	0.0816007	0.0869395	0.000837595	0.000921668	
9.6e-09	318	-0.0264904	-0.0332949	0.999094	0.811748	0.808546	0.0548202	0.0881275	0.000700913	0.000630543	
9.66e-09	320	-0.0821267	0.0485176	0.99544	0.805838	0.808726	0.0600869	0.0795347	0.0011103	0.000935309	
9.72e-09	322	-0.0032027	-0.0606845	0.998152	0.805416	0.805599	0.0910045	0.0682667	0.00110142	0.000923679	
9.78e-09	324	-0.00641509	0.00918828	0.999937	0.802307	0.804493	0.0503938	0.063903	0.00133653	0.00133692	
9.84e-09	326	-0.0202949	0.00047227	0.999794	0.806853	0.80415	0.0417844	0.0943142	0.00116341	0.00102282	
9.9e-09	328	-0.00657785	0.0278782	0.99959	0.800999	0.801955	0.0499236	0.0615024	0.000861629	0.000851027	
9.96e-09	330	-0.00628891	0.00238184	0.999977	0.797902	0.800195	0.0576523	0.0531752	0.000587399	0.000546079	
1.002e-08	332	-0.0273465	-0.0254274	0.999303	0.796174	0.798664	0.0512479	0.0367617	0.00138041	0.00129366	
1.008e-08	334	-0.0390742	0.023953	0.998949	0.799188	0.796875	0.0608831	0.0640005	0.00108976	0.00109081	
1.014e-08	336	-0.0155731	-0.0143936	0.999775	0.799878	0.796078	0.105208	0.0804187	0.000817882	0.000734692	
1.02e-08	338	0.0409258	0.014301	0.99906	0.797474	0.793707	0.0829286	0.0387695	0.00174807	0.00172328	
1.026e-08	340	-0.0109619	0.00353287	0.999934	0.794694	0.791612	0.0528302	0.0493963	0.00182414	0.001641	
1.032e-08	342	0.0234259	0.00349006	0.999719	0.792582	0.79048	0.0509319	0.0625825	0.0016143	0.00152693	
1.038e-08	344	-0.0482742	-0.0122891	0.998759	0.789047	0.788688	0.0624089	0.0436087	0.000961465	0.000896361	
1.044e-08	346	-0.00741873	0.0212425	0.999747	0.788221	0.787663	0.0871198	0.0695896	0.000941195	0.000927851	
1.05e-08	348	-0.00797468	0.0107713	0.99991	0.783376	0.785986	0.0637473	0.0422106	0.00117673	0.00110917	
1.056e-08	350	-0.00941206	-0.0332545	0.999403	0.781975	0.783887	0.0570638	0.0605501	0.00161047	0.00160265	
1.062e-08	352	0.0372232	0.0442212	0.998328	0.779953	0.78245	0.0858523	0.0986718	0.00101519	0.000912074	
1.068e-08	354	-0.0659838	0.0166498	0.997682	0.779837	0.781024	0.0617798	0.0378634	0.00124391	0.00117784	
1.074e-08	356	-0.0164466	0.0469103	0.998764	0.778218	0.779289	0.0729398	0.0718267	0.00153152	0.00158844	
1.08e-08	358	-0.0261182	0.017313	0.999509	0.772592	0.777714	0.0601462	0.0825574	0.0010858	0.00116728	
1.086e-08	360	-0.00456644	-0.0111143	0.999928	0.777999	0.777189	0.0845681	0.0623548	0.000730691	0.000650824	
1.092e-08	362	-0.0447586	-0.00253648	0.998995	0.777807	0.775888	0.0380739	0.0323144	0.00130258	0.00132926	
1.098e-08	364	0.0380376	0.0215068	0.999045	0.769913	0.774201	0.0565546	0.0701096	0.000838777	0.000762126	
1.104e-08	366	0.0427052	-0.0131331	0.999001	0.76815	0.771089	0.053745	0.0775887	0.000963261	0.000975198	
1.11e-08	368	-0.0364327	0.0152699	0.999219	0.765932	0.770882	0.0606536	0.0593099	0.00127733	0.00124478	
1.116e-08	370	-0.0192191	0.0274502	0.999438	0.768456	0.767925	0.0555147	0.0810462	0.00186661	0.00179043	
1.122e-08	372	-0.0560392	-0.024334	0.998132	0.767749	0.766161	0.10052	0.0524875	0.00128302	0.00134963	
1.128e-08	374	0.0336749	0.0149851	0.99932	0.767499	0.765616	0.0796545	0.0798909	0.00178958	0.00177337	
1.134e-08	376	-0.00735905	-0.0229274	0.99971	0.765564	0.76343	0.0855434	0.0651321	0.00173013	0.00185728	
1.14e-08	378	0.0341882	0.035111	0.998798	0.762224	0.761742	0.0646344	0.0435385	0.00132311	0.00125002	
1.146e-08	380	-0.0443246	0.0175833	0.998862	0.761036	0.761173	0.0625452	0.0409808	0.0015802	0.00167802	
1.152e-08	382	0.0288881	0.0260992	0.999242	0.76467	0.759792	0.0311408	0.0641492	0.00177281	0.00165274	
1.158e-08	384	0.0413945	-0.0377628	0.998429	0.764818	0.756869	0.0626745	0.0757254	0.00134883	0.00143737	
1.164e-08	386	-0.00535023	0.00862376	0.999949	0.752115	0.756742	0.0559707	0.0768145	0.00106658	0.00111997	
1.17e-08	388	0.0209924	-0.0155047	0.999659	0.753452	0.75401	0.0892019	0.0453276	0.00142356	0.00153445	
1.176e-08	390	0.0350302	-0.0196818	0.999192	0.753197	0.751946	0.0503335	0.0731388	0.00142997	0.00140773	
1.182e-08	392	-0.00562763	0.0165055	0.999848	0.751938	0.751374	0.122969	0.0500289	0.00135605	0.00111915	
1.188e-08	394	-0.0519263	0.00192365	0.998649	0.745064	0.748852	0.0555059	0.0384771	0.00163712	0.00149207	
1.194e-08	396	0.0545313	-0.0227035	0.998254	0.754517	0.747518	0.0495436	0.0776421	0.00189535	0.00180255	
1.2e-08	398	-0.0150566	0.0181693	0.999722	0.746987	0.746056	0.110871	0.112662	0.00143664	0.00113332	
1.206e-08	400	-0.0821265	0.023185	0.996352	0.743628	0.744082	0.0574462	0.127785	0.000862377	0.000829352	
1.212e-08	402	0.00359813	0.0157825	0.999869	0.734589	0.74411	0.0882938	0.0736949	0.00211775	0.00192347	
1.218e-08	404	0.00285144	-0.0371912	0.999304	0.729626	0.740354	0.0992231	0.0906927	0.00150072	0.00142991	
1.224e-08	406	-0.0938564	0.00462463	0.995575	0.741304	0.738397	0.0662388	0.0402946	0.0013408	0.00120028	
1.23e-08	408	-0.0101795	9.65668e-05	0.999948	0.738431	0.737278	0.0233298	0.0797545	0.00178608	0.00175771	
1.236e-08	410	0.0554794	0.0258176	0.998126	0.73379	0.734358	0.062267	0.0566102	0.00154822	0.0016219	
1.242e-08	412	0.0717757	0.0434018	0.996476	0.73446	0.733965	0.0932846	0.0754716	0.001548	0.00157966	
1.248e-08	414	-0.0597723	0.00578514	0.998195	0.734198	0.73044	0.0652199	0.0829411	0.00218136	0.00194029	
1.254e-08	416	0.0241338	0.00939192	0.999665	0.737617	0.729514	0.071117	0.0950187	0.00244785	0.00203481	
1.26e-08	418	0.0481236	0.0278185	0.998454	0.729057	0.72787	0.082178	0.0504954	0.00167156	0.0015327	
1.266e-08	420	-0.0106052	-0.0112969	0.99988	0.728049	0.726676	0.0438664	0.0512593	0.00177308	0.00152049	
1.272e-08	422	0.00677204	-0.0204835	0.999767	0.722086	0.723771	0.0702615	0.0832677	0.00178622	0.00181927	
1.278e-08	424	-0.0326249	0.0618479	0.997552	0.725269	0.723862	0.100514	0.103061	0.00186687	0.00186962	
1.284e-08	426	0.0195864	-0.0528652	0.99841	0.727525	0.720923	0.0587215	0.0564604	0.00136138	0.00136745	
1.29e-08	428	0.0447375	-0.0375335	0.998293	0.718449	0.718843	0.070285	0.0400912	0.00147192	0.00153215	
1.296e-08	430	-0.07214	0.0241669	0.997102	0.72135	0.717581	0.0624621	0.0817785	0.00139896	0.00135503	
1.302e-08	432	0.0605198	0.0227221	0.997908	0.71949	0.715202	0.0967227	0.0485609	0.00198234	0.00171266	
1.308e-08	434	-0.0465436	-0.0166827	0.998777	0.715684	0.712068	0.0730813	0.0578198	0.00165542	0.00153134	
1.314e-08	436	-0.0370891	0.0079925	0.99928	0.708383	0.711439	0.0909591	0.0921555	0.0010854	0.00106374	
1.32e-08	438	0.03371	0.0105932	0.999376	0.709745	0.71003	0.0724092	0.0477201	0.00182482	0.00177544	
1.326e-08	440	-0.00802565	0.0173315	0.999818	0.706566	0.708094	0.0509115	0.0678882	0.00102528	0.000982928	
1.332e-08	442	-0.0616237	-0.0303231	0.997639	0.700979	0.705347	0.0645679	0.0594878	0.00210387	0.00227645	
1.338e-08	444	0.0568195	0.0179502	0.998223	0.708503	0.703362	0.0561464	0.0990989	0.00209989	0.00194337	
1.344e-08	446	-0.0246686	0.00496672	0.999683	0.70352	0.701972	0.0531652	0.0922165	0.0020337	0.00211501	
1.35e-08	448	-0.0651963	0.0410043	0.99703	0.69513	0.700705	0.0883461	0.0665974	0.00214634	0.00207865	
1.356e-08	450	0.00954069	-0.0569363	0.998332	0.703036	0.69697	0.0845876	0.0888897	0.00142701	0.00130513	
1.362e-08	452	-0.00719131	0.059736	0.998188	0.695114	0.695862	0.0853796	0.108282	0.00275684	0.00253405	
1.368e-08	454	-0.00665669	-0.0201359	0.999775	0.688495	0.694756	0.0691022	0.111936	0.00237027	0.0017803	
1.374e-08	456	-0.0576001	-0.0131408	0.998253	0.692498	0.692347	0.0911033	0.0680059	0.00250247	0.00233909	
1.38e-08	458	0.0159559	-0.0448436	0.998867	0.690513	0.690444	0.0917502	0.0236439	0.0022245	0.00204636	
1.386e-08	460	-0.0271063	0.0356086	0.998998	0.692441	0.687379	0.065699	0.0947435	0.00254614	0.00253177	
1.392e-08	462	-0.0150508	-0.00375389	0.99988	0.676349	0.684632	0.0955212	0.0466259	0.0022911	0.00222007	
1.398e-08	464	-0.0273466	0.0591048	0.997877	0.684442	0.684616	0.0758325	0.0775045	0.00211487	0.00211422	
1.404e-08	466	0.0223101	0.00723218	0.999725	0.682911	0.682807	0.0905158	0.0812744	0.00236356	0.00216666	
1.41e-08	468	0.0121073	-0.0644914	0.997845	0.675716	0.678478	0.102732	0.0618048	0.00323906	0.00348102	
1.416e-08	470	0.0410106	-0.00281395	0.999155	0.686311	0.676808	0.0619619	0.0639247	0.00299399	0.0028802	
1.422e-08	472	-0.0234378	0.0440716	0.998753	0.666091	0.673435	0.139878	0.0527611	0.00373194	0.00285758	
1.428e-08	474	0.0230661	0.000135208	0.999734	0.675438	0.672872	0.0563092	0.0655345	0.00252463	0.00261894	
1.434e-08	476	0.0645128	0.06915	0.995518	0.669306	0.670558	0.0580662	0.160769	0.00370379	0.00303277	
1.44e-08	478	0.0235479	0.033237	0.99917	0.672534	0.670367	0.0881397	0.0834955	0.00211034	0.00194848	
1.446e-08	480	-0.00985923	-0.0940962	0.995514	0.672679	0.665696	0.0982112	0.0681471	0.00234029	0.00223447	
1.452e-08	482	0.0587794	-0.0371244	0.99758	0.667108	0.66389	0.0951515	0.0892	0.00224376	0.00207673	
1.458e-08	484	-0.0435648	-0.00989615	0.999002	0.657746	0.662005	0.0612743	0.093126	0.00264392	0.00239536	
1.464e-08	486	-0.028995	0.0661497	0.997388	0.659071	0.661833	0.0557727	0.0696156	0.00227622	0.0021758	
1.47e-08	488	-0.055523	-0.0462506	0.997386	0.66651	0.657927	0.0417685	0.0800206	0.00348484	0.00303865	
1.476e-08	490	0.0176755	0.0203387	0.999637	0.658795	0.654685	0.104421	0.042904	0.00382884	0.00373686	
1.482e-08	492	0.0239002	-0.0691336	0.997321	0.659333	0.652665	0.0810532	0.0994878	0.00255117	0.00241009	
1.488e-08	494	0.111056	0.00724825	0.993788	0.644853	0.650412	0.0901152	0.104483	0.00427475	0.00333122	
1.494e-08	496	-0.0153643	-0.00337398	0.999876	0.655399	0.649044	0.0853474	0.0790282	0.0059532	0.00475943	
1.5e-08	498	0.0516199	0.0773618	0.995666	0.65182	0.646472	0.0836136	0.0901441	0.00312438	0.00302483	
1.506e-08	500	0.044515	0.0806976	0.995744	0.630676	0.644956	0.0621204	0.0627548	0.00459372	0.00431577	
1.512e-08	502	0.0385054	0.0044424	0.999249	0.637435	0.640197	0.0620271	0.0936447	0.00438298	0.00434427	
1.518e-08	504	0.0458295	-0.0365687	0.99828	0.639639	0.638128	0.0975898	0.0571406	0.00440213	0.00411348	
1.524e-08	506	-0.0299357	0.00983553	0.999503	0.635301	0.636309	0.0457826	0.100783	0.00303325	0.00288347	
1.53e-08	508	0.0525142	0.105265	0.993057	0.638765	0.634864	0.0971116	0.109387	0.00421201	0.0040799	
1.536e-08	510	0.00688659	0.0782826	0.996907	0.622953	0.631475	0.0988312	0.0976115	0.00415208	0.00390449	
1.542e-08	512	-0.0426245	-0.0650722	0.99697	0.632671	0.627621	0.101822	0.107198	0.00257352	0.00207734	
1.548e-08	514	0.00381766	-0.0282965	0.999592	0.634902	0.627783	0.0582598	0.0817985	0.00244819	0.0023256	
1.554e-08	516	0.0440992	-0.0489937	0.997825	0.610433	0.622532	0.0652248	0.103982	0.00397889	0.00368157	
1.56e-08	518	-0.0957983	-0.0372874	0.994702	0.625388	0.623074	0.0842142	0.0904407	0.00290245	0.00262174	
1.566e-08	520	-0.00709924	0.028417	0.999571	0.608499	0.618139	0.11193	0.139787	0.00394974	0.00250154	
1.572e-08	522	-0.0977348	0.0733261	0.992508	0.620308	0.61574	0.0797592	0.0570215	0.00291181	0.0028019	
1.578e-08	524	-0.0496315	-0.0413601	0.997911	0.612864	0.614076	0.0722965	0.103067	0.00250299	0.00204056	
1.584e-08	526	0.0505474	0.0119218	0.998651	0.611018	0.612568	0.0700937	0.0780444	0.00368736	0.0037924	
1.59e-08	528	-0.0120745	0.0181735	0.999762	0.611958	0.608864	0.0861757	0.0804877	0.00456843	0.00422154	
1.596e-08	530	0.0174303	0.0317078	0.999345	0.611195	0.605785	0.0760036	0.0777316	0.00181354	0.00154621	
1.602e-08	532	-0.00155838	-0.0185454	0.999827	0.600248	0.606575	0.0998864	0.0530998	0.00436892	0.00407626	
1.608e-08	534	-0.00659938	0.0114421	0.999913	0.597282	0.601318	0.0532138	0.0776173	0.00258785	0.0025504	
1.614e-08	536	-0.0294368	0.0165997	0.999429	0.606326	0.600267	0.0982617	0.0759094	0.00500434	0.00425528	
1.62e-08	538	0.0593925	-0.00184658	0.998233	0.600561	0.59585	0.0881576	0.0732108	0.00509473	0.00461719	
1.626e-08	540	-0.0193558	0.0153997	0.999694	0.583167	0.591547	0.0636589	0.0673029	0.00565983	0.00601109	
1.632e-08	542	-0.0262389	0.0120351	0.999583	0.588377	0.594186	0.0987748	0.112857	0.00381487	0.00308755	
1.638e-08	544	-0.0972879	0.0674699	0.992967	0.577855	0.586378	0.0802654	0.0654015	0.00568561	0.0057972	
1.644e-08	546	0.0297747	0.103155	0.99422	0.584206	0.584284	0.0524312	0.0787925	0.00286817	0.00293222	
1.65e-08	548	-0.0436939	-0.0482235	0.99788	0.585508	0.581594	0.0818573	0.0932962	0.00312898	0.00282311	
1.656e-08	550	0.118446	-0.0454201	0.991921	0.561402	0.578276	0.0698573	0.0687809	0.00488342	0.00425272	
1.662e-08	552	-0.0412251	0.0499743	0.997899	0.581076	0.577098	0.075423	0.0847377	0.00444006	0.00427017	
1.668e-08	554	0.0677127	0.00323077	0.9977	0.579982	0.575834	0.0680696	0.0978136	0.00384811	0.00382203	
1.674e-08	556	0.000228841	-0.0535522	0.998565	0.579082	0.571245	0.0755508	0.0715178	0.00600036	0.00572575	
1.68e-08	558	-0.00667379	-0.0390032	0.999217	0.559545	0.565714	0.146578	0.0945669	0.00520897	0.00495214	
1.686e-08	560	-0.0637114	-0.031918	0.997458	0.562628	0.565431	0.120794	0.117375	0.00423445	0.00479606	
1.692e-08	562	0.00598006	0.0142717	0.99988	0.566193	0.560566	0.0603457	0.123598	0.00677457	0.00638915	
1.698e-08	564	0.0887264	0.0148277	0.995946	0.565928	0.558521	0.116333	0.0714997	0.00454088	0.00461002	
1.704e-08	566	-0.0163632	-0.0164511	0.999731	0.564034	0.556665	0.0970497	0.0720086	0.00574198	0.00534615	
1.71e-08	568	-0.0587435	0.165891	0.984393	0.540587	0.550381	0.0828137	0.111227	0.00713063	0.00634834	
1.716e-08	570	-0.0495028	-0.00843039	0.998738	0.558715	0.547105	0.0626677	0.123806	0.00519192	0.00491194	
1.722e-08	572	0.0517164	0.0120375	0.998589	0.551563	0.545157	0.0404961	0.0770981	0.00393219	0.00365338	
1.728e-08	574	-0.0740605	-0.0742035	0.994489	0.544973	0.543069	0.100301	0.1421	0.00478815	0.0047341	
1.734e-08	576	0.0593106	0.0685236	0.995885	0.539494	0.541033	0.0599033	0.0947123	0.00689814	0.00582882	
1.74e-08	578	0.0940704	0.107543	0.98974	0.543215	0.535565	0.116675	0.0732486	0.00687642	0.00591883	
1.746e-08	580	-0.116938	0.0262498	0.992792	0.538446	0.531549	0.0985655	0.0640585	0.00573628	0.0050072	
1.752e-08	582	-0.015062	0.00999168	0.999837	0.531291	0.528866	0.0712672	0.115558	0.00516385	0.00508185	
1.758e-08	584	-0.0476908	0.00627719	0.998842	0.521278	0.527513	0.106298	0.0733934	0.00543803	0.00449604	
1.764e-08	586	-0.00820656	0.0670264	0.997717	0.53903	0.52195	0.0515028	0.0788468	0.00674735	0.00626856	
1.77e-08	588	0.0235093	-0.0945488	0.995243	0.511338	0.51891	0.0713841	0.104683	0.0058	0.00526569	
1.776e-08	590	-0.0692426	-0.00104167	0.997599	0.511753	0.515356	0.0781557	0.0640705	0.008449	0.00834461	
1.782e-08	592	-0.0348405	-0.00588829	0.999376	0.516563	0.512342	0.0826949	0.109276	0.00558213	0.00602001	
1.788e-08	594	0.13281	0.0636931	0.989093	0.501342	0.506422	0.0965915	0.137351	0.0109444	0.00956687	
1.794e-08	596	-0.0594771	0.134687	0.989102	0.520412	0.502758	0.0688449	0.0988728	0.008565	0.00809761	
1.8e-08	598	0.0373586	-0.0782402	0.996234	0.483607	0.500549	0.0660527	0.102352	0.00848736	0.00805957	
1.806e-08	600	-0.117078	-0.10661	0.987384	0.5178	0.498583	0.0920377	0.160664	0.00842712	0.00913037	
1.812e-08	602	-0.0667588	-0.0143794	0.997666	0.489723	0.494826	0.0744474	0.0776533	0.00470973	0.00476933	
1.818e-08	604	-0.119773	0.0394636	0.992017	0.502819	0.491173	0.0962853	0.0859201	0.0102568	0.00961879	
1.824e-08	606	0.0437657	-0.0706574	0.99654	0.497437	0.48394	0.0823076	0.116755	0.00868802	0.00803732	
1.83e-08	608	-0.00940036	0.175545	0.984427	0.494591	0.48068	0.094725	0.142466	0.0082736	0.00660302	
1.836e-08	610	0.0898304	-0.0329164	0.995413	0.478828	0.477985	0.111363	0.100773	0.00710442	0.0060514	
1.842e-08	612	-0.00806504	-0.0522558	0.998601	0.478127	0.473144	0.0867575	0.129884	0.00922243	0.00820902	
1.848e-08	614	-0.02461	0.0945445	0.995216	0.468406	0.470107	0.0667297	0.111466	0.00503556	0.00471795	
1.854e-08	616	-0.0579732	0.0194721	0.998128	0.448587	0.461475	0.108962	0.0721771	0.00866743	0.00792079	
1.86e-08	618	0.0596413	0.0812924	0.994904	0.468132	0.458326	0.0664949	0.0791357	0.00984782	0.00862059	
1.866e-08	620	-0.122259	0.113586	0.985977	0.444817	0.456769	0.101939	0.0774953	0.0113844	0.0108202	
1.872e-08	622	-0.056507	-0.0539976	0.996941	0.462254	0.451635	0.0808422	0.111275	0.0076537	0.00659272	
1.878e-08	624	0.0553634	0.0999141	0.993455	0.435142	0.447389	0.0610516	0.0978634	0.0119093	0.0101329	
1.884e-08	626	-0.0472011	0.186664	0.981289	0.439566	0.441867	0.0939768	0.0954608	0.00639673	0.00635323	
1.89e-08	628	-0.0707413	-0.057268	0.995849	0.450228	0.438314	0.08474	0.119656	0.0138312	0.0127686	
1.896e-08	630	-0.0313268	0.0970547	0.994786	0.45133	0.433767	0.139343	0.0732421	0.0121749	0.00944313	
1.902e-08	632	-0.128372	-0.0483162	0.990548	0.427445	0.428343	0.0863532	0.0579828	0.0171009	0.0152377	
1.908e-08	634	-0.0428423	-0.0703902	0.996599	0.441374	0.422297	0.0947435	0.127358	0.0149487	0.0126921	
1.914e-08	636	0.0803128	0.0762139	0.993852	0.408053	0.414871	0.0905146	0.11183	0.00982933	0.00982212	
1.92e-08	638	-0.00166768	0.110287	0.993898	0.397554	0.408655	0.0627689	0.0830157	0.0162961	0.0135313	
1.926e-08	640	-0.033174	-0.000900573	0.999449	0.390686	0.40845	0.0868385	0.101196	0.0108726	0.0098322	
1.932e-08	642	-0.12962	0.0112319	0.9915	0.408059	0.401658	0.0682476	0.151612	0.0121126	0.01067	
1.938e-08	644	-0.245721	-0.0212984	0.969107	0.403926	0.398838	0.153981	0.083882	0.0139553	0.0124769	
1.944e-08	646	-0.0100122	0.138839	0.990264	0.388736	0.391219	0.112032	0.102542	0.017322	0.0149303	
1.95e-08	648	0.0672505	0.0769135	0.994767	0.412662	0.383866	0.109328	0.0621169	0.0203525	0.0206513	
1.956e-08	650	0.165582	0.120162	0.978848	0.359559	0.380573	0.124969	0.0818647	0.0174465	0.0159917	
1.962e-08	652	0.0127637	-0.138741	0.990246	0.345662	0.375149	0.108473	0.107189	0.01721	0.0163017	
1.968e-08	654	0.0991796	-0.0673432	0.992788	0.371372	0.364236	0.10209	0.0773206	0.0195486	0.0191651	
1.974e-08	656	-0.0669388	-0.0167906	0.997616	0.351508	0.363689	0.0709819	0.111997	0.013019	0.0124212	
1.98e-08	658	-0.170503	-0.0582039	0.983637	0.353684	0.361972	0.105449	0.0589534	0.0154047	0.0118892	
1.986e-08	660	0.124144	-0.164283	0.97857	0.354202	0.347249	0.0654049	0.114193	0.0236702	0.0219092	
1.992e-08	662	0.0991985	0.0148347	0.994957	0.321678	0.343119	0.101072	0.0993955	0.0149165	0.0137168	
1.998e-08	664	0.0658272	0.00111916	0.99783	0.322109	0.341315	0.075231	0.125821	0.0201368	0.0176621	
2.004e-08	666	0.124904	0.171135	0.977298	0.374119	0.33418	0.120926	0.10017	0.0192246	0.0181133	
2.01e-08	668	0.0875683	0.245266	0.965493	0.311009	0.319927	0.103198	0.113041	0.0351849	0.0335573	
2.016e-08	670	-0.00158125	-0.14189	0.989881	0.2854	0.316423	0.129439	0.129823	0.0159241	0.0154771	
2.022e-08	672	-0.0998356	0.0628037	0.99302	0.301863	0.304213	0.0763988	0.0812194	0.0308958	0.02863	
2.028e-08	674	-0.0239798	0.098183	0.994879	0.31233	0.297696	0.189499	0.093492	0.0387393	0.0295243	
2.034e-08	676	-0.162614	0.0875916	0.982794	0.335426	0.29455	0.114494	0.069436	0.0395345	0.0341736	
2.04e-08	678	0.107967	0.245312	0.963413	0.280008	0.281337	0.158514	0.112771	0.035273	0.0318351	
2.046e-08	680	-0.0250715	-0.156349	0.987384	0.277516	0.270997	0.126965	0.107079	0.0577414	0.0496368	
2.052e-08	682	-0.0178473	-0.268817	0.963026	0.24013	0.255417	0.133388	0.119031	0.0513529	0.0431103	
2.058e-08	684	-0.152594	0.120582	0.980905	0.27013	0.25611	0.111987	0.072176	0.02456	0.0228703	
2.064e-08	686	0.173852	-0.210776	0.96195	0.245007	0.251174	0.0773923	0.0719804	0.0370204	0.032904	
2.07e-08	688	-0.0392192	-0.0306587	0.99876	0.272513	0.232826	0.0905777	0.100938	0.0709568	0.0526345	
2.076e-08	690	0.122003	-0.109735	0.986445	0.200553	0.214422	0.128415	0.0685653	0.0753002	0.0680149	
2.082e-08	692	-0.123331	-0.0348279	0.991754	0.182049	0.203647	0.109979	0.0831693	0.0799725	0.0636405	
2.088e-08	694	-0.0956769	-0.0787188	0.992295	0.271272	0.198231	0.0535933	0.0599905	0.103108	0.0911225	
2.094e-08	696	-0.272977	0.221885	0.936083	0.147335	0.180165	0.127958	0.0919705	0.232546	0.131727	
2.1e-08	698	0.0169891	0.548896	-0.835718	0.151086	0.1747	0.0669788	0.0800137	0.0633187	0.0563228	
2.106e-08	700	0.172298	-0.454106	0.874129	0.13583	0.146301	0.181987	0.113998	0.857897	0.087265	
2.112e-08	702	0.351418	0.168697	0.920894	0.190311	0.128978	0.134517	0.109346	0.867202	0.143926	
2.118e-08	704	-0.768219	-0.118585	-0.629108	0.094963	0.119562	0.0878998	0.0922763	0.437893	0.0948886	
2.124e-08	706	0.363406	-0.110326	-0.925075	0.14242	0.115962	0.111933	0.088814	0.664185	0.0742645	
2.13e-08	708	0.69436	-0.214838	-0.68681	0.053686	0.0994209	0.123746	0.120714	0.338026	0.0575201	
2.136e-08	710	0.42376	0.304732	0.852974	0.0861376	0.075538	0.0620966	0.0994187	0.181804	0.0566472	
2.142e-08	712	-0.0879043	-0.279582	0.956089	0.140766	0.0834708	0.0920059	0.0780634	0.344959	0.0854208	
2.148e-08	714	-0.4084	-0.235717	-0.881843	0.0253848	0.0681743	0.0722989	0.0735396	0.17808	0.056797	
2.154e-08	716	-0.663171	-0.53947	-0.518822	0.0574066	0.0631246	0.0703484	0.0589788	0.135774	0.0389899	
2.16e-08	718	-0.46525	0.83837	-0.28404	0.078995	0.0685622	0.0479275	0.0566909	0.181575	0.0671776	
2.166e-08	720	-0.630967	0.713288	0.305125	0.0569902	0.0581722	0.0565369	0.0494563	0.137046	0.0446356	
2.172e-08	722	0.458065	-0.108741	0.882243	0.0776956	0.0522083	0.050169	0.0592964	0.06785	0.0160231	
2.178e-08	724	0.507134	0.687069	-0.520338	0.0935492	0.0566552	0.0482853	0.0907168	0.0992684	0.0518367	
2.184e-08	726	-0.363487	-0.83025	0.422567	0.0467486	0.0564539	0.0621836	0.0595544	0.0889318	0.0364927	
2.19e-08	728	0.799637	-0.0373017	-0.599324	0.0416289	0.043818	0.0608838	0.0279462	0.0545319	0.0286275	
2.196e-08	730	-0.447438	0.241975	0.860957	0.0811691	0.0517763	0.0309732	0.0541909	0.10336	0.0270838	
2.202e-08	732	-0.319341	-0.314133	0.894059	0.0471753	0.0541551	0.0251737	0.0677019	0.0972198	0.0238576	
2.208e-08	734	0.171187	0.593485	0.786429	0.0538759	0.0488017	0.0594829	0.0426415	0.0677008	0.0274648	
2.214e-08	736	-0.549196	-0.806787	0.217894	0.018552	0.0489083	0.0317986	0.0527679	0.0609662	0.0194569	
2.22e-08	738	-0.529792	-0.846727	0.0487261	0.0588106	0.0445672	0.0412373	0.0433381	0.0447948	0.0179695	
2.226e-08	740	-0.807584	-0.582283	-0.0935628	0.0432779	0.0397553	0.0184872	0.0371696	0.0469641	0.0147931	
2.232e-08	742	-0.286662	-0.82704	0.48356	0.0483943	0.042422	0.0333504	0.0249985	0.0661011	0.0182194	
2.238e-08	744	-0.365807	0.80412	-0.468589	0.0397101	0.0431145	0.0261094	0.0438098	0.0530981	0.0131267	
2.244e-08	746	-0.407663	-0.22419	0.885184	0.0177059	0.0408469	0.0385115	0.0230999	0.0479254	0.0165658	
2.25e-08	748	-0.412304	0.900134	-0.140588	0.0489062	0.0377633	0.033344	0.0338005	0.0271687	0.0116376	
2.256e-08	750	-0.83506	0.058324	-0.547058	0.0331049	0.0352058	0.0245298	0.0136134	0.0385362	0.0117515	
2.262e-08	752	-0.638297	-0.76979	-0.000758782	0.0366494	0.0353772	0.019971	0.0358645	0.0254899	0.007742	
2.268e-08	754	0.634123	-0.0076044	-0.773195	0.0631023	0.0381575	0.0252995	0.0331415	0.0340593	0.0147872	
2.274e-08	756	-0.887611	-0.404359	-0.220548	0.0316758	0.0357531	0.0266363	0.0247469	0.0380678	0.0151954	
2.28e-08	758	-0.481943	-0.0283125	0.875745	0.0274798	0.0345804	0.0216309	0.0200681	0.034337	0.00714892	
2.286e-08	760	0.356847	-0.791846	-0.495621	0.0526234	0.0329859	0.0228039	0.0196346	0.0314427	0.0138607	
2.292e-08	762	0.603583	-0.0764494	-0.793626	0.0269436	0.0354027	0.0208136	0.0190084	0.0400552	0.0122676	
2.298e-08	764	-0.272515	0.589067	-0.760746	0.0275243	0.029063	0.0225374	0.0178047	0.0146944	0.00724757	
2.304e-08	766	0.853517	-0.29781	0.427572	0.0314434	0.0310019	0.0164598	0.0197633	0.0234489	0.00649137	
2.31e-08	768	-0.659098	-0.0862046	0.7471	0.054458	0.0320967	0.032868	0.0191569	0.0168776	0.00987306	
2.316e-08	770	-0.791147	0.334533	0.512029	0.0381319	0.0296313	0.0113103	0.0179895	0.0261153	0.00507689	
2.322e-08	772	0.632931	-0.6069	-0.480699	0.0172631	0.0280591	0.0107168	0.0166501	0.0252841	0.00985758	
2.328e-08	774	0.508374	-0.775526	-0.37432	0.0251843	0.0308682	0.0181759	0.0254785	0.019632	0.0119273	
2.334e-08	776	-0.466296	-0.867759	-0.17194	0.040194	0.0291317	0.0184939	0.0146752	0.0218528	0.00668476	
2.34e-08	778	0.865832	-0.484929	-0.1232	0.0262534	0.0270758	0.0161067	0.0162172	0.0146052	0.00733624	
2.346e-08	780	0.497033	-0.753051	-0.431129	0.0152536	0.0257418	0.0156463	0.0167084	0.0154529	0.0107529	
2.352e-08	782	-0.208949	0.751661	0.625577	0.0156061	0.0267576	0.00870984	0.0185635	0.0196095	0.0073445	
2.358e-08	784	-0.165889	0.963766	-0.208894	0.0288301	0.0287281	0.0121421	0.0195136	0.0214744	0.00777907	
2.364e-08	786	-0.528221	-0.708717	0.467657	0.0197703	0.0262578	0.0176806	0.0139036	0.0104788	0.00701516	
2.37e-08	788	-0.569882	-0.587618	0.574404	0.0276837	0.0249723	0.0159216	0.00852957	0.015365	0.00549246	
2.376e-08	790	0.371285	0.879851	-0.296665	0.0082968	0.0273534	0.0113587	0.0202556	0.0191276	0.00958358	
2.382e-08	792	0.226338	0.855369	-0.465956	0.012366	0.0253797	0.0139142	0.0126267	0.0158312	0.00664943	
2.388e-08	794	0.0116746	-0.999912	0.00630424	0.0251467	0.0244839	0.0178697	0.00937557	0.0138525	0.0084396	
2.394e-08	796	-0.590036	-0.705008	0.393474	0.0271538	0.0306749	0.0249355	0.0206181	0.0172154	0.0103517	
2.4e-08	798	-0.400715	-0.45426	0.79566	0.0223121	0.0247664	0.0123632	0.0117601	0.0164176	0.00662847	
2.406e-08	800	0.475874	-0.560745	-0.677576	0.022393	0.0254616	0.00746177	0.0128647	0.0199949	0.00516214	
2.412e-08	802	0.857641	-0.324394	-0.399024	0.023635	0.0293067	0.0183989	0.0127271	0.0197722	0.00667314	
2.418e-08	804	-0.0699462	0.867801	0.491964	0.0184833	0.0247197	0.0103112	0.0135678	0.0144723	0.00563304	
2.424e-08	806	-0.900517	-0.272596	-0.338765	0.0233178	0.0274591	0.0131115	0.0129095	0.019235	0.00464692	
2.43e-08	808	0.594837	0.704002	-0.388009	0.0288834	0.0241708	0.0118588	0.0139173	0.0106739	0.00719372	
2.436e-08	810	-0.806647	-0.193706	0.55839	0.0270864	0.024619	0.0101851	0.0125626	0.0136857	0.00426831	
2.442e-08	812	-0.637798	0.518973	0.569105	0.00921161	0.0220135	0.00856664	0.0125215	0.01048	0.00532546	
2.448e-08	814	-0.897804	0.330275	0.291319	0.0112689	0.0216319	0.0122804	0.0107113	0.00612637	0.00408743	
2.454e-08	816	0.331351	0.710645	0.620637	0.0192796	0.0235165	0.0101444	0.0142716	0.0101911	0.00570464	
2.46e-08	818	0.118136	-0.290895	-0.949434	0.0125422	0.0220695	0.00956309	0.00808756	0.0124049	0.00450063	
2.466e-08	820	0.71741	0.00363233	-0.696642	0.0301758	0.0224737	0.012093	0.00455085	0.017226	0.00697442	
2.472e-08	822	-0.0937962	0.942215	-0.32161	0.0210768	0.0227937	0.00799198	0.00929931	0.0142405	0.00595427	
2.478e-08	824	-0.531637	-0.617083	-0.580147	0.021534	0.0207953	0.00998354	0.00637443	0.0109106	0.00495182	
2.484e-08	826	0.422247	0.000718824	0.906481	0.00505727	0.0195463	0.00744329	0.0075111	0.00878842	0.0040291	
2.49e-08	828	0.659681	0.269583	0.701531	0.00535319	0.0198415	0.0101592	0.00605299	0.00875584	0.00484981	
2.496e-08	830	0.152308	-0.262555	-0.952821	0.0419553	0.0212779	0.00672132	0.00988812	0.0116408	0.00456353	
2.502e-08	832	0.221301	-0.215359	-0.951129	0.012946	0.0174003	0.00750388	0.004381	0.00773565	0.00447918	
2.508e-08	834	-0.0997978	0.8642	0.493152	0.0153286	0.0197503	0.00450172	0.0092194	0.00792231	0.00396776	
2.514e-08	836	0.0109535	-0.986913	-0.16088	0.0283618	0.0218692	0.0110359	0.00739733	0.00935876	0.00284129	
2.52e-08	838	0.170304	-0.920491	0.351701	0.0165244	0.0224391	0.00948397	0.00839272	0.0125768	0.00434442	
2.526e-08	840	0.994002	-0.037344	-0.102784	0.0139811	0.0198795	0.0058654	0.00851167	0.0109584	0.00445364	
2.532e-08	842	0.148991	0.988815	0.00685759	0.0117806	0.0185361	0.00874337	0.00720929	0.00495149	0.00336185	
2.538e-08	844	0.104639	0.622651	-0.775471	0.0275082	0.0226754	0.0105761	0.008617	0.00994149	0.00324634	
2.544e-08	846	0.78999	0.413609	-0.452595	0.0499255	0.0214894	0.00779443	0.00685097	0.00946688	0.0052452	
2.55e-08	848	-0.45788	-0.434567	0.775562	0.0230716	0.0184034	0.00675255	0.00850941	0.00598823	0.00373066	
2.556e-08	850	0.696325	0.692966	-0.186895	0.0150735	0.0216704	0.010161	0.00886068	0.0110192	0.00582694	
2.562e-08	852	-0.333632	0.153033	0.930199	0.0168199	0.0188016	0.00590361	0.00826133	0.00707363	0.0029005	
2.568e-08	854	-0.660732	0.741496	-0.116692	0.0089913	0.0199637	0.00944707	0.00551655	0.00899326	0.00342908	
2.574e-08	856	0.539227	0.80748	-0.239185	0.0183442	0.0199187	0.00637222	0.00673112	0.0100262	0.00323749	
2.58e-08	858	-0.514396	0.466943	-0.719278	0.0159292	0.017428	0.0036277	0.00763535	0.00711148	0.00346619	
2.586e-08	860	0.646236	-0.65489	0.391788	0.0469543	0.0228311	0.01048	0.00808346	0.0129877	0.00538181	
2.592e-08	862	-0.472744	0.311825	-0.824184	0.0386827	0.0224267	0.00988476	0.00789726	0.0123162	0.00451707	
2.598e-08	864	0.340725	0.881362	-0.327274	0.0166706	0.0201485	0.0117438	0.00665743	0.00574396	0.00362105	
2.604e-08	866	-0.867525	0.442167	0.22779	0.026845	0.0187488	0.00739993	0.00616501	0.0064587	0.00245575	
2.61e-08	868	-0.502494	0.844298	-0.186175	0.0105938	0.0210447	0.0108633	0.00597439	0.00937369	0.004098	
2.616e-08	870	0.285135	-0.0794917	0.955185	0.0361524	0.0214359	0.010085	0.00797049	0.00727257	0.00240774	
2.622e-08	872	-0.579413	0.618359	-0.530954	0.0156472	0.0186451	0.00935468	0.00491419	0.00633821	0.00313534	
2.628e-08	874	0.907882	-0.164834	-0.385462	0.0094042	0.0189636	0.00612599	0.00665799	0.00782934	0.00261583	
2.634e-08	876	0.809322	0.0807891	0.581782	0.0304977	0.0181368	0.00552679	0.00393289	0.00992147	0.00327326	
2.64e-08	878	0.094542	-0.928907	-0.358042	0.0122927	0.0181266	0.00787023	0.0045625	0.00660958	0.00269279	
2.646e-08	880	-0.884087	0.207064	0.418944	0.0144112	0.0155613	0.00499394	0.00335507	0.00581423	0.00254678	
2.652e-08	882	-0.158147	0.10165	0.982169	0.0149613	0.0157357	0.00522054	0.0041769	0.00570335	0.00265556	
2.658e-08	884	0.173978	0.972833	0.152737	0.0191512	0.018703	0.00806252	0.00654925	0.0038308	0.00187471	
2.664e-08	886	-0.0221486	-0.410832	0.911442	0.0138875	0.0200003	0.00561063	0.00656632	0.00905728	0.00421345	
2.67e-08	888	-0.0495208	0.928782	0.367303	0.0249916	0.0178008	0.00545591	0.0058512	0.00574126	0.00178457	
2.676e-08	890	-0.69035	-0.471609	-0.548637	0.0233319	0.0188291	0.00597659	0.00596954	0.0103176	0.00459217	
2.682e-08	892	0.905459	0.204472	0.371935	0.00746534	0.0173034	0.00336669	0.00825623	0.0056471	0.00244066	
2.688e-08	894	0.551039	0.757065	0.35101	0.0124292	0.0180306	0.00577368	0.00821628	0.00650071	0.00499748	
2.694e-08	896	-0.679704	0.243231	0.691984	0.00854995	0.0160199	0.00490917	0.00337877	0.00568407	0.00192258	
2.7e-08	898	0.244264	-0.940157	0.237571	0.00584474	0.0160011	0.00384919	0.00351355	0.00727678	0.00255892	
2.706e-08	900	0.137438	0.366142	0.920354	0.0135701	0.0170456	0.00483087	0.00528416	0.00514246	0.00139091	
